Traffic Volume,Service Type,Transverse Index of BS,Longitudinal Index of BS,Distance between BS and User,Elevation between BS and Satellite,Index of Satellite,Velocity of User,Latitude of User,Longitude of User,Course,Turn angle,Overall speed,Accelerated velocity,Sinuosity,Flag,Longitude,Latitude
107.343560779758,2,9,37,44.8057270946707,2.33754412024429,8,0.0619883096181144,790.785789508762,430.4443231497,0,0,0,0,1,1,111.667780850984,38.6210787995359
254.137578966704,3,9,37,44.8057270946707,1.81651143680194,6,0.0619883096181144,790.785789508762,430.4443231497,0,0,0,40.966343229425,1,1,111.667780850984,38.6210787995359
0,3,1,40,161.993772250141,2.29778749553209,8,0.0108356328883149,955.360809609356,690.636463399101,1.00681233902691,0,3200.63750586298,55.5157874300272,61574308632.3104,3,113.917895098044,40.9610429337011
95.6063286940451,2,9,37,44.8057270946707,2.58146203029211,7,0.0619883096181144,790.785789508762,430.4443231497,1.00681233902691,1.00681233902691,22425.0051552979,0,1,1,111.667780850984,38.6210787995359
279.255138296392,3,9,37,44.8057270946707,2.25227297389498,8,0.0619883096181144,790.785789508762,430.4443231497,0,0,0,0,1,1,111.667780850984,38.6210787995359
255.813653421123,3,9,37,44.8057270946707,2.59365873435667,7,0.0619883096181144,790.785789508762,430.4443231497,0,0,0,0,1,1,111.667780850984,38.6210787995359
258.199247422787,3,9,37,44.8057270946707,2.20117162762061,8,0.0619883096181144,790.785789508762,430.4443231497,0,0,0,0,1,1,111.667780850984,38.6210787995359
247.753372900923,3,9,37,44.8057270946707,2.18499134612378,8,0.0619883096181144,790.785789508762,430.4443231497,0,0,0,0,1,1,111.667780850984,38.6210787995359
300.172695863514,3,9,37,44.8057270946707,1.96562415433384,6,0.0619883096181144,790.785789508762,430.4443231497,0,0,0,0,1,1,111.667780850984,38.6210787995359
21.9178484621975,1,9,37,44.8057270946707,2.63143644540286,7,0.0619883096181144,790.785789508762,430.4443231497,0,0,0,0,1,1,111.667780850984,38.6210787995359
252.510145663465,3,9,37,44.8057270946707,2.11056348315493,8,0.0619883096181144,790.785789508762,430.4443231497,0,0,0,0,1,1,111.667780850984,38.6210787995359
10.8730791176155,2,9,37,44.8057270946707,2.05964000142557,6,0.0619883096181144,790.785789508762,430.4443231497,0,0,0,0,1,1,111.667780850984,38.6210787995359
259.797984889186,3,9,37,44.8057270946707,2.14805408532571,6,0.0619883096181144,790.785789508762,430.4443231497,0,0,0,0,1,1,111.667780850984,38.6210787995359
261.246266253317,3,9,37,44.8057270946707,1.95819101492064,8,0.0619883096181144,790.785789508762,430.4443231497,0,0,0,0,1,1,111.667780850984,38.6210787995359
38.638688704599,2,9,37,44.8057270946707,2.59739128066661,7,0.0619883096181144,790.785789508762,430.4443231497,0,0,0,0,1,1,111.667780850984,38.6210787995359
458.72239813058,2,9,37,44.8057270946707,2.25824436381024,6,0.0619883096181144,790.785789508762,430.4443231497,0,0,0,0,1,1,111.667780850984,38.6210787995359
8.6147101025603,2,9,37,44.8057270946707,2.56405315310515,7,0.0619883096181144,790.785789508762,430.4443231497,0,0,0,0,1,1,111.667780850984,38.6210787995359
252.845088271745,3,9,37,44.8057270946707,2.31473678467759,6,0.0619883096181144,790.785789508762,430.4443231497,0,0,0,0,1,1,111.667780850984,38.6210787995359
263.105324098129,3,9,37,44.8057270946707,2.36784223686067,6,0.0619883096181144,790.785789508762,430.4443231497,0,0,0,0,1,1,111.667780850984,38.6210787995359
12.5107000515168,2,9,37,44.8057270946707,1.70205374319346,8,0.0619883096181144,790.785789508762,430.4443231497,0,0,0,0,1,1,111.667780850984,38.6210787995359
96.4040422367071,2,9,37,44.8057270946707,2.41115366803169,7,0.0619883096181144,790.785789508762,430.4443231497,0,0,0,0,1,1,111.667780850984,38.6210787995359
217.824895693485,2,9,37,44.8057270946707,1.62864157370377,8,0.0619883096181144,790.785789508762,430.4443231497,0,0,0,0,1,1,111.667780850984,38.6210787995359
261.433287352082,3,9,37,44.8057270946707,2.36643169882307,7,0.0619883096181144,790.785789508762,430.4443231497,0,0,0,33.0416209266014,1,1,111.667780850984,38.6210787995359
18.0043368794343,1,1,40,161.993772250141,2.35055219374525,7,0.0108356328883149,955.360809609356,690.636463399101,1.00681233902691,0,4759.73639972594,22.0609861650992,61574308632.3104,3,113.917895098044,40.9610429337011
251.987894744222,3,9,37,44.8057270946707,2.50531234519147,8,0.0619883096181144,790.785789508762,430.4443231497,1.00681233902691,1.00681233902691,9896.78967791608,0,1,1,111.667780850984,38.6210787995359
262.50375896509,3,9,37,44.8057270946707,2.57587460678264,6,0.0619883096181144,790.785789508762,430.4443231497,0,0,0,0,1,1,111.667780850984,38.6210787995359
254.814745485433,3,9,37,44.8057270946707,2.26921291299982,7,0.0619883096181144,790.785789508762,430.4443231497,0,0,0,0,1,1,111.667780850984,38.6210787995359
248.989059548923,3,9,37,44.8057270946707,2.42469176900338,8,0.0619883096181144,790.785789508762,430.4443231497,0,0,0,0,1,1,111.667780850984,38.6210787995359
264.37032040564,3,9,37,44.8057270946707,2.6162616409473,6,0.0619883096181144,790.785789508762,430.4443231497,0,0,0,0,1,1,111.667780850984,38.6210787995359
278.389519162181,3,9,37,44.8057270946707,1.98517521503337,5,0.0619883096181144,790.785789508762,430.4443231497,0,0,0,0,1,1,111.667780850984,38.6210787995359
275.084861270788,3,9,37,44.8057270946707,1.9940438784024,5,0.0619883096181144,790.785789508762,430.4443231497,0,0,0,72.5735454359673,1,1,111.667780850984,38.6210787995359
0,3,1,40,161.993772250141,2.59173022758403,6,0.0108356328883149,955.360809609356,690.636463399101,1.00681233902691,0,4439.71058520414,0,61574308632.3104,3,113.917895098044,40.9610429337011
97.8999415874807,2,9,37,44.8057270946707,2.07563437039753,5,0.0619883096181144,790.785789508762,430.4443231497,1.00681233902691,1.00681233902691,3550.88434071887,0,1,1,111.667780850984,38.6210787995359
268.697574798094,3,9,37,44.8057270946707,2.08472301487606,5,0.0619883096181144,790.785789508762,430.4443231497,0,0,0,0,1,1,111.667780850984,38.6210787995359
232.673920818317,3,9,37,44.8057270946707,2.25420366069522,8,0.0619883096181144,790.785789508762,430.4443231497,0,0,0,0,1,1,111.667780850984,38.6210787995359
6.51928947670128,2,9,37,44.8057270946707,2.63919243420741,6,0.0619883096181144,790.785789508762,430.4443231497,0,0,0,0,1,1,111.667780850984,38.6210787995359
14.8518118496974,2,9,37,44.8057270946707,2.13001650628792,5,0.0619883096181144,790.785789508762,430.4443231497,0,0,0,0,1,1,111.667780850984,38.6210787995359
10.9435968305998,2,9,37,44.8057270946707,2.16568407455509,5,0.0619883096181144,790.785789508762,430.4443231497,0,0,0,0,1,1,111.667780850984,38.6210787995359
4.33584707836714,2,9,37,44.8057270946707,2.62522899975943,6,0.0619883096181144,790.785789508762,430.4443231497,0,0,0,0,1,1,111.667780850984,38.6210787995359
216.962933258927,2,9,37,44.8057270946707,2.57503607066924,6,0.0619883096181144,790.785789508762,430.4443231497,0,0,0,0,1,1,111.667780850984,38.6210787995359
262.144394075772,3,9,37,44.8057270946707,2.53899988166794,6,0.0619883096181144,790.785789508762,430.4443231497,0,0,0,0,1,1,111.667780850984,38.6210787995359
457.875021847646,2,9,37,44.8057270946707,2.35414874198159,5,0.0619883096181144,790.785789508762,430.4443231497,0,0,0,26.6642505402577,1,1,111.667780850984,38.6210787995359
20.7373998251386,1,1,40,161.993772250141,1.77981778006184,7,0.0108356328883149,955.360809609356,690.636463399101,1.00681233902691,0,3704.83617093753,52.6929668969902,61574308632.3104,3,113.917895098044,40.9610429337011
19.1742420460028,1,9,37,44.8057270946707,1.73794407362589,7,0.0619883096181144,790.785789508762,430.4443231497,1.00681233902691,1.00681233902691,19468.4466038475,0,1,1,111.667780850984,38.6210787995359
267.85836612854,3,9,37,44.8057270946707,2.44691279091145,5,0.0619883096181144,790.785789508762,430.4443231497,0,0,0,0,1,1,111.667780850984,38.6210787995359
221.699453401109,2,9,37,44.8057270946707,2.42812763938894,6,0.0619883096181144,790.785789508762,430.4443231497,0,0,0,0,1,1,111.667780850984,38.6210787995359
253.786196046343,3,9,37,44.8057270946707,2.47818053575719,7,0.0619883096181144,790.785789508762,430.4443231497,0,0,0,14.1063407662209,1,1,111.667780850984,38.6210787995359
19.9588267821174,1,1,40,161.993772250141,1.81958853133008,4,0.0108356328883149,955.360809609356,690.636463399101,1.00681233902691,0,14808.2777100031,0,61574308632.3104,3,113.917895098044,40.9610429337011
89.3577304731095,2,9,37,44.8057270946707,2.43176022849732,7,0.0619883096181144,790.785789508762,430.4443231497,1.00681233902691,1.00681233902691,3659.92450872764,0,1,1,111.667780850984,38.6210787995359
12.1568987719639,2,9,37,44.8057270946707,2.21362757893965,6,0.0619883096181144,790.785789508762,430.4443231497,0,0,0,9.98675360275485,1,1,111.667780850984,38.6210787995359
20.0855844600745,1,1,40,161.993772250141,1.99701098065458,4,0.0108356328883149,955.360809609356,690.636463399101,1.00681233902691,0,1349.93506516855,6.60614693521386,61574308632.3104,3,113.917895098044,40.9610429337011
9.73217783641261,2,9,37,44.8057270946707,2.07113010210571,6,0.0619883096181144,790.785789508762,430.4443231497,1.00681233902691,1.00681233902691,6773.78168830393,0,1,1,111.667780850984,38.6210787995359
18.6769022706512,1,9,37,44.8057270946707,2.2159583405877,7,0.0619883096181144,790.785789508762,430.4443231497,0,0,0,71.9801224980939,1,1,111.667780850984,38.6210787995359
20.8140732829957,1,1,40,161.993772250141,2.08938585655359,4,0.0108356328883149,955.360809609356,690.636463399101,1.00681233902691,0,32758.6100710967,0,61574308632.3104,3,113.917895098044,40.9610429337011
288.689855279812,3,9,37,44.8057270946707,2.15249024734511,7,0.0619883096181144,790.785789508762,430.4443231497,1.00681233902691,1.00681233902691,2726.5837760816,0,1,1,111.667780850984,38.6210787995359
43.0347619878901,2,9,37,44.8057270946707,2.23782463651674,4,0.0619883096181144,790.785789508762,430.4443231497,0,0,0,0,1,1,111.667780850984,38.6210787995359
218.686248682101,2,9,37,44.8057270946707,2.25902469983193,4,0.0619883096181144,790.785789508762,430.4443231497,0,0,0,0,1,1,111.667780850984,38.6210787995359
262.039694858972,3,9,37,44.8057270946707,2.08416865948626,7,0.0619883096181144,790.785789508762,430.4443231497,0,0,0,0,1,1,111.667780850984,38.6210787995359
19.4197513670987,1,9,37,44.8057270946707,1.87040159366445,6,0.0619883096181144,790.785789508762,430.4443231497,0,0,0,0,1,1,111.667780850984,38.6210787995359
11.4398080838186,2,9,37,44.8057270946707,2.55189662265687,5,0.0619883096181144,790.785789508762,430.4443231497,0,0,0,0,1,1,111.667780850984,38.6210787995359
15.0048738802154,2,9,37,44.8057270946707,2.35840130935721,4,0.0619883096181144,790.785789508762,430.4443231497,0,0,0,0,1,1,111.667780850984,38.6210787995359
220.456443068638,2,9,37,44.8057270946707,2.43786793547453,4,0.0619883096181144,790.785789508762,430.4443231497,0,0,0,0,1,1,111.667780850984,38.6210787995359
258.038938661139,3,9,37,44.8057270946707,1.8542353644008,7,0.0619883096181144,790.785789508762,430.4443231497,0,0,0,0,1,1,111.667780850984,38.6210787995359
10.3887926367871,2,9,37,44.8057270946707,2.50057797829091,4,0.0619883096181144,790.785789508762,430.4443231497,0,0,0,0,1,1,111.667780850984,38.6210787995359
222.291767412889,2,9,37,44.8057270946707,2.53723870892851,4,0.0619883096181144,790.785789508762,430.4443231497,0,0,0,0,1,1,111.667780850984,38.6210787995359
40.3528617286165,2,9,37,44.8057270946707,2.55897231588078,4,0.0619883096181144,790.785789508762,430.4443231497,0,0,0,26.2965456815685,1,1,111.667780850984,38.6210787995359
447.746525262684,2,1,40,161.993772250141,2.29946997691838,5,0.0108356328883149,955.360809609356,690.636463399101,1.00681233902691,0,5801.98529287838,0,61574308632.3104,3,113.917895098044,40.9610429337011
93.8175780668322,2,9,37,44.8057270946707,2.59493247952254,4,0.0619883096181144,790.785789508762,430.4443231497,1.00681233902691,1.00681233902691,4772.38336952782,0,1,1,111.667780850984,38.6210787995359
11.6976856753389,2,9,37,44.8057270946707,2.62237883618608,4,0.0619883096181144,790.785789508762,430.4443231497,0,0,0,0,1,1,111.667780850984,38.6210787995359
19.6204858706938,2,9,37,44.8057270946707,1.96680228234369,3,0.0619883096181144,790.785789508762,430.4443231497,0,0,0,0,1,1,111.667780850984,38.6210787995359
219.423361052537,2,9,37,44.8057270946707,2.63607312867877,4,0.0619883096181144,790.785789508762,430.4443231497,0,0,0,16.4242446476119,1,1,111.667780850984,38.6210787995359
19.1272137273662,1,1,40,161.993772250141,2.59453839580453,4,0.0108356328883149,955.360809609356,690.636463399101,1.00681233902691,0,4786.85040028159,0,61574308632.3104,3,113.917895098044,40.9610429337011
265.579634039205,3,9,37,44.8057270946707,2.25742187996285,6,0.0619883096181144,790.785789508762,430.4443231497,1.00681233902691,1.00681233902691,2904.07675906253,0,1,1,111.667780850984,38.6210787995359
14.0389057112851,2,9,37,44.8057270946707,2.13299162092028,3,0.0619883096181144,790.785789508762,430.4443231497,0,0,0,0,1,1,111.667780850984,38.6210787995359
267.455540073415,3,9,37,44.8057270946707,2.63155951423055,4,0.0619883096181144,790.785789508762,430.4443231497,0,0,0,0,1,1,111.667780850984,38.6210787995359
6.56672255032696,2,9,37,44.8057270946707,2.18452449848873,3,0.0619883096181144,790.785789508762,430.4443231497,0,0,0,0,1,1,111.667780850984,38.6210787995359
10.9589360085253,2,9,37,44.8057270946707,2.61114501767508,4,0.0619883096181144,790.785789508762,430.4443231497,0,0,0,0,1,1,111.667780850984,38.6210787995359
12.0676446565811,2,9,37,44.8057270946707,2.11869071828261,6,0.0619883096181144,790.785789508762,430.4443231497,0,0,0,0,1,1,111.667780850984,38.6210787995359
77.3879577866897,2,9,37,44.8057270946707,2.58833915163211,4,0.0619883096181144,790.785789508762,430.4443231497,0,0,0,0,1,1,111.667780850984,38.6210787995359
243.339026941201,3,9,37,44.8057270946707,2.26541467463818,3,0.0619883096181144,790.785789508762,430.4443231497,0,0,0,0,1,1,111.667780850984,38.6210787995359
253.741420454329,3,9,37,44.8057270946707,2.56294489381972,4,0.0619883096181144,790.785789508762,430.4443231497,0,0,0,6.7778925327511,1,1,111.667780850984,38.6210787995359
19.3073075461614,1,1,40,161.993772250141,2.49590968715495,4,0.0108356328883149,955.360809609356,690.636463399101,1.00681233902691,0,1719.11205805404,42.4208605078597,28.7239489858961,3,113.917895098044,40.9610429337011
258.160881443696,3,9,37,310.871069249666,1.74600549862204,5,0.0619883096181144,805.369687249464,414.429018496779,1.07331397502355,1.90545728388954,29068.4826893585,0,1.04921996518114,1,111.819101912496,38.4770497045385
460.202891842666,2,10,38,406.280773603837,1.88772363504288,6,0.0619883096181144,822.191890063297,395.955719534676,-0.832143308865988,0,223.157914625212,0,1,1,111.992848822623,38.3109153356463
260.727002709014,3,10,38,102.083687866578,2.4743647318273,3,0.0619883096181144,833.790873317785,383.2182981822,-0.832143308865983,0,223.157914625212,0,1,1,112.112149793696,38.1963649533866
272.715716955326,3,11,38,219.220418062124,2.5099355868133,3,0.0619883096181144,845.714612607108,370.124246049104,-0.832143308865987,0,223.157914625212,0,1,1,112.234367075495,38.0786073134634
98.3461256215337,2,11,38,172.588455305656,2.51719244232993,3,0.0619883096181144,848.61073098225,366.943874181893,-0.83214330886598,0,223.157914625214,0,1,1,112.263987159083,38.050005542113
7.37131144312124,2,11,39,690.821995929812,1.85456207294966,2,0.0619883096181144,868.425401152865,345.184397735902,-0.832143308865988,0,223.157914625212,0,1,1,112.46596171671,37.8543178690994
264.545025978431,3,12,39,328.423420650896,2.23229884631298,4,0.0619883096181144,878.690384730506,333.911907886064,-0.832143308865984,0,223.157914625212,0,1,1,112.570127855775,37.7529419323548
14.0182274726761,2,12,39,150.599294379195,2.57858888126411,3,0.0619883096181144,882.67133869217,329.540224016713,-0.83214330886599,0,223.157914625212,0,1,1,112.61043972284,37.7136264347753
268.663493913775,3,12,39,16.2219511769468,2.59322447350554,3,0.0619883096181144,893.096585746191,318.091740859421,-0.832143308865992,0,223.157914625211,0,1,1,112.715780662392,37.6106677521918
457.154354624954,2,12,39,189.465472093457,2.60097294793912,3,0.0619883096181144,899.958907817736,310.555883123974,-0.832143308865982,0,223.157914625213,0,1,1,112.7849410385,37.5428961553856
272.266325960719,3,12,39,342.651109064219,2.60407113158527,3,0.0619883096181144,903.184017264987,307.014229770728,-0.83214330886599,0,223.157914625212,0,1,1,112.817395406481,37.5110453015731
21.2432747597729,1,13,40,291.552656275615,2.24694002497338,5,0.0619883096181144,931.598968155969,275.810356615011,-0.832143308865985,0,223.157914625212,0,1,1,113.101976906425,37.2304221284003
10.317428114855,2,14,40,96.8729904966614,2.59697387107261,3,0.0619883096181144,942.317200288413,264.040131947106,-0.832143308865987,0,223.157914625213,0,1,1,113.208688175155,37.1245699548966
323.085903030309,3,14,40,148.220892569625,2.58671733791497,3,0.0619883096181144,954.885341550829,250.238429904395,-0.832143308865988,0,223.157914625211,0,1,1,113.3333748548,37.000448266442
42.1765839602976,2,15,40,840.350245727287,2.20707028187429,2,0.0619883096181144,967.667865711418,236.201303321027,-0.832143308865987,0,223.157914625212,0,1,1,113.45969858543,36.8742093542276
0.398363447063177,2,15,40,860.408990883833,2.56703462130327,3,0.0619883096181144,968.887996488289,234.861416930198,-0.832143308866006,0,223.157914625205,0,1,1,113.471730744516,36.8621594664201
206.453372262816,3,15,41,160.596869133245,2.24662937976716,2,0.0619883096181144,981.721234137823,220.768599338163,-0.832143308865988,0,223.157914625212,0,1,1,113.598011420791,36.7354197129322
271.998055511989,3,15,41,178.8107130219,2.50903671272879,3,0.0619883096181144,994.273555149769,206.98427030063,-0.832143308865985,0,223.157914625213,0,1,1,113.721046190796,36.6114542636668
7.40006813826849,2,16,41,225.050216710984,2.33563828063199,2,0.0619883096181144,1008.60207774263,191.249405819892,-0.832143308865986,0,223.157914625212,0,1,1,113.860908660912,36.4699472277295
267.789062808255,3,16,41,316.359025774429,1.9571712943454,5,0.0619883096181144,1012.15103162919,187.352122754492,-0.83214330886598,0,223.157914625213,0,1,1,113.895454533829,36.4348981190785
220.814753002593,2,16,41,471.104025202041,2.45528682209188,3,0.0619883096181144,1015.85873543312,183.280508496181,-0.832143308865987,0,223.157914625211,0,1,1,113.931505025356,36.3982812123439
260.944523179169,3,17,42,8.37130944668981,1.63620004745895,4,0.0619883096181144,1046.32853293106,149.820105912553,-0.832143308865989,0,223.157914625212,0,1,1,114.226192774417,36.0973645824819
101.794775040171,2,17,42,295.874889725473,2.32995951587502,3,0.0619883096181144,1056.09402655316,139.096130866601,-0.83214330886599,0,223.157914625211,0,1,1,114.320045544876,36.0009215578803
216.495785073282,2,18,42,470.243797484332,2.2659396414324,3,0.028039864880161,1061.49436813641,133.165746738613,-0.832143308865976,0.539126015125792,62.1210406174102,12.0131084209355,1.02993773704129,1,114.371822557057,35.9475883321034
20.2540735286341,1,3,40,330.550780025991,2.30935495790072,3,0.0108356328883149,961.573608418388,627.290567298432,-1.37126932399177,0.00558685815140714,5646.00734852236,169.672164497911,163.569497005508,3,113.908304786913,40.391359603605
458.081893830899,2,17,42,364.085700499948,2.40613260204424,4,0.028039864880161,1057.68121162328,137.966332646124,-1.37685618214318,0,60185.5086076295,0,1.02445570678708,1,114.336164872005,35.9907610383803
261.029370684226,3,17,42,161.169568109358,2.37988913729205,4,0.028039864880161,1053.70686661943,142.96984733305,-0.899534140926358,0,100.943513568581,0,1,1,114.298946243904,36.0357587270151
11.8165467669158,2,17,42,43.2703347670829,1.9357021922888,1,0.028039864880161,1049.89498143733,147.768832694189,-0.899534140926362,0,100.943513568581,0,1,1,114.26319757413,36.0789170392327
465.126938003862,2,17,42,13.4237811383332,2.34096573538724,4,0.028039864880161,1048.0706020667,150.065641090696,-0.899534140926433,0,100.943513568576,0,1,1,114.246070337753,36.0995727333891
37.1880102889264,2,17,42,10.342151392221,2.33896949906198,4,0.028039864880161,1047.78824658222,150.42111345461,-0.899534140926017,0,100.943513568605,0,1,1,114.243418559411,36.1027695731608
257.250034800522,3,17,42,54.8981789019222,2.09570617299002,3,0.028039864880161,1041.22303977609,158.686402111084,-0.899534140926382,0,100.943513568579,0,1,1,114.181682660805,36.1771010998401
12.5333386349614,2,17,42,260.282685782709,2.05253543782545,3,0.028039864880161,1035.7898791306,165.526497538102,-0.899534140926364,0,100.943513568581,0,1,1,114.130478989033,36.2386155558807
19.9660193409885,1,16,42,423.886989651974,2.1025849879501,1,0.028039864880161,1028.32222258786,174.927928252437,-0.899534140926384,0,100.943513568579,0,1,1,114.059934697351,36.3231646535602
254.115045137939,3,16,42,435.247717569065,2.1131144702389,1,0.028039864880161,1026.99117962148,176.603649163628,-0.899534140926373,0,100.943513568581,0,1,1,114.047340513915,36.3382347737694
7.48158310309986,2,16,42,634.003292181022,2.1662027069127,1,0.028039864880161,1020.23817574554,185.105365557519,-0.899534140926368,0,100.94351356858,0,1,1,113.983349726473,36.4146925461736
241.927688885975,3,16,41,627.17437621091,2.13455580181058,4,0.028039864880161,1019.4284645247,186.12475415657,-0.899534140926354,0,100.943513568581,0,1,1,113.97566637263,36.4238601280932
264.699682857538,3,16,41,415.861244869288,2.54508830158625,2,0.028039864880161,1013.4839221595,193.608655278037,-0.89953414092638,0,100.943513568579,0,1,1,113.919189003266,36.4911644678441
265.2060258259,3,16,41,403.537548605924,2.08167618726492,4,0.028039864880161,1012.81614542309,194.449354992074,-0.899534140926369,0,100.943513568579,0,1,1,113.91283699892,36.4987250620133
19.2985739018251,1,16,41,376.472787598684,2.05562425949354,4,0.028039864880161,1009.5725864333,198.532844228064,-0.899534140926371,0.558680116743291,100.94351356858,47.6736696812154,1.00193960252577,1,113.881961737149,36.5354487629879
21.3077397468567,1,4,40,458.619184844226,1.8928170057841,3,0.0108356328883149,964.692329944082,595.491982505003,-1.45821425766966,0.0117702765102363,8967.43218802236,2.70698668777389,90.9157355572064,3,113.90308217782,40.1053880601813
109.06338121115,2,15,41,320.595089689719,2.29154915251739,1,0.028039864880161,1004.15693619212,205.350894874102,-1.4699845341799,0,9401.56682656126,0,1.01038717725253,1,113.830329192692,36.5967649655503
21.0915871800391,1,15,41,246.931822757284,1.98011002559255,4,0.0784146049077477,1002.78721518856,207.075309627142,-0.899534140926363,0,30.0942427607813,0,1,1,113.817254234103,36.612273
261.668053538719,3,15,41,246.931822757284,1.89972765749775,4,0.0784146049077477,1002.78721518856,207.075309627142,0,0,0,0,1,1,113.817254234103,36.612273
209.949371463081,2,15,41,246.931822757284,2.42277120186245,1,0.0784146049077477,1002.78721518856,207.075309627142,0,0,0,0,1,1,113.817254234103,36.612273
221.856123567087,2,15,41,246.931822757284,2.39118380968473,2,0.0784146049077477,1002.78721518856,207.075309627142,0,0,0,0,1,1,113.817254234103,36.612273
12.6884313778605,2,15,41,246.931822757284,1.84246310951243,4,0.0784146049077477,1002.78721518856,207.075309627142,0,0,0,0,1,1,113.817254234103,36.612273
9.18713179294211,1,15,41,246.931822757284,1.80964600096303,4,0.0784146049077477,1002.78721518856,207.075309627142,0,0,0,0,1,1,113.817254234103,36.612273
230.932708346988,3,15,41,246.931822757284,1.79452676287439,4,0.0784146049077477,1002.78721518856,207.075309627142,0,0,0,0,1,1,113.817254234103,36.612273
204.104721184556,3,15,41,246.931822757284,1.76987852760591,4,0.0784146049077477,1002.78721518856,207.075309627142,0,0,0,0,1,1,113.817254234103,36.612273
258.33982000056,3,15,41,246.931822757284,1.57090871527159,3,0.0784146049077477,1002.78721518856,207.075309627142,0,0,0,0,1,1,113.817254234103,36.612273
272.866423653824,3,15,41,246.931822757284,2.29947528895921,2,0.0784146049077477,1002.78721518856,207.075309627142,0,0,0,0,1,1,113.817254234103,36.612273
94.9872457163027,2,15,41,246.931822757284,2.51748855868942,1,0.0784146049077477,1002.78721518856,207.075309627142,0,0,0,0,1,1,113.817254234103,36.612273
255.444660959392,3,15,41,246.931822757284,2.43288030935736,3,0.0784146049077477,1002.78721518856,207.075309627142,0,0,0,0,1,1,113.817254234103,36.612273
235.246184910491,3,15,41,246.931822757284,2.53616373119497,1,0.0784146049077477,1002.78721518856,207.075309627142,0,0,0,0,1,1,113.817254234103,36.612273
255.79428131567,3,15,41,246.931822757284,2.53986041279164,1,0.0784146049077477,1002.78721518856,207.075309627142,0,0,0,0,1,1,113.817254234103,36.612273
21.4533963593571,1,15,41,246.931822757284,2.55896143473118,1,0.0784146049077477,1002.78721518856,207.075309627142,0,0,0,0,1,1,113.817254234103,36.612273
10.6843790885431,2,15,41,246.931822757284,1.64773548445269,4,0.0784146049077477,1002.78721518856,207.075309627142,0,0,0,0,1,1,113.817254234103,36.612273
257.056530911423,3,15,41,246.931822757284,1.60552966332731,4,0.0784146049077477,1002.78721518856,207.075309627142,0,0,0,0,1,1,113.817254234103,36.612273
272.490900871861,3,15,41,246.931822757284,2.32138267731384,3,0.0784146049077477,1002.78721518856,207.075309627142,0,1.47303162976215,0,49.6904344205604,1,1,113.817254234103,36.612273
20.8928873791629,1,5,40,624.122751953377,2.58887383486023,1,0.0108356328883149,968.348764205404,558.210861397403,-1.47303162976215,0,6205.29918550828,0,70564065252.2585,3,113.896611444302,39.7701108831319
224.531326206795,2,15,41,246.931822757284,2.25139662334556,3,0.0784146049077477,1002.78721518856,207.075309627142,-1.47303162976215,0,3870.50709096955,0,1,1,113.817254234103,36.612273
199.593275811491,3,15,41,246.931822757284,2.58749044586853,1,0.0784146049077477,1002.78721518856,207.075309627142,0,1.10802342884752,0,0.584258235217359,1,1,113.817254234103,36.612273
22.9114449927452,1,15,41,21.9955871593463,1.92283809784825,2,0.0784146049077477,993.837750017835,225.013449553244,-1.10802342884752,0,97.1468582334702,0.249228242149712,1,1,113.740791164927,36.7735945680554
222.323142415667,2,15,41,177.699426059957,2.55617007558953,1,0.0784146049077477,989.899123768954,232.907958042997,-1.10802342884753,0,282.292577667892,0,1,1,113.707000006273,36.8445915885848
220,2,14,41,241.714843242637,2.53760797820931,1,0.0784146049077477,978.859529331082,255.035513821606,-1.10802342884752,0,282.292577667892,0,1,1,113.611830406757,37.0435894785636
94.6594883359965,2,14,41,420.840739915423,1.85421180564056,2,0.0784146049077477,975.387870810795,261.994040965357,-1.10802342884752,0.444383465777026,282.292577667892,111.939876500252,1.00259607072059,1,113.581763111956,37.106169016621
20.5548852907901,1,6,41,743.125809880229,2.54483149371098,1,0.0108356328883149,970.307254386775,538.24203263654,-1.55240689462455,0,11383.5062919006,0,13.3053588335445,3,113.892991203127,39.5905268916365
304.190472960926,3,13,40,288.814230259355,2.50117123947184,1,0.0784146049077477,958.006958685652,296.832014832661,1.51988846423716,2.62791189308469,2126.98747917016,0,1.05932563170872,1,113.430230797863,37.419474442674
247.528548154565,3,13,40,363.189588086278,2.49175897365257,1,0.0784146049077477,954.670063026832,303.520425827601,-1.10802342884753,0,282.29257766789,0,1,1,113.400947947821,37.4796247678442
8.21539018141392,2,12,40,197.571836533797,2.48548840725427,1,0.0784146049077477,951.239565883969,310.396449879413,-1.10802342884752,0,282.292577667896,0,1,1,113.370779650156,37.5414623377703
461.449086644226,2,12,40,140.328677686457,2.45871812019018,1,0.078967255692317,950.243052159754,312.393843274688,-1.10802342884753,0,31.8372556281456,0,1,1,113.362003990311,37.5594253281292
96.0849075591295,2,12,40,140.328677686457,1.8703516318758,3,0.078967255692317,950.243052159754,312.393843274688,0,0,0,0,1,1,113.362003990311,37.5594253281292
238.592307139423,3,12,40,140.328677686457,1.65288037771425,2,0.078967255692317,950.243052159754,312.393843274688,0,0,0,0,1,1,113.362003990311,37.5594253281292
214.987021386994,3,12,40,140.328677686457,1.83497639147103,3,0.078967255692317,950.243052159754,312.393843274688,0,0,0,0,1,1,113.362003990311,37.5594253281292
262.401842762289,3,12,40,140.328677686457,1.80632282050984,3,0.078967255692317,950.243052159754,312.393843274688,0,0,0,0,1,1,113.362003990311,37.5594253281292
461.258357968044,2,12,40,140.328677686457,2.32667695466849,1,0.078967255692317,950.243052159754,312.393843274688,0,0,0,0,1,1,113.362003990311,37.5594253281292
38.7410754175635,2,12,40,140.328677686457,1.76681455473099,3,0.078967255692317,950.243052159754,312.393843274688,0,0,0,67.7751295899341,1,1,113.362003990311,37.5594253281292
0,3,6,41,586.070305044504,1.58633119576952,8,0.0108356328883149,972.594511264425,514.921088086308,1.46087842332117,0,9823.52204471574,0,40751379174.253,3,113.8886269525,39.380796598592
220.977960956187,2,12,40,140.328677686457,1.73064381428971,3,0.078967255692317,950.243052159754,312.393843274688,1.46087842332117,1.46087842332117,3927.58213181701,0,1,1,113.362003990311,37.5594253281292
238.98927269685,3,12,40,140.328677686457,2.25267976885083,1,0.078967255692317,950.243052159754,312.393843274688,0,0,0,0,1,1,113.362003990311,37.5594253281292
110.256844665949,2,12,40,140.328677686457,2.23223722428015,1,0.078967255692317,950.243052159754,312.393843274688,0,0,0,0,1,1,113.362003990311,37.5594253281292
5.64672135503705,2,12,40,140.328677686457,2.39702257942437,2,0.078967255692317,950.243052159754,312.393843274688,0,0,0,0,1,1,113.362003990311,37.5594253281292
99.0995769423431,2,12,40,140.328677686457,1.72818016060077,8,0.078967255692317,950.243052159754,312.393843274688,0,0,0,1.06381242572549,1,1,113.362003990311,37.5594253281292
258.736844160065,3,12,41,361.10126180958,2.28822067531324,2,0.078967255692317,975.542595696525,319.612564444724,0.27794442811841,0,143.8897261776,0.213285992717254,1,1,113.660890290003,37.6243448472823
252.363003546926,3,12,41,90.8616067906938,1.83396147269092,8,0.078967255692317,984.857410848284,322.270361540282,0.277944428118414,1.78920755646526,284.28212049234,15.4980520343221,1.04188982584429,1,113.771061223445,37.6482469908042
18.6670490597827,1,7,41,401.66837438957,2.05758866356057,1,0.0108356328883149,974.583442273219,494.641883671817,-1.51126312834684,0,2185.36108360716,2.88170039903615,11.2897179466384,3,113.88471256658,39.198421331784
236.155953289288,3,12,41,454.609529626591,2.20651864421537,2,0.0278664410839253,1013.93719518877,330.567699179345,-1.3353899553945,0,3005.07764160684,0,1,1,114.115440738764,37.7228667409083
215.902456418807,2,12,41,454.609529626591,2.20239273916937,2,0.0278664410839253,1013.93719518877,330.567699179345,0,0,0,0,1,1,114.115440738764,37.7228667409083
77.6028206650516,2,12,41,454.609529626591,1.99384569477791,1,0.0278664410839253,1013.93719518877,330.567699179345,0,0,0,0,1,1,114.115440738764,37.7228667409083
267.135146244126,3,12,41,454.609529626591,1.9193127552486,8,0.0278664410839253,1013.93719518877,330.567699179345,0,0,0,0,1,1,114.115440738764,37.7228667409083
279.426049137823,3,12,41,454.609529626591,2.12214938581392,2,0.0278664410839253,1013.93719518877,330.567699179345,0,0,0,0,1,1,114.115440738764,37.7228667409083
12.1544823085941,2,12,41,454.609529626591,2.03579188134175,8,0.0278664410839253,1013.93719518877,330.567699179345,0,0,0,0,1,1,114.115440738764,37.7228667409083
245.802160836439,3,12,41,454.609529626591,1.83652088973001,1,0.0278664410839253,1013.93719518877,330.567699179345,0,0,0,0,1,1,114.115440738764,37.7228667409083
219.087438652236,2,12,41,454.609529626591,1.8147214115716,1,0.0278664410839253,1013.93719518877,330.567699179345,0,0,0,0,1,1,114.115440738764,37.7228667409083
246.735277879687,3,12,41,454.609529626591,1.95962395614036,2,0.0278664410839253,1013.93719518877,330.567699179345,0,0,0,0,1,1,114.115440738764,37.7228667409083
0,2,12,41,454.609529626591,2.15517412685119,8,0.0278664410839253,1013.93719518877,330.567699179345,0,0,0,0,1,1,114.115440738764,37.7228667409083
261.87580154137,3,12,41,454.609529626591,1.73628632912614,1,0.0278664410839253,1013.93719518877,330.567699179345,0,0,0,0,1,1,114.115440738764,37.7228667409083
257.816509102618,3,12,41,454.609529626591,1.72279849076616,1,0.0278664410839253,1013.93719518877,330.567699179345,0,0,0,0,1,1,114.115440738764,37.7228667409083
276.947044258216,3,12,41,454.609529626591,2.22130447475493,8,0.0278664410839253,1013.93719518877,330.567699179345,0,0,0,0,1,1,114.115440738764,37.7228667409083
13.6553258292115,2,12,41,454.609529626591,1.8691509720733,2,0.0278664410839253,1013.93719518877,330.567699179345,0,0,0,0,1,1,114.115440738764,37.7228667409083
23.7394087418473,1,12,41,454.609529626591,1.83618656898467,2,0.0278664410839253,1013.93719518877,330.567699179345,0,0,0,0,1,1,114.115440738764,37.7228667409083
269.917559940074,3,12,41,454.609529626591,1.82782032049764,2,0.0278664410839253,1013.93719518877,330.567699179345,0,0,0,0,1,1,114.115440738764,37.7228667409083
227.555299122524,2,12,41,454.609529626591,1.78164173955601,2,0.0278664410839253,1013.93719518877,330.567699179345,0,0,0,0,1,1,114.115440738764,37.7228667409083
265.14284716325,3,12,41,454.609529626591,2.27866127883459,8,0.0278664410839253,1013.93719518877,330.567699179345,0,0,0,0,1,1,114.115440738764,37.7228667409083
246.040697766604,3,12,41,454.609529626591,2.52184095117545,7,0.0278664410839253,1013.93719518877,330.567699179345,0,0,0,0,1,1,114.115440738764,37.7228667409083
263.754630345153,3,12,41,454.609529626591,2.22958987127907,8,0.0278664410839253,1013.93719518877,330.567699179345,0,0,0,0,1,1,114.115440738764,37.7228667409083
12.0794716604126,2,12,41,454.609529626591,2.54654108003979,7,0.0278664410839253,1013.93719518877,330.567699179345,0,0,0,0,1,1,114.115440738764,37.7228667409083
265.115334243961,3,12,41,454.609529626591,1.92475338814643,6,0.0278664410839253,1013.93719518877,330.567699179345,0,1.2816922732751,0,10.0829409081276,1,1,114.115440738764,37.7228667409083
462.828292659685,2,8,41,338.104251033869,2.18249125730991,8,0.0108356328883149,979.231507995164,447.250056358275,-1.2816922732751,0,2802.10903656446,0,24346874296.6418,3,113.875131829108,38.7722163893137
49.9313362238852,2,12,41,454.609529626591,2.58452137286327,7,0.0278664410839253,1013.93719518877,330.567699179345,-1.2816922732751,0,1096.23154180649,0,1,1,114.115440738764,37.7228667409083
270.574682967068,3,12,41,454.609529626591,2.10015567808146,8,0.0278664410839253,1013.93719518877,330.567699179345,0,0,0,0,1,1,114.115440738764,37.7228667409083
213.422954748593,3,12,41,454.609529626591,2.06169839442813,6,0.0278664410839253,1013.93719518877,330.567699179345,0,0,0,0,1,1,114.115440738764,37.7228667409083
217.103653231879,2,12,41,454.609529626591,2.0761955075075,6,0.0278664410839253,1013.93719518877,330.567699179345,0,0,0,0,1,1,114.115440738764,37.7228667409083
220.258388536593,2,12,41,454.609529626591,1.96441209479037,8,0.0278664410839253,1013.93719518877,330.567699179345,0,0,0,0,1,1,114.115440738764,37.7228667409083
9.42602017310136,2,12,41,454.609529626591,2.55831123558007,7,0.0278664410839253,1013.93719518877,330.567699179345,0,0,0,0,1,1,114.115440738764,37.7228667409083
251.743586336349,3,12,41,454.609529626591,1.88899059061616,8,0.0278664410839253,1013.93719518877,330.567699179345,0,0,0,0,1,1,114.115440738764,37.7228667409083
253.895425071355,3,12,41,454.609529626591,2.53101944027167,7,0.0278664410839253,1013.93719518877,330.567699179345,0,0,0,0,1,1,114.115440738764,37.7228667409083
255.770253563776,3,12,41,454.609529626591,2.26888281765354,6,0.0278664410839253,1013.93719518877,330.567699179345,0,0,0,0,1,1,114.115440738764,37.7228667409083
100.087894508371,2,12,41,454.609529626591,2.51420694831842,7,0.0278664410839253,1013.93719518877,330.567699179345,0,0,0,0,1,1,114.115440738764,37.7228667409083
258.677627127275,3,12,41,454.609529626591,2.35786024240498,6,0.0278664410839253,1013.93719518877,330.567699179345,0,0,0,0,1,1,114.115440738764,37.7228667409083
16.1785442494497,1,12,41,454.609529626591,2.44918891602177,7,0.0278664410839253,1013.93719518877,330.567699179345,0,0,0,0,1,1,114.115440738764,37.7228667409083
281.256636995172,3,12,41,454.609529626591,1.64442238788849,5,0.0278664410839253,1013.93719518877,330.567699179345,0,0,0,0,1,1,114.115440738764,37.7228667409083
256.236311593028,3,12,41,454.609529626591,1.71598835742797,8,0.0278664410839253,1013.93719518877,330.567699179345,0,0,0,0,1,1,114.115440738764,37.7228667409083
244.034660843928,3,12,41,454.609529626591,1.6953912064503,8,0.0278664410839253,1013.93719518877,330.567699179345,0,0,0,0,1,1,114.115440738764,37.7228667409083
10.6713828237876,2,12,41,454.609529626591,2.41696318630235,6,0.0278664410839253,1013.93719518877,330.567699179345,0,0,0,0,1,1,114.115440738764,37.7228667409083
461.541655621619,2,12,41,454.609529626591,2.34583693785864,7,0.0278664410839253,1013.93719518877,330.567699179345,0,0,0,0,1,1,114.115440738764,37.7228667409083
96.1006876700389,2,12,41,454.609529626591,2.31994007337218,7,0.0278664410839253,1013.93719518877,330.567699179345,0,0,0,0,1,1,114.115440738764,37.7228667409083
40.9743816461436,2,12,41,454.609529626591,2.50988831922173,6,0.0278664410839253,1013.93719518877,330.567699179345,0,0,0,0,1,1,114.115440738764,37.7228667409083
221.479307677935,2,12,41,454.609529626591,2.22313974843207,7,0.0278664410839253,1013.93719518877,330.567699179345,0,0,0,0,1,1,114.115440738764,37.7228667409083
269.335743527999,3,12,41,454.609529626591,1.92353812083056,5,0.0278664410839253,1013.93719518877,330.567699179345,0,0,0,0,1,1,114.115440738764,37.7228667409083
244.256795424632,3,12,41,454.609529626591,2.16636863906158,7,0.0278664410839253,1013.93719518877,330.567699179345,0,0,0,0,1,1,114.115440738764,37.7228667409083
217.774866597446,2,12,41,454.609529626591,2.57469633317699,6,0.0278664410839253,1013.93719518877,330.567699179345,0,0,0,0,1,1,114.115440738764,37.7228667409083
260.608848532271,3,12,41,454.609529626591,2.09586103481788,7,0.0278664410839253,1013.93719518877,330.567699179345,0,0,0,0,1,1,114.115440738764,37.7228667409083
268.92454451973,3,12,41,454.609529626591,2.04362199873546,5,0.0278664410839253,1013.93719518877,330.567699179345,0,0,0,0,1,1,114.115440738764,37.7228667409083
248.233753686766,3,12,41,454.609529626591,2.2538127890155,8,0.0278664410839253,1013.93719518877,330.567699179345,0,0,0,0,1,1,114.115440738764,37.7228667409083
99.7404987563181,2,12,41,454.609529626591,2.10254824958138,5,0.0278664410839253,1013.93719518877,330.567699179345,0,0,0,0,1,1,114.115440738764,37.7228667409083
257.691786854326,3,12,41,454.609529626591,1.98690478421391,7,0.0278664410839253,1013.93719518877,330.567699179345,0,0,0,0,1,1,114.115440738764,37.7228667409083
91.2501286634266,2,12,41,454.609529626591,2.17662825420072,8,0.0278664410839253,1013.93719518877,330.567699179345,0,0,0,0,1,1,114.115440738764,37.7228667409083
249.896188608797,3,12,41,454.609529626591,2.57091194573089,6,0.0278664410839253,1013.93719518877,330.567699179345,0,0,0,0,1,1,114.115440738764,37.7228667409083
6.25643372775958,2,12,41,454.609529626591,1.92277620583232,7,0.0278664410839253,1013.93719518877,330.567699179345,0,0,0,0,1,1,114.115440738764,37.7228667409083
253.655100066455,3,12,41,454.609529626591,2.55257031988727,6,0.0278664410839253,1013.93719518877,330.567699179345,0,0,0,0,1,1,114.115440738764,37.7228667409083
457.362667610116,2,12,41,454.609529626591,2.22175311123778,5,0.0278664410839253,1013.93719518877,330.567699179345,0,0,0,0,1,1,114.115440738764,37.7228667409083
216.339243441946,2,12,41,454.609529626591,2.23881457997831,5,0.0278664410839253,1013.93719518877,330.567699179345,0,0,0,0,1,1,114.115440738764,37.7228667409083
86.3534112674685,2,12,41,454.609529626591,2.53134237823456,6,0.0278664410839253,1013.93719518877,330.567699179345,0,0,0,0,1,1,114.115440738764,37.7228667409083
8.8400904231242,2,12,41,454.609529626591,1.82693359450101,7,0.0278664410839253,1013.93719518877,330.567699179345,0,0,0,0.305309839824241,1,1,114.115440738764,37.7228667409083
98.914699722319,2,12,41,296.462989666763,2.48689590573789,6,0.0278664410839253,1011.15975529116,325.950016096062,1.02928995746673,0,64.5465778249715,0.119026649852117,1,1,114.077196061843,37.6813389192475
13.9085002452024,2,12,41,245.5930404084,1.7736036087037,7,0.0278664410839253,1009.94616523968,323.932339941995,1.02928995746672,0,100.319187902132,0,1,1,114.060496303797,37.6631935216565
220.241857792449,2,12,41,171.690288462277,2.45929044104344,6,0.0278664410839253,1007.21650843222,319.394099502004,1.02928995746674,0,100.319187902131,0,1,1,114.022959151208,37.6223801448511
9.1779893027114,2,12,41,245.247774594051,1.7130626906655,4,0.0728810612948111,1000.03313301984,307.451248406959,1.02928995746673,1.02928995746673,74.8214881273935,0,1,1,113.924339192925,37.5149755045907
240.389296650603,3,12,41,245.247774594051,1.62856561844101,7,0.0728810612948111,1000.03313301984,307.451248406959,0,1.2986014415995,0,4.67193270003156,1,1,113.924339192925,37.5149755045907
0,3,11,41,115.244121306783,2.34388676156843,6,0.0108356328883149,989.101466593693,346.615641641444,-1.2986014415995,0,943.790174371798,2.07281414388679,8132283881.61167,3,113.852776553559,37.8671893547754
41.6828590483764,2,12,41,245.247774594051,2.32462382700719,6,0.0728810612948111,1000.03313301984,307.451248406959,-1.2986014415995,0,1265.28200928764,0,1,1,113.924339192925,37.5149755045907
282.293830420614,3,12,41,245.247774594051,2.48852919873289,5,0.0728810612948111,1000.03313301984,307.451248406959,0,0.537325624532321,0,2.59137153623408,1,1,113.924339192925,37.5149755045907
261.506266838701,3,12,41,135.980003368101,2.30067341660939,6,0.0728810612948111,995.055999077808,310.416625366837,-0.537325624532321,0,179.492976254048,0.713252382568579,1,1,113.871542121799,37.5416437802878
95.2688766216255,2,12,41,158.295299598318,2.27436554831159,6,0.0728810612948111,982.517230700973,317.887224969526,-0.537325624532328,0,262.371820661321,0,1,1,113.738351673926,37.6088284966064
257.679801748136,3,12,40,277.708656198703,2.56780127231877,5,0.0728810612948111,949.476154635475,337.573101788446,-0.537325624532326,0,262.37182066132,0,1,1,113.386144685949,37.7858678401535
220.626190618709,2,12,40,286.125089741548,2.57955566831818,5,0.0725334724130607,948.395133596948,338.217174244225,-0.537325624532331,0,21.8703698220991,0,1,1,113.374591107369,37.7916601229061
36.2320879955823,2,12,40,286.125089741548,2.58554236467872,5,0.0725334724130607,948.395133596948,338.217174244225,0,0,0,0,1,1,113.374591107369,37.7916601229061
250.161576710853,3,12,40,286.125089741548,2.1513054627637,6,0.0725334724130607,948.395133596948,338.217174244225,0,0,0,0,1,1,113.374591107369,37.7916601229061
99.6273691889468,2,12,40,286.125089741548,2.59433095016201,5,0.0725334724130607,948.395133596948,338.217174244225,0,0,0,0,1,1,113.374591107369,37.7916601229061
219.512473079056,2,12,40,286.125089741548,2.01644176094721,4,0.0725334724130607,948.395133596948,338.217174244225,0,0,0,0,1,1,113.374591107369,37.7916601229061
265.66260202546,3,12,40,286.125089741548,2.60080114298513,5,0.0725334724130607,948.395133596948,338.217174244225,0,0,0,0,1,1,113.374591107369,37.7916601229061
7.37352523676529,2,12,40,286.125089741548,2.27424112043552,7,0.0725334724130607,948.395133596948,338.217174244225,0,0,0,0,1,1,113.374591107369,37.7916601229061
34.9876255353254,2,12,40,286.125089741548,2.60211336490705,5,0.0725334724130607,948.395133596948,338.217174244225,0,0,0,0,1,1,113.374591107369,37.7916601229061
39.0519219150844,2,12,40,286.125089741548,2.22079779632044,7,0.0725334724130607,948.395133596948,338.217174244225,0,0,0,0,1,1,113.374591107369,37.7916601229061
13.6197317081562,2,12,40,286.125089741548,2.11608274898561,4,0.0725334724130607,948.395133596948,338.217174244225,0,0,0,0,1,1,113.374591107369,37.7916601229061
18.0946287252738,2,12,40,286.125089741548,2.1730696778895,4,0.0725334724130607,948.395133596948,338.217174244225,0,0,0,0,1,1,113.374591107369,37.7916601229061
256.948556201892,3,12,40,286.125089741548,2.22312046239297,4,0.0725334724130607,948.395133596948,338.217174244225,0,0,0,0,1,1,113.374591107369,37.7916601229061
100,2,12,40,286.125089741548,2.5435370143446,5,0.0725334724130607,948.395133596948,338.217174244225,0,0,0,0,1,1,113.374591107369,37.7916601229061
230.740949976926,3,12,40,286.125089741548,2.51827915376759,5,0.0725334724130607,948.395133596948,338.217174244225,0,0,0,0,1,1,113.374591107369,37.7916601229061
257.904729547242,3,12,40,286.125089741548,2.51196321512076,5,0.0725334724130607,948.395133596948,338.217174244225,0,0,0,0,1,1,113.374591107369,37.7916601229061
258.284670064489,3,12,40,286.125089741548,1.97820783841341,7,0.0725334724130607,948.395133596948,338.217174244225,0,0,0,0,1,1,113.374591107369,37.7916601229061
250.66137499442,3,12,40,286.125089741548,1.92306934359236,7,0.0725334724130607,948.395133596948,338.217174244225,0,0,0,0,1,1,113.374591107369,37.7916601229061
323.576800433419,3,12,40,286.125089741548,2.40676990770741,4,0.0725334724130607,948.395133596948,338.217174244225,0,0,0,0,1,1,113.374591107369,37.7916601229061
241.124933868402,3,12,40,286.125089741548,1.72407326124259,3,0.0725334724130607,948.395133596948,338.217174244225,0,0,0,0,1,1,113.374591107369,37.7916601229061
182.1424361622,3,12,40,286.125089741548,2.34918058010848,5,0.0725334724130607,948.395133596948,338.217174244225,0,0,0,0,1,1,113.374591107369,37.7916601229061
259.848343000744,3,12,40,286.125089741548,1.80531880187984,7,0.0725334724130607,948.395133596948,338.217174244225,0,0,0,0,1,1,113.374591107369,37.7916601229061
278.770226547329,3,12,40,286.125089741548,2.50033430689613,4,0.0725334724130607,948.395133596948,338.217174244225,0,0,0,0,1,1,113.374591107369,37.7916601229061
224.698106260323,2,12,40,286.125089741548,2.31497180820498,5,0.0725334724130607,948.395133596948,338.217174244225,0,0,0,0,1,1,113.374591107369,37.7916601229061
242.184447796095,3,12,40,286.125089741548,2.53173796097219,4,0.0725334724130607,948.395133596948,338.217174244225,0,0,0,0,1,1,113.374591107369,37.7916601229061
102.554577714691,2,12,40,286.125089741548,2.25239130820197,5,0.0725334724130607,948.395133596948,338.217174244225,0,0,0,0,1,1,113.374591107369,37.7916601229061
9.22971264837004,2,12,40,286.125089741548,2.23175961703514,5,0.0725334724130607,948.395133596948,338.217174244225,0,0,0,0,1,1,113.374591107369,37.7916601229061
268.309154443845,3,12,40,286.125089741548,2.40232205728662,6,0.0725334724130607,948.395133596948,338.217174244225,0,0,0,0,1,1,113.374591107369,37.7916601229061
262.549420141593,3,12,40,286.125089741548,2.3663620538929,6,0.0725334724130607,948.395133596948,338.217174244225,0,0,0,0,1,1,113.374591107369,37.7916601229061
14.6393425965669,2,12,40,286.125089741548,1.59918849396924,7,0.0725334724130607,948.395133596948,338.217174244225,0,0,0,0,1,1,113.374591107369,37.7916601229061
221.738142344723,2,12,40,286.125089741548,1.99081944984367,3,0.0725334724130607,948.395133596948,338.217174244225,0,0,0,0,1,1,113.374591107369,37.7916601229061
269.254425613635,3,12,40,286.125089741548,2.32269663778418,6,0.0725334724130607,948.395133596948,338.217174244225,0,0,0,0,1,1,113.374591107369,37.7916601229061
260.00439768438,3,12,40,286.125089741548,2.27695631322613,6,0.0725334724130607,948.395133596948,338.217174244225,0,0,0,0,1,1,113.374591107369,37.7916601229061
292.098656330607,3,12,40,286.125089741548,2.60174219497618,4,0.0725334724130607,948.395133596948,338.217174244225,0,0,0,0,1,1,113.374591107369,37.7916601229061
243.119331257112,3,12,40,286.125089741548,2.1365590711016,3,0.0725334724130607,948.395133596948,338.217174244225,0,0,0,0.339570290704559,1,1,113.374591107369,37.7916601229061
253.668807539682,3,11,40,134.772966192908,2.58365836337204,4,0.0725334724130607,952.278471101289,348.48802718756,1.20931675486279,0,147.710301142068,0.423779019240465,1,1,113.432581307882,37.8840281225377
20.0316811793177,1,10,40,535.827562222283,2.23768948336277,3,0.0725334724130607,965.940390808496,384.621782772673,1.20931675486279,0,261.120500687017,0,1,1,113.637468522058,38.2089867935445
40.7333630813016,2,10,41,634.651802517981,2.26895466681288,3,0.0342439131370366,972.88262838317,402.982973667739,1.20931675486279,1.20931675486279,251.153852918691,0,1,1,113.742101690285,38.3741129503678
254.282690251874,3,10,41,634.651802517981,1.8073066873559,5,0.0342439131370366,972.88262838317,402.982973667739,0,0,0,0,1,1,113.742101690285,38.3741129503678
228.753173107766,3,10,41,634.651802517981,1.64183774069475,2,0.0342439131370366,972.88262838317,402.982973667739,0,0,0,0,1,1,113.742101690285,38.3741129503678
98.9699782856283,2,10,41,634.651802517981,2.37995642955736,3,0.0342439131370366,972.88262838317,402.982973667739,0,0,0,0,1,1,113.742101690285,38.3741129503678
260.815025716792,3,10,41,634.651802517981,2.40418690845963,3,0.0342439131370366,972.88262838317,402.982973667739,0,0,0,0,1,1,113.742101690285,38.3741129503678
271.644344780514,3,10,41,634.651802517981,2.32026555002515,4,0.0342439131370366,972.88262838317,402.982973667739,0,0,0,0,1,1,113.742101690285,38.3741129503678
223.368000486596,2,10,41,634.651802517981,2.51449676474748,3,0.0342439131370366,972.88262838317,402.982973667739,0,0,0,0,1,1,113.742101690285,38.3741129503678
249.510201415644,3,10,41,634.651802517981,2.54118454928185,3,0.0342439131370366,972.88262838317,402.982973667739,0,0,0,0,1,1,113.742101690285,38.3741129503678
11.8424703650671,2,10,41,634.651802517981,2.20755602773921,4,0.0342439131370366,972.88262838317,402.982973667739,0,0,0,0,1,1,113.742101690285,38.3741129503678
97.5187913364387,2,10,41,634.651802517981,2.1739202908001,4,0.0342439131370366,972.88262838317,402.982973667739,0,0,0,0,1,1,113.742101690285,38.3741129503678
258.298663572462,3,10,41,634.651802517981,2.15524603917592,4,0.0342439131370366,972.88262838317,402.982973667739,0,0,0,0,1,1,113.742101690285,38.3741129503678
265.514683196889,3,10,41,634.651802517981,2.58309469686993,3,0.0342439131370366,972.88262838317,402.982973667739,0,0,0,0,1,1,113.742101690285,38.3741129503678
116.525325783904,2,10,41,634.651802517981,2.10860839757058,4,0.0342439131370366,972.88262838317,402.982973667739,0,0,0,0,1,1,113.742101690285,38.3741129503678
252.114645684239,3,10,41,634.651802517981,2.3008449850187,5,0.0342439131370366,972.88262838317,402.982973667739,0,0,0,0,1,1,113.742101690285,38.3741129503678
253.461684731483,3,10,41,634.651802517981,2.58844093639054,3,0.0342439131370366,972.88262838317,402.982973667739,0,0,0,0,1,1,113.742101690285,38.3741129503678
10.1549134056366,2,10,41,634.651802517981,2.07501035726668,2,0.0342439131370366,972.88262838317,402.982973667739,0,0,0,0,1,1,113.742101690285,38.3741129503678
455.856111673149,2,10,41,634.651802517981,2.11081101657261,2,0.0342439131370366,972.88262838317,402.982973667739,0,0,0,0,1,1,113.742101690285,38.3741129503678
232.418842630274,2,10,41,634.651802517981,2.56809356077308,3,0.0342439131370366,972.88262838317,402.982973667739,0,0,0,0,1,1,113.742101690285,38.3741129503678
254.452417420955,3,10,41,634.651802517981,2.12596928154612,5,0.0342439131370366,972.88262838317,402.982973667739,0,0,0,0,1,1,113.742101690285,38.3741129503678
39.424574172184,2,10,41,634.651802517981,2.54801266293312,3,0.0342439131370366,972.88262838317,402.982973667739,0,0,0,0,1,1,113.742101690285,38.3741129503678
268.946264672074,3,10,41,634.651802517981,2.07790254858294,5,0.0342439131370366,972.88262838317,402.982973667739,0,0,0,0,1,1,113.742101690285,38.3741129503678
97.3269572568044,2,10,41,634.651802517981,2.45352261773642,3,0.0342439131370366,972.88262838317,402.982973667739,0,0,0,0,1,1,113.742101690285,38.3741129503678
216.629797264526,2,10,41,634.651802517981,1.89950563099637,5,0.0342439131370366,972.88262838317,402.982973667739,0,0,0,0,1,1,113.742101690285,38.3741129503678
253.16086323523,3,10,41,634.651802517981,2.40530320570712,2,0.0342439131370366,972.88262838317,402.982973667739,0,0,0,0,1,1,113.742101690285,38.3741129503678
4.98461394942924,2,10,41,634.651802517981,2.4008866262314,3,0.0342439131370366,972.88262838317,402.982973667739,0,0,0,0,1,1,113.742101690285,38.3741129503678
232.234956137332,3,10,41,634.651802517981,2.38753350221093,3,0.0342439131370366,972.88262838317,402.982973667739,0,0,0,0,1,1,113.742101690285,38.3741129503678
11.1887084473697,2,10,41,634.651802517981,1.65216244627143,4,0.0342439131370366,972.88262838317,402.982973667739,0,0,0,0,1,1,113.742101690285,38.3741129503678
250.21614473531,3,10,41,634.651802517981,2.33179603494783,3,0.0342439131370366,972.88262838317,402.982973667739,0,0,0,0,1,1,113.742101690285,38.3741129503678
92.4098584877773,2,10,41,634.651802517981,2.27872831797492,3,0.0342439131370366,972.88262838317,402.982973667739,0,0,0,0,1,1,113.742101690285,38.3741129503678
253.961630741689,3,10,41,634.651802517981,1.70623011471663,5,0.0342439131370366,972.88262838317,402.982973667739,0,0,0,0,1,1,113.742101690285,38.3741129503678
251.112625899661,3,10,41,634.651802517981,2.23310643287701,3,0.0342439131370366,972.88262838317,402.982973667739,0,0,0,0,1,1,113.742101690285,38.3741129503678
46.8585050775787,2,10,41,634.651802517981,2.13685399404246,3,0.0342439131370366,972.88262838317,402.982973667739,0,0,0,0,1,1,113.742101690285,38.3741129503678
270.121729438639,3,10,41,634.651802517981,2.08203573311532,3,0.0342439131370366,972.88262838317,402.982973667739,0,0,0,0,1,1,113.742101690285,38.3741129503678
219.527187639612,2,10,41,634.651802517981,2.25867251627051,4,0.0342439131370366,972.88262838317,402.982973667739,0,0,0,0,1,1,113.742101690285,38.3741129503678
98.5938028172016,2,10,41,634.651802517981,2.58854723147345,2,0.0342439131370366,972.88262838317,402.982973667739,0,0,0,0,1,1,113.742101690285,38.3741129503678
92.9522795747889,2,10,41,634.651802517981,2.58763979254438,2,0.0342439131370366,972.88262838317,402.982973667739,0,0,0,0,1,1,113.742101690285,38.3741129503678
223.466126606351,3,10,41,634.651802517981,2.58150478026661,2,0.0342439131370366,972.88262838317,402.982973667739,0,1.419319287162,0,21.1660948971469,1,1,113.742101690285,38.3741129503678
0,3,15,41,246.931822757284,2.14922844766891,4,0.0376675035277941,1002.78721518856,207.075309627142,-1.419319287162,0,6416.60549779434,0,39635386785.9741,3,113.817254234103,36.612273
99.7076674270041,2,10,41,634.651802517981,2.15298320155319,4,0.0342439131370366,972.88262838317,402.982973667739,-1.419319287162,0,4650.93579230707,0,1,1,113.742101690285,38.3741129503678
252.65864483288,3,10,41,634.651802517981,2.56121372401709,2,0.0342439131370366,972.88262838317,402.982973667739,0,0,0,0,1,1,113.742101690285,38.3741129503678
459.588152088289,2,10,41,634.651802517981,2.11028363126579,4,0.0342439131370366,972.88262838317,402.982973667739,0,0,0,0,1,1,113.742101690285,38.3741129503678
255.67428233798,3,10,41,634.651802517981,2.53761777638111,2,0.0342439131370366,972.88262838317,402.982973667739,0,0,0,0,1,1,113.742101690285,38.3741129503678
101.577308518094,2,10,41,634.651802517981,2.05741356527202,4,0.0342439131370366,972.88262838317,402.982973667739,0,0,0,0,1,1,113.742101690285,38.3741129503678
100.565183951318,2,10,41,634.651802517981,2.27632438221873,1,0.0342439131370366,972.88262838317,402.982973667739,0,0,0,0,1,1,113.742101690285,38.3741129503678
291.551349450626,3,10,41,634.651802517981,2.47715893521983,2,0.0342439131370366,972.88262838317,402.982973667739,0,0,0,0,1,1,113.742101690285,38.3741129503678
247.623534833173,3,10,41,634.651802517981,2.41260889933114,1,0.0342439131370366,972.88262838317,402.982973667739,0,0,0,0,1,1,113.742101690285,38.3741129503678
10.1890527081295,2,10,41,634.651802517981,2.4349362256112,1,0.0342439131370366,972.88262838317,402.982973667739,0,0,0,0,1,1,113.742101690285,38.3741129503678
257.528390328286,3,10,41,634.651802517981,2.47200146656227,1,0.0342439131370366,972.88262838317,402.982973667739,0,0,0,0,1,1,113.742101690285,38.3741129503678
21.1604792560756,1,10,41,634.651802517981,2.50360237359184,1,0.0342439131370366,972.88262838317,402.982973667739,0,0,0,0,1,1,113.742101690285,38.3741129503678
251.432478167802,3,10,41,634.651802517981,2.24444714905331,2,0.0342439131370366,972.88262838317,402.982973667739,0,0,0,0,1,1,113.742101690285,38.3741129503678
260.671361851815,3,10,41,634.651802517981,2.41792309808324,3,0.0342439131370366,972.88262838317,402.982973667739,0,0,0,0,1,1,113.742101690285,38.3741129503678
12.2654624610142,2,10,41,634.651802517981,2.54578444150262,1,0.0342439131370366,972.88262838317,402.982973667739,0,1.29389346607666,0,1.42046578649835,1,1,113.742101690285,38.3741129503678
241.743865082564,3,10,41,356.403796134302,2.56680167056302,1,0.0342439131370366,975.752453033067,392.885212920033,-1.29389346607666,0.155679408128399,105.889176481852,15.1291000102367,1.0006448832408,1,113.761701782326,38.2833016062497
21.0994250116888,1,15,41,9.25921021900342,2.57912567241717,1,0.0376675035277941,996.966741367075,218.74175805219,-1.44957287420506,0.00863698501510202,5505.42134247834,0,36.8917229746385,3,113.767575107216,36.7171918913298
268.500459386403,3,10,41,293.923285370874,1.60080411855107,4,0.0342439131370366,978.284671737761,383.975351949336,-1.45820985922016,0,3842.85432674967,0,1.12591260181072,1,113.778929870577,38.2031733014829
11.1550955962603,2,10,41,417.390746214307,2.29545777489332,3,0.0342439131370366,980.997670071839,374.429400043382,-1.29389346607668,0,123.278087293332,0,1,1,113.797318983278,38.117324493502
253.95145298849,3,11,41,312.764864954728,2.58837455356642,1,0.0342439131370366,982.52026638515,369.071994918402,-1.29389346607667,0,123.278087293332,0,1,1,113.807608137078,38.0691441916965
252.914530811507,3,11,41,75.9260863534543,1.98857478490001,2,0.0342439131370366,987.900386415345,350.141512576635,-1.29389346607667,0,123.278087293332,0,1,1,113.843785174393,37.8988982738923
305.450941081428,3,11,41,151.128899758928,2.57651499539812,1,0.0342439131370366,989.446149543145,344.70259273263,-1.29389346607666,0,123.278087293333,0,1,1,113.854127354729,37.8499848926066
254.821966887558,3,12,41,45.017060284128,2.54966185567051,1,0.0342439131370366,993.978382096812,328.755486005557,-1.29389346607667,0,123.278087293332,0,1,1,113.884317581537,37.7065691162911
104.018870040148,2,12,41,4.38820986924625,1.87194166558096,2,0.0342439131370366,995.353468213807,323.917110038091,-1.29389346607666,0,123.278087293332,0,1,1,113.893437999942,37.6630565558401
259.03652374111,3,12,41,195.90300807634,2.01283252788962,3,0.0342439131370366,999.576112841198,309.059318928276,-1.29389346607667,0,123.278087293332,0.96583677076433,1.38766079954341,1,113.921330701773,37.5294372302273
0,3,12,40,171.976004922763,1.97247070131044,3,0.0376675035277941,950.815190667029,311.247059594902,-0.0448366099708458,0.0321335369345857,558.932010558856,0.335770739091777,58.7252242077853,3,113.367043118563,37.5491120547237
224.552672297958,2,12,41,245.247774594051,1.72892535624961,2,0.0611276590997812,1000.03313301984,307.451248406959,-0.0769701469054315,0,664.490935185234,0,1,1,113.924339192925,37.5149755045907
235.31518244411,3,12,41,245.247774594051,1.90413228381209,3,0.0611276590997812,1000.03313301984,307.451248406959,0,0.0989445063322578,0,4.7266546428868,1,1,113.924339192925,37.5149755045907
13.0555278115352,1,12,40,140.328677686457,2.40974797221151,1,0.049373693959344,950.243052159754,312.393843274688,-0.0989445063322578,0,911.578705850455,0,12.8466467400488,3,113.362003990311,37.5594253281292
99.4293810568893,2,12,41,65.7654318964537,2.36798092730963,1,0.0611276590997812,997.951876769009,314.774353557774,0.049855297896167,1.34374876397279,630.879191035931,0,1.03018147474796,1,113.910622241915,37.5808337714361
99.3359369585636,2,12,41,48.2951861944185,2.36560509673462,1,0.0611276590997812,997.628745728682,315.911321955998,-1.29389346607662,0,220.059572759223,0,1,1,113.908488816954,37.5910587738938
257.636174698915,3,12,41,123.114005251042,1.5754037707844,8,0.0611276590997812,992.762262184007,333.034523723232,-1.29389346607667,0,220.059572759212,0,1,1,113.876236263058,37.7450514270116
238.911312327522,3,11,41,118.603584691901,1.57099726348341,2,0.0611276590997812,988.924530376472,346.537961157202,-1.29389346607667,0,220.059572759214,0,1,1,113.850639963899,37.866490757397
2.98713708230722,2,11,41,76.2265462997422,1.60944873289826,8,0.0611276590997812,987.911074829047,350.103904340071,-1.29389346607667,0,220.05957275921,0,1,1,113.843856766432,37.8985600548953
6.64357559745083,2,11,41,64.5525333306042,1.74754607030338,3,0.0611276590997812,986.363144901272,355.550448283252,-1.29389346607667,0,220.059572759213,0,1,1,113.833477055945,37.9475420013522
251.757332672168,3,11,41,106.56557693337,2.27349080675723,1,0.0611276590997812,985.016252595811,360.289621547359,-1.29389346607666,0,220.059572759215,0,1,1,113.824426528255,37.9901624104582
257.392786568493,3,11,41,239.190170248058,2.25911043955909,1,0.0611276590997812,983.20922372743,366.647830637855,-1.29389346607668,0,220.059572759212,0,1,1,113.812256481607,38.0473431585585
105.529686924194,2,10,41,634.651802517981,1.62315182299217,3,0.0791626206832952,972.88262838317,402.982973667739,-1.29389346607667,0,178.688570351316,0,1,1,113.742101690285,38.3741129503678
40.1338999464048,2,10,41,634.651802517981,1.61706727781825,3,0.0791626206832952,972.88262838317,402.982973667739,0,0,0,0,1,1,113.742101690285,38.3741129503678
251.865057179336,3,10,41,634.651802517981,2.30993494138519,2,0.0791626206832952,972.88262838317,402.982973667739,0,0,0,0,1,1,113.742101690285,38.3741129503678
265.213143080706,3,10,41,634.651802517981,2.08627507561559,1,0.0791626206832952,972.88262838317,402.982973667739,0,0,0,0,1,1,113.742101690285,38.3741129503678
256.23407544535,3,10,41,634.651802517981,2.0130001370442,1,0.0791626206832952,972.88262838317,402.982973667739,0,0,0,13.7600451615585,1,1,113.742101690285,38.3741129503678
44.3497589410513,2,12,40,140.328677686457,2.20519809113063,2,0.049373693959344,950.243052159754,312.393843274688,1.32589773071156,0,7190.38182531168,0,18675053902.9422,3,113.362003990311,37.5594253281292
235.768813596739,3,10,41,634.651802517981,2.19442857252098,2,0.0791626206832952,972.88262838317,402.982973667739,1.32589773071156,1.32589773071156,3152.43714517452,0,1,1,113.742101690285,38.3741129503678
264.324025845156,3,10,41,634.651802517981,1.99093905333993,8,0.0791626206832952,972.88262838317,402.982973667739,0,0,0,0,1,1,113.742101690285,38.3741129503678
7.5009694550475,2,10,41,634.651802517981,1.89332176516733,1,0.0791626206832952,972.88262838317,402.982973667739,0,0,0,0,1,1,113.742101690285,38.3741129503678
460.890197753564,2,10,41,634.651802517981,2.07248832436702,2,0.0791626206832952,972.88262838317,402.982973667739,0,0,0,0,1,1,113.742101690285,38.3741129503678
461.058457013454,2,10,41,634.651802517981,1.8454049360217,1,0.0791626206832952,972.88262838317,402.982973667739,0,0,0,0,1,1,113.742101690285,38.3741129503678
102.997834480898,2,10,41,634.651802517981,1.94291943434399,2,0.0791626206832952,972.88262838317,402.982973667739,0,0,0,2.47429029606721,1,1,113.742101690285,38.3741129503678
21.2130138052877,1,12,40,140.328677686457,2.20689769257559,8,0.049373693959344,950.243052159754,312.393843274688,1.32589773071156,0,1877.09519409321,9.35525106918306,18675053902.9422,3,113.362003990311,37.5594253281292
257.705400790366,3,10,41,634.651802517981,2.20388267074459,8,0.0791626206832952,972.88262838317,402.982973667739,1.32589773071156,1.32589773071156,3552.43735775216,0,1,1,113.742101690285,38.3741129503678
98.2592688026032,2,10,41,634.651802517981,2.2712882756482,8,0.0791626206832952,972.88262838317,402.982973667739,0,0,0,0,1,1,113.742101690285,38.3741129503678
222.983639135875,2,10,41,634.651802517981,1.81127277379537,2,0.0791626206832952,972.88262838317,402.982973667739,0,0,0,0,1,1,113.742101690285,38.3741129503678
247.846864940424,3,10,41,634.651802517981,1.78134907694428,2,0.0791626206832952,972.88262838317,402.982973667739,0,0,0,0,1,1,113.742101690285,38.3741129503678
249.076855954471,3,10,41,634.651802517981,2.51154671920308,7,0.0791626206832952,972.88262838317,402.982973667739,0,0,0,0,1,1,113.742101690285,38.3741129503678
260.290797204914,3,10,41,634.651802517981,1.83163868202644,6,0.0791626206832952,972.88262838317,402.982973667739,0,0,0,0,1,1,113.742101690285,38.3741129503678
247.503256018088,3,10,41,634.651802517981,2.2509717824591,8,0.0791626206832952,972.88262838317,402.982973667739,0,0,0,0,1,1,113.742101690285,38.3741129503678
100.159426943969,2,10,41,634.651802517981,2.22181033594893,8,0.0791626206832952,972.88262838317,402.982973667739,0,0,0,0,1,1,113.742101690285,38.3741129503678
266.06083326554,3,10,41,634.651802517981,2.57624478264078,7,0.0791626206832952,972.88262838317,402.982973667739,0,0,0,0,1,1,113.742101690285,38.3741129503678
9.8059982229845,2,10,41,634.651802517981,2.58214023014492,7,0.0791626206832952,972.88262838317,402.982973667739,0,0,0,0,1,1,113.742101690285,38.3741129503678
263.132801668739,3,10,41,634.651802517981,2.05281742537541,8,0.0791626206832952,972.88262838317,402.982973667739,0,0,0,0,1,1,113.742101690285,38.3741129503678
252.604595422486,3,10,41,634.651802517981,2.58799707278557,7,0.0791626206832952,972.88262838317,402.982973667739,0,0,0,0,1,1,113.742101690285,38.3741129503678
259.192196158124,3,10,41,634.651802517981,1.99383849420091,8,0.0791626206832952,972.88262838317,402.982973667739,0,0,0,0.842522700992155,1,1,113.742101690285,38.3741129503678
260.223856467484,3,10,40,654.002016030281,2.15724511879496,6,0.0791626206832952,968.722608207227,386.337228781117,1.32589773071156,0,240.122644471114,0.174404579098599,1,1,113.67183536669,38.2244141701363
248.084598619384,3,10,40,660.283131683825,1.94993772538166,8,0.0791626206832952,967.164916232191,380.104339965255,1.32589773071156,0,284.985434459864,0,1,1,113.645573661383,38.1683604543423
98.4019750820281,2,11,40,316.506808112005,2.21687181040251,6,0.0791626206832952,961.182412297173,356.166178592529,1.32589773071156,0,284.985434459863,0,1,1,113.544960861136,37.9530793970577
245.777178263972,3,11,40,296.607251296553,2.2259205514766,6,0.0791626206832952,959.920878948567,351.118327524812,1.32589773071157,0,284.985434459861,0,1,1,113.523794926181,37.9076829817711
16.5993082461703,2,12,40,123.244682456485,2.5324887727347,7,0.0791626206832952,953.693293819439,326.199507679019,1.32589773071156,0,284.985434459863,0,1,1,113.419565729151,37.683582650958
215.579627366396,2,12,40,107.1643265655,2.2947203050714,6,0.0791626206832952,950.868812460295,314.89773649694,1.32589773071156,0,284.985434459861,0,1,1,113.372434061037,37.581943380866
255.005892081637,3,12,40,140.328677686457,1.80940988270446,8,0.0598887077288673,950.243052159754,312.393843274688,1.32589773071155,1.32589773071155,118.893592023535,0,1,1,113.362003990311,37.5594253281292
220.332811760741,2,12,40,140.328677686457,2.50359640579401,7,0.0598887077288673,950.243052159754,312.393843274688,0,0,0,0,1,1,113.362003990311,37.5594253281292
86.5180039918372,2,12,40,140.328677686457,2.49313516869151,7,0.0598887077288673,950.243052159754,312.393843274688,0,0,0,0,1,1,113.362003990311,37.5594253281292
103.388267679269,2,12,40,140.328677686457,2.47553106502448,7,0.0598887077288673,950.243052159754,312.393843274688,0,0,0,0,1,1,113.362003990311,37.5594253281292
219.536511802445,2,12,40,140.328677686457,1.64514847121184,5,0.0598887077288673,950.243052159754,312.393843274688,0,0.0989445063322566,0,0.615667337358803,1,1,113.362003990311,37.5594253281292
258.165904151242,3,12,41,486.180470138756,1.63055583321169,8,0.0598887077288673,976.03710735434,309.833301845143,-0.0989445063322566,0,133.635641485946,0.117379542687899,1,1,113.653409746163,37.5363978258248
229.700080472468,2,12,41,229.766966317579,2.4911773342683,6,0.0598887077288673,998.841230363833,307.569566992683,-0.0989445063322577,0,215.599347823921,0,1,1,113.910885614671,37.5160395691959
283.31196215795,3,12,41,245.247774594051,2.53456130519853,6,0.0790980330203869,1000.03313301984,307.451248406959,-0.0989445063322829,0,8.46120570249505,0.099652714897987,1.16723721957585,1,113.924339192925,37.5149755045907
41.5637603789448,2,13,41,184.431050380193,2.58098310629353,6,0.0790980330203869,988.346060750429,300.3204702386,0.547843779999582,0,59.2455117660753,0.271073873268072,1,1,113.781125768984,37.4508468758525
245.895831678186,3,13,40,382.573659254012,2.27952703700107,8,0.0790980330203869,962.631954925371,284.631204337844,0.547843779999581,0,284.752918873393,0,1,1,113.466832723817,37.3097499177969
222.642847473943,2,13,40,239.763320996162,2.0828001254972,5,0.0790980330203869,943.039989062068,272.677315525254,0.547843779999583,0,284.752918873393,0,1,1,113.228113565173,37.2022460129578
280.495011117222,3,14,40,445.157997487049,1.98975535648204,7,0.0790980330203869,923.276213333982,260.618598231703,0.547843779999582,0,284.752918873392,0,1,1,112.987954216782,37.0937993629402
9.84759730626745,2,14,40,515.671272749819,2.19074986542731,8,0.0790980330203869,921.274005787831,259.396966540763,0.547843779999589,0,284.752918873393,0,1,1,112.963661009056,37.0828129651989
23.2588641506106,1,14,39,652.528303533868,2.18923479483892,8,0.0790980330203869,917.766591076352,257.256944157446,0.547843779999578,0,284.752918873393,0,1,1,112.921121033688,37.0635672815342
220.724923448216,2,14,39,118.558539328748,1.93604235904238,7,0.0790980330203869,896.018505386042,243.987515247528,0.547843779999584,0,284.752918873393,0,1,1,112.657808824828,36.9442324403653
96.3557238292645,2,15,39,335.663311626543,2.22565694188785,5,0.0790980330203869,881.931763283951,235.392596800094,0.54784377999958,0,284.752918873394,0,1,1,112.487679311561,36.8669364817564
254.336313962096,3,15,39,650.41728548698,2.25489982778153,5,0.0790980330203869,867.699451310627,226.708860003989,0.547843779999584,0,284.752918873392,0,1,1,112.316130200195,36.7888417605479
263.137178771732,3,15,38,131.938585841617,2.29250160621946,5,0.0790980330203869,852.516011846196,217.444800010374,0.547843779999582,0,284.752918873393,0,1,1,112.133491772925,36.7055280674401
97.6463872348764,2,15,38,83.1414645271497,2.04343327276779,8,0.0790980330203869,848.98719414578,215.291718756304,0.547843779999573,0,284.752918873401,73.7190702595008,1.04784282220721,1,112.091099816417,36.6861649425292
21.1701422321081,1,12,41,245.247774594051,1.82051313732102,7,0.0520086508779026,1000.03313301984,307.451248406959,0.547843779999582,0,4137.44024098977,0,8.34212801823947,3,113.924339192925,37.5149755045907
99.3890533850667,2,16,37,317.801306588866,1.63746987969237,4,0.0790980330203869,807.842191362164,190.187408555852,0.547843779999582,0,1779.76655898948,0,1,1,111.598365451461,36.4603964568797
295.289261793288,3,17,37,602.414325421179,2.46749461530986,5,0.0790980330203869,771.199600728567,167.83021085066,0.547843779999583,0,284.752918873393,0,1,1,111.161943784532,36.2593333474389
257.971740448569,3,17,36,18.0517110471053,2.53201489503888,5,0.0790980330203869,739.207401797563,148.310414238122,0.547843779999582,0,284.752918873393,0,1,1,110.78275343075,36.083787599071
214.334281280077,2,17,36,242.748976595785,2.54936149211825,5,0.0790980330203869,728.28874895808,141.648481334752,0.547843779999579,0,284.752918873393,0,1,1,110.65373262141,36.0238753970992
461.658315579842,2,17,36,596.775750399651,2.56100511128715,5,0.0790980330203869,720.609348013147,136.962953313545,0.54784377999959,0,284.752918873391,0,1,1,110.563108540816,35.9817374312531
462.577152999425,2,18,35,396.006486053461,2.2971452302432,6,0.0790980330203869,705.972764089041,128.032553064502,0.547843779999577,0,284.752918873395,0,1,1,110.390657537528,35.9014244123184
212.268611574421,3,18,35,5.56320042145084,2.2645736226854,6,0.0790980330203869,690.778048864358,118.761613251616,0.547843779999587,0,284.752918873391,0,1,1,110.212011202159,35.8180488475094
121.372295227712,2,18,35,218.923200932122,1.92862042771868,4,0.0790980330203869,676.419390049299,110.000786891938,0.547843779999579,0,284.752918873394,0,1,1,110.043550875039,35.7392608431998
8.06639442602879,2,18,35,235.910496492672,2.43795337004988,7,0.0790980330203869,675.937140511396,109.706546007882,0.547843779999629,0,284.752918873357,0,1,1,110.037898981598,35.7366146713561
273.339051303434,3,19,34,31.1190698437187,2.13612543154624,6,0.0790980330203869,632.137409663145,82.9824736899519,0.547843779999581,0,284.752918873394,0,1,1,109.526201480629,35.4962793150196
21.0256787347739,1,19,34,496.563657376492,2.68266324048015,5,0.0790980330203869,617.786618606259,74.2264477830252,0.547843779999582,0,284.752918873393,0,1,1,109.359246866218,35.4175344822187
255.238073740432,3,19,33,765.114618341141,2.08841835469681,4,0.0790980330203869,609.133963943709,68.9470964156567,0.547843779999586,0,284.752918873391,0,1,1,109.25875054295,35.3700561347196
212.521074060756,2,20,33,751.596955660255,2.20016083211843,4,0.0790980330203869,561.348286510943,39.7910291352682,0.547843779999582,0,284.752918873393,0,1,1,108.706008404317,35.1078493222309
218.681058439125,2,21,32,326.448543820639,2.67237294733457,5,0.0790980330203869,546.859913308775,30.9510585298472,0.547843779999582,0,284.752918873393,0,1,1,108.539177548963,35.0283495566195
233.819191393729,3,21,32,38.1552934318144,1.90880297009768,6,0.0790980330203869,531.070463938635,21.3172462059807,0.547843779999585,0,284.752918873393,0,1,1,108.35776654727,34.9417106009173
254.897070085756,3,21,32,203.647530699204,2.29979605709375,4,0.0790980330203869,521.260820450358,15.3319669150629,0.547843779999578,0,284.752918873394,0,1,1,108.245270710888,34.8878836910795
248.708800692424,3,21,32,627.902096070109,2.32128105042056,4,0.0790980330203869,511.544706465771,9.40375393875541,0.547843779999582,0,284.752918873393,0,1,1,108.134006787776,34.8345699909387
268.420787476014,3,21,31,429.681454349241,1.83745157915777,6,0.0790980330203869,497.425133080721,0.788803733976692,0.547843779999584,0,284.752918873393,0,1,1,107.972599364722,34.7570938824079
299.306592218682,3,22,31,137.534540799703,2.38658543202771,4,0.0790980330203869,487.080499208371,-5.52289586675749,0.547843779999578,0,284.752918873393,0,1,1,107.854557572898,34.7003314041979
222.969346694487,2,22,31,224.111647413982,2.4248244202269,4,0.0790980330203869,469.490840728652,-16.2550920733578,0.547843779999582,0,284.752918873394,0,1,1,107.654256037722,34.6038144449223
217.841694861172,2,23,30,336.933697685819,2.49890120246686,4,0.0790980330203869,440.539452639094,-33.9195611014981,0.547843779999583,0,284.752918873392,0,1,1,107.325704869765,34.4449540583814
7.2784377278178,2,23,30,140.321043177618,2.48843360966336,5,0.0790980330203869,432.07153801135,-39.0861947431047,0.547843779999582,0,284.752918873393,0,1,1,107.229873922522,34.3984894057438
220.100928871878,2,23,30,115.836856567186,2.47975933540306,5,0.0790980330203869,427.973571361601,-41.5865378955266,0.547843779999584,0,284.752918873395,0,1,1,107.183540694822,34.376003279552
243.915506967095,3,23,30,456.816967932539,2.44563884062828,5,0.0790980330203869,412.081903666623,-51.2827179520773,0.547843779999584,0,284.752918873392,0,1,1,107.004130017847,34.2888034373546
19.608441666218,1,23,29,325.560069591149,2.59287643932938,4,0.0790980330203869,398.125562203741,-59.7980734422742,0.547843779999579,0,284.752918873394,0,1,1,106.846918259925,34.2122230056105
254.387229971696,3,23,29,256.284756776868,2.61112399374065,4,0.0790980330203869,388.476985937099,-65.6850787941598,0.547843779999587,0,284.752918873391,106.315025364994,1.03004716654935,1,106.738422767206,34.1592798945394
17.5327154006779,1,9,41,366.659648287886,2.35816913638557,5,0.0520086508779026,983.64048425142,407.912874590338,0.672140602690441,0.00735704005839688,15476.6696926166,0,32.7105224383244,3,113.873088359766,38.4184486145151
253.786672310166,3,24,28,293.307113590963,2.69502815663401,4,0.0790980330203869,347.535463658927,-90.6652369133667,0.664783562632044,0.116939782632463,6775.56063657062,0,1.00029710362186,1,106.279786493186,33.9346279353807
89.0867294953331,2,25,28,346.556232156357,2.73942042475826,4,0.0790980330203869,314.60318657041,-110.758615056643,0.547843779999581,0,284.752918873393,0,1,1,105.912914777118,33.7539238443793
87.0224913528159,2,25,28,421.087413142138,2.74200628260733,4,0.0790980330203869,311.919131911865,-112.396270572124,0.547843779999589,0,284.752918873398,0,1,1,105.883094191591,33.739196054498
274.478153757113,3,25,27,238.622668886941,2.76840882858693,4,0.0790980330203869,295.441751070195,-122.449819045937,0.547843779999582,0,284.752918873392,0,1,1,105.700291117984,33.6487823209115
249.238060206212,3,25,27,189.707846616171,2.17862668630025,5,0.0790980330203869,293.248718187576,-123.787881363118,0.547843779999612,0,284.752918873389,0,1,1,105.675995597201,33.6367488373924
264.382356922177,3,25,27,282.96120120235,2.08311825966236,3,0.0790980330203869,275.384063322877,-134.687864520392,0.547843779999581,0,284.752918873393,0,1,1,105.478382900469,33.5387229338176
252.136482213592,3,26,27,520.950730671068,2.32281596079691,6,0.0790980330203869,259.055981878799,-144.650319103421,0.54784377999958,0,284.752918873394,0,1,1,105.298236131561,33.4491284272725
3.1955755342363,2,26,26,423.788995855808,2.78991024116122,4,0.0790980330203869,249.927370422934,-150.220071884643,0.547843779999584,0,284.752918873391,0,1,1,105.197715857833,33.3990384371147
461.925241372636,2,27,26,434.626905913226,2.21746888557249,6,0.0790980330203869,214.782465139266,-171.663468275858,0.547843779999583,0,284.752918873393,0,1,1,104.812022309912,33.2061933403258
99.6207545727311,2,27,26,651.053726992359,2.26108851867716,3,0.0790980330203869,205.691932245525,-177.209987712302,0.547843779999572,0,284.752918873395,0,1,1,104.712597062537,33.1563122926573
14.2050273240376,2,27,25,81.9015766741759,2.73623247537263,4,0.0790980330203869,187.312931667253,-188.42379499086,0.547843779999584,0,284.752918873392,0,1,1,104.512005708276,33.0554641009552
99.577448697356,2,27,25,253.935711277806,2.70586125360512,4,0.0790980330203869,169.249672403618,-199.444955110117,0.547843779999582,0,284.752918873393,0,1,1,104.315413236853,32.9563484267798
260.291796728179,3,27,25,505.682433250969,2.69512898679965,4,0.0790980330203869,163.319230169403,-203.063369289271,0.547843779999587,0,284.752918873393,0,1,1,104.250988446182,32.923807246275
262.932500175489,3,28,24,147.836843434338,2.04065889253179,6,0.0790980330203869,139.348305556165,-217.689046444943,0.547843779999582,0,284.752918873393,0,1,1,103.99118456418,32.7922753716022
3.96550781021476,2,29,23,586.021402663031,1.94108620703842,6,0.0790980330203869,97.9086652309894,-242.973127498222,0.547843779999583,0,284.752918873393,23.5477121601144,1.0928350872505,1,103.544326074616,32.564890167832
0,3,10,41,116.597159731395,2.34998998514425,3,0.0137881292610012,996.881376051226,379.354253242297,0.605515830915904,0.00197636903557519,14736.4678790566,13.050957097859,57.3309181548715,3,113.986995837525,38.1616147623796
21.2860614031282,1,29,23,217.18414886905,2.61875177436128,3,0.0790980330203869,64.7715342993963,-263.191495654244,0.603539461880329,0.0556956818807621,18222.3761339682,0,1.00000906649558,1,103.189071957382,32.3830620146407
250.176501290579,3,29,23,458.411789134044,1.63561908456579,5,0.0790980330203869,59.0537430845789,-266.680162432883,0.547843779999567,0,284.752918873395,0,1,1,103.127959661959,32.3516876805419
97.0949272631059,2,30,22,50.8437495886339,1.85672847989405,2,0.0790980330203869,31.0939904602302,-283.739592631513,0.547843779999584,0,284.752918873393,0,1,1,102.829913968349,32.198268538919
257.552643260364,3,30,22,9.12688212608434,2.38236671356941,4,0.0790980330203869,22.5779339229159,-288.935599692726,0.547843779999577,0,284.752918873393,0,1,1,102.739395287087,32.1515397247725
8.52642987136913,2,30,22,540.091192225362,1.91580833950385,2,0.0790980330203869,5.22588235426576,-299.522821851503,0.547843779999589,0,284.752918873392,0,1,1,102.555334211467,32.056326548432
250.282535340437,3,30,22,819.362464737341,1.71801482861753,6,0.0790980330203869,0.626746258575167,-302.328949725829,0.547843779999562,0,284.752918873399,0,1,1,102.506633876698,32.0310904341685
248.646241294002,3,31,21,47.9270242752659,2.51226623484245,5,0.0790980330203869,-21.9577340177057,-316.108698424679,0.54784377999958,0,284.752918873393,0,1,1,102.268002004268,31.9071661768784
233.395901627326,3,31,21,31.13501927083,2.82856997880167,3,0.0285849535633902,-23.3016351707597,-316.928669481735,0.547843779999672,0.547843779999672,39.3873060936745,0,1,1,102.253829098294,31.899792
252.094219061843,3,31,21,31.13501927083,2.48093803918451,5,0.0285849535633902,-23.3016351707597,-316.928669481735,0,0,0,0,1,1,102.253829098294,31.899792
100,2,31,21,31.13501927083,2.0377937765044,2,0.0285849535633902,-23.3016351707597,-316.928669481735,0,0,0,0,1,1,102.253829098294,31.899792
254.581719912409,3,31,21,31.13501927083,2.85444514878758,3,0.0285849535633902,-23.3016351707597,-316.928669481735,0,0,0,0,1,1,102.253829098294,31.899792
60.4604113072609,2,31,21,31.13501927083,2.15258096861127,4,0.0285849535633902,-23.3016351707597,-316.928669481735,0,0,0,0,1,1,102.253829098294,31.899792
250.860620337868,3,31,21,31.13501927083,2.8613133227811,3,0.0285849535633902,-23.3016351707597,-316.928669481735,0,0,0,49.0739230204998,1,1,102.253829098294,31.899792
21.2276978181356,1,11,41,420.932074892589,2.09317523229486,4,0.0137881292610012,1009.7960172766,342.413146089103,0.568048184675296,0,12806.8034239869,0,245114046048.161,3,114.084464697085,37.8293954042854
37.4089170785164,2,31,21,31.13501927083,2.22346128536063,5,0.0285849535633902,-23.3016351707597,-316.928669481735,0.568048184675296,0.00829651473799309,10578.4005036083,5.76799765361614,234.849909774355,1,102.253829098294,31.899792
18.0623007585213,1,12,41,465.816740501391,2.18523437964337,5,0.0137881292610012,1013.23709168701,332.570278889122,0.559751669937303,0,12984.124351543,0,244643529749.779,3,114.110213444495,37.7408763729141
255.575482419533,3,31,21,31.13501927083,1.88013001915106,4,0.0285849535633902,-23.3016351707597,-316.928669481735,0.559751669937303,0.00169184225423702,12438.0546199051,0,1152.97963255697,1,102.253829098294,31.899792
17.4157086845203,1,12,41,454.609529626591,2.51128191004131,3,0.0340095643977931,1013.93719518877,330.567699179345,0.558059827683066,0,5580.05755556456,124.965726502617,244549867195.621,3,114.115440738764,37.7228667409083
253.655230416695,3,31,21,31.13501927083,1.75351343291137,4,0.0285849535633902,-23.3016351707597,-316.928669481735,0.558059827683066,0.558059827683066,104160.820797941,0,1,1,102.253829098294,31.899792
101.25306253024,2,31,21,31.13501927083,1.73466821798649,1,0.0285849535633902,-23.3016351707597,-316.928669481735,0,0,0,0,1,1,102.253829098294,31.899792
262.851342850919,3,31,21,31.13501927083,2.66031519205576,2,0.0285849535633902,-23.3016351707597,-316.928669481735,0,0,0,0,1,1,102.253829098294,31.899792
219.029840815102,2,31,21,31.13501927083,2.75746130119754,2,0.0285849535633902,-23.3016351707597,-316.928669481735,0,0,0,0,1,1,102.253829098294,31.899792
299.29633473398,3,31,21,31.13501927083,2.27911660101232,3,0.0285849535633902,-23.3016351707597,-316.928669481735,0,0,0,47.1748373470433,1,1,102.253829098294,31.899792
0,3,12,41,454.609529626591,2.24928720106661,3,0.0340095643977931,1013.93719518877,330.567699179345,0.558059827683066,0,21427.6240600293,0,244549867195.621,3,114.115440738764,37.7228667409083
227.670508396898,2,31,21,31.13501927083,2.85773734756544,2,0.0285849535633902,-23.3016351707597,-316.928669481735,0.558059827683066,0.558059827683066,9476.58740364112,0,1,1,102.253829098294,31.899792
221.736188578364,2,31,21,31.13501927083,2.10236577270266,1,0.0285849535633902,-23.3016351707597,-316.928669481735,0,0,0,350.292693398817,1,1,102.253829098294,31.899792
0,3,12,41,454.609529626591,2.57333736273757,2,0.0340095643977931,1013.93719518877,330.567699179345,0.558059827683066,0.558059827683066,36164.582177884,0,1,3,114.115440738764,37.7228667409083
14.8837918760561,1,12,41,454.609529626591,2.14689197531142,3,0.0340095643977931,1013.93719518877,330.567699179345,0,0,0,0,1,3,114.115440738764,37.7228667409083
0,3,12,41,454.609529626591,2.33404598683154,4,0.0340095643977931,1013.93719518877,330.567699179345,0,0,0,410.208291694146,1,3,114.115440738764,37.7228667409083
223.91042902426,2,31,21,31.13501927083,2.85733814703313,2,0.0285849535633902,-23.3016351707597,-316.928669481735,0.558059827683066,0.558059827683066,24126.5928910806,0,1,1,102.253829098294,31.899792
240.045575142921,3,31,21,31.13501927083,2.06851054237726,3,0.0285849535633902,-23.3016351707597,-316.928669481735,0,0,0,0,1,1,102.253829098294,31.899792
223.712417754085,2,31,21,31.13501927083,2.84293142872555,2,0.0285849535633902,-23.3016351707597,-316.928669481735,0,0,0,0,1,1,102.253829098294,31.899792
17.6692655602441,1,31,21,31.13501927083,1.96768515008314,3,0.0285849535633902,-23.3016351707597,-316.928669481735,0,0,0,0,1,1,102.253829098294,31.899792
260.996949423118,3,31,21,31.13501927083,2.76060822890804,2,0.0285849535633902,-23.3016351707597,-316.928669481735,0,0,0,0,1,1,102.253829098294,31.899792
262.88270963651,3,31,21,31.13501927083,2.1073376261625,4,0.0285849535633902,-23.3016351707597,-316.928669481735,0,0,0,0,1,1,102.253829098294,31.899792
258.479132569105,3,31,21,31.13501927083,2.07653917364954,4,0.0285849535633902,-23.3016351707597,-316.928669481735,0,0,0,0,1,1,102.253829098294,31.899792
99.693533178871,2,31,21,31.13501927083,2.46477474419445,1,0.0285849535633902,-23.3016351707597,-316.928669481735,0,0,0,0,1,1,102.253829098294,31.899792
255.282290524518,3,31,21,31.13501927083,2.6198725626856,2,0.0285849535633902,-23.3016351707597,-316.928669481735,0,0,0,0,1,1,102.253829098294,31.899792
101.300895617054,2,31,21,31.13501927083,2.54786255108658,1,0.0285849535633902,-23.3016351707597,-316.928669481735,0,0,0,0,1,1,102.253829098294,31.899792
298.519240369245,3,31,21,31.13501927083,2.57159263434049,1,0.0285849535633902,-23.3016351707597,-316.928669481735,0,0,0,0,1,1,102.253829098294,31.899792
98.3965881326354,2,31,21,31.13501927083,2.65100719403041,1,0.0285849535633902,-23.3016351707597,-316.928669481735,0,0,0,0,1,1,102.253829098294,31.899792
271.349529351344,3,31,21,31.13501927083,2.45287765611325,2,0.0285849535633902,-23.3016351707597,-316.928669481735,0,0,0,0,1,1,102.253829098294,31.899792
119.310680883737,2,31,21,31.13501927083,2.4304308359308,2,0.0285849535633902,-23.3016351707597,-316.928669481735,0,0,0,0,1,1,102.253829098294,31.899792
263.037116827421,3,31,21,31.13501927083,1.78546604614653,4,0.0285849535633902,-23.3016351707597,-316.928669481735,0,0,0,0,1,1,102.253829098294,31.899792
20.7079182293826,1,31,21,31.13501927083,1.7478661394948,4,0.0285849535633902,-23.3016351707597,-316.928669481735,0,0,0,0,1,1,102.253829098294,31.899792
464.084360069643,2,31,21,31.13501927083,2.76292934058269,1,0.0285849535633902,-23.3016351707597,-316.928669481735,0,0,0,0,1,1,102.253829098294,31.899792
227.903460047421,2,31,21,31.13501927083,2.5270105040925,3,0.0285849535633902,-23.3016351707597,-316.928669481735,0,0,0,0,1,1,102.253829098294,31.899792
241.82785361225,3,31,21,31.13501927083,2.84787187521735,1,0.0285849535633902,-23.3016351707597,-316.928669481735,0,0,0,0,1,1,102.253829098294,31.899792
17.1793193699401,1,31,21,31.13501927083,2.43855452443501,3,0.0285849535633902,-23.3016351707597,-316.928669481735,0,0,0,0,1,1,102.253829098294,31.899792
259.972910038567,3,31,21,31.13501927083,2.18724577036198,2,0.0285849535633902,-23.3016351707597,-316.928669481735,0,0,0,0,1,1,102.253829098294,31.899792
217.33200589991,2,31,21,31.13501927083,2.38394431243491,3,0.0285849535633902,-23.3016351707597,-316.928669481735,0,0,0,0,1,1,102.253829098294,31.899792
234.281421953852,3,31,21,31.13501927083,2.8620211859079,1,0.0285849535633902,-23.3016351707597,-316.928669481735,0,0,0,0,1,1,102.253829098294,31.899792
468.212844416759,2,31,21,31.13501927083,2.10809597250856,2,0.0285849535633902,-23.3016351707597,-316.928669481735,0,0,0,0,1,1,102.253829098294,31.899792
41.978296355446,2,31,21,31.13501927083,2.83786980078475,1,0.0285849535633902,-23.3016351707597,-316.928669481735,0,0,0,0,1,1,102.253829098294,31.899792
459.734496997512,2,31,21,31.13501927083,2.21315322501653,3,0.0285849535633902,-23.3016351707597,-316.928669481735,0,0,0,0,1,1,102.253829098294,31.899792
257.004273685725,3,31,21,31.13501927083,2.79975334873756,1,0.0285849535633902,-23.3016351707597,-316.928669481735,0,0,0,0,1,1,102.253829098294,31.899792
260.766114722314,3,31,21,31.13501927083,2.77452396709534,1,0.0285849535633902,-23.3016351707597,-316.928669481735,0,0,0,0,1,1,102.253829098294,31.899792
101.652186834218,2,31,21,31.13501927083,2.11329903480321,3,0.0285849535633902,-23.3016351707597,-316.928669481735,0,0,0,81.7681942363489,1,1,102.253829098294,31.899792
13.661624994292,1,12,41,454.609529626591,2.5571173435391,1,0.0340095643977931,1013.93719518877,330.567699179345,0.558059827683066,0,24186.5878459104,0,244549867195.621,3,114.115440738764,37.7228667409083
256.712741620756,3,31,21,31.13501927083,1.99536325778104,3,0.0285849535633902,-23.3016351707597,-316.928669481735,0.558059827683066,0.558059827683066,7932.65115521582,0,1,1,102.253829098294,31.899792
275.419929272162,3,31,21,31.13501927083,1.71830889204478,2,0.0285849535633902,-23.3016351707597,-316.928669481735,0,0,0,0,1,1,102.253829098294,31.899792
226.840373774062,3,31,21,31.13501927083,1.89337749902587,3,0.0285849535633902,-23.3016351707597,-316.928669481735,0,0,0,0,1,1,102.253829098294,31.899792
107.599370770741,2,31,21,31.13501927083,1.88172994396726,3,0.0285849535633902,-23.3016351707597,-316.928669481735,0,0,0,177.083586054273,1,1,102.253829098294,31.899792
16.1630182625629,1,12,41,454.609529626591,2.40997597654084,1,0.0340095643977931,1013.93719518877,330.567699179345,0.558059827683066,0,13326.873060862,0,464.814182949293,3,114.115440738764,37.7228667409083
266.228108254069,3,31,21,104.111269072233,1.65893378403584,8,0.0285849535633902,-18.6510927191218,-314.492542965556,0.558385185034168,0.0758502774611918,10410.3281798122,0,1.010444402644,1,102.302897368153,31.9217006121075
29.3786383213446,2,31,21,265.537451942235,1.73381864182955,3,0.0285849535633902,-13.0400549186415,-311.553273383312,0.482534907572976,0,102.905832828205,0,1,1,102.362141422167,31.9481340985168
21.9213479191381,1,31,21,308.935458224444,1.72697360096029,3,0.0285849535633902,-11.8796482474866,-310.945409356578,0.482534907572975,0,102.905832828204,900.886580438945,1.00000383643116,1,102.374399223308,31.9536007510439
0,3,11,41,518.493159359397,1.7821796176885,3,0.0340095643977931,1010.63682039156,340.008108471534,0.566911029148368,1.80138820080129,41388.317875167,0,1.00624831388319,3,114.09076483626,37.8077663813601
23.8199680872099,1,11,41,212.483114042397,1.62722390552538,8,0.0340095643977931,1007.37438198822,349.340004304762,-1.23447717165292,0,122.434431832055,143.920057114616,1.01017876662616,3,114.066288274119,37.8916901368301
6.86747578523909,2,30,22,873.423340051967,1.76643779173616,8,0.0285849535633902,0.757946512975074,-304.325368787797,0.575931413116224,0.0933965055432434,41956.4235627111,0,1.01811943745279,1,102.508020499917,32.0131362061995
256.576748125015,3,30,22,354.658061350542,2.1998332964656,1,0.0285849535633902,10.3248987444501,-299.313844594118,0.482534907572981,0,102.905832828205,0,1,1,102.60932807366,32.0582059260591
262.836252138795,3,30,22,252.019648046385,2.42157710529747,2,0.0285849535633902,12.9806169403392,-297.922680964545,0.482534907572981,0,102.905832828205,345.905364481808,1.00001623090052,1,102.637473743552,32.0707169611535
0,3,11,41,280.997401773141,2.18393613670406,1,0.0340095643977931,999.476516827097,371.931099024843,0.59650853455,0,36381.9281927523,0,79.6825861988424,3,114.006687219843,38.0948567326614
216.718868151004,2,30,22,202.463687615237,2.01672398633336,1,0.0285849535633902,39.1662706124708,-284.205664956728,0.599399074476866,0.116864166903885,4570.23362641506,0,1.02697926756928,1,102.91553748168,32.1940770497991
257.901411277936,3,30,23,679.816189537991,2.16010733255567,2,0.0285849535633902,52.9273777007023,-276.997086985827,0.482534907572981,0,102.905832828205,0,1,1,103.062062136341,32.258905348971
250.846760334852,3,30,23,569.273946376653,2.10664281712318,8,0.0285849535633902,56.5080264049998,-275.121410471878,0.482534907572984,0,102.905832828205,0,1,1,103.10023271597,32.275773713118
203.059049410786,3,30,23,490.275030531703,1.88552132504771,1,0.0285849535633902,60.1550625449681,-273.210957758365,0.482534907572975,0,102.905832828204,0,1,1,103.139130007909,32.2929548271415
224.068275007372,2,30,23,473.928164114311,2.10763656469279,2,0.0285849535633902,61.197249517713,-272.665021591665,0.482534907572979,0,102.905832828205,0,1,1,103.150248927645,32.2978645490432
281.437573985836,3,29,23,423.455084497561,2.15129103073916,8,0.0285849535633902,64.463856379314,-270.953851835398,0.482534907572991,0,102.905832828205,0,1,1,103.185109962435,32.3132534683752
283.652498143316,3,29,23,318.064319409333,2.07532206822234,2,0.0285849535633902,67.2362015274506,-269.501594685268,0.482534907572967,0,102.905832828204,0,1,1,103.214708337131,32.3263139306999
292.507665276696,3,29,23,194.268200535951,2.19614884929342,8,0.0285849535633902,71.497492086569,-267.269372738653,0.48253490757298,0,102.905832828205,0,1,1,103.260224743433,32.3463887849578
217.180024414048,2,29,23,92.4949220341624,2.00607896537647,2,0.0285849535633902,78.3103984144859,-263.700519872503,0.482534907572984,0,102.905832828205,0,1,1,103.333050293253,32.3784842498666
99.7398989344629,2,29,23,85.1674555973787,2.25220586635359,8,0.0285849535633902,80.2408531339129,-262.689276134986,0.482534907572971,0,102.905832828204,0,1,1,103.353697772228,32.3875785832866
273.489454366743,3,29,23,119.576848967982,2.28917869660785,8,0.0285849535633902,85.9873773074312,-259.679033768519,0.482534907572985,0,102.905832828205,0,1,1,103.415192425263,32.4146503432787
266.812262184348,3,29,24,652.974506121222,2.3882999704051,8,0.0285849535633902,102.111757916621,-251.232485528718,0.48253490757298,0,102.905832828205,0,1,1,103.587996779191,32.4906119765536
259.381176031525,3,29,24,376.944468448396,1.60597242524678,7,0.0285849535633902,109.295522535758,-247.469363343153,0.482534907572977,0,102.905832828205,0,1,1,103.66510563287,32.5244545474255
260.164570283545,3,29,24,280.010890816194,1.79180054065857,2,0.0285849535633902,113.308513787981,-245.367209777113,0.482534907572985,0,102.905832828204,0,1,1,103.708212542771,32.5433596686345
11.8611588526685,2,29,24,209.447681888845,2.51021534036314,8,0.0285849535633902,121.440879780563,-241.107175030667,0.48253490757298,0,102.905832828205,0,1,1,103.795640333979,32.5816710815289
216.963905789036,2,29,24,212.856081418288,2.51704860628141,8,0.0285849535633902,122.543231037751,-240.529722581688,0.482534907572972,0,102.905832828206,0,1,1,103.807498608404,32.5868642361665
98.9802413570501,2,28,24,253.110343481491,2.29058408297541,8,0.0285849535633902,131.848380584118,-235.655340338616,0.482534907572983,0,102.905832828205,69.0668040670213,1.00015312398126,1,103.907666309548,32.6307006088335
22.7614045425864,1,9,41,187.512972307009,2.27481089100529,8,0.0710536940916583,980.789948760123,425.382255835224,0.661593179622388,0,25483.9220321104,0,180.075083390268,3,113.863713580551,38.5755545344707
12.6402517030836,2,28,24,317.476846807427,2.01636488550571,6,0.0285849535633902,142.376459979513,-230.140342110716,0.663582144463901,0,14524.3489399386,112.222771816042,212851784543.806,1,104.021149113286,32.680298179463
15.5998778491404,1,9,41,187.512972307009,1.87991344890642,6,0.0710536940916583,980.789948760123,425.382255835224,0.663582144463901,0,44127.2393850066,0,296.320068506058,3,113.863713580551,38.5755545344707
268.69669041556,3,28,24,492.597683400628,2.81163900927237,7,0.0285849535633902,148.718417472091,-226.818189701011,0.66480149813882,0.182266590565841,23258.8234733824,0,1.01229044620297,1,104.089586599052,32.7101750138651
264.501359845103,3,28,25,587.507048440783,2.08912934616116,6,0.0285849535633902,154.486666400292,-223.796567102778,0.482534907572979,0,102.905832828205,0,1,1,104.151883434707,32.7373491187403
194.658626753588,3,28,25,92.3416978398939,2.79610659633764,7,0.0285849535633902,170.127883441172,-215.60311784931,0.482534907572979,0,102.905832828205,0,1,1,104.321049346468,32.8110345781467
250.944614520514,3,28,25,76.1929762671648,1.99934047790066,8,0.0285849535633902,177.641320262849,-211.667301144212,0.482534907572983,0,102.905832828205,0,1,1,104.402435558895,32.846430228145
253.879863385722,3,28,25,429.405182407985,2.32350221534503,6,0.0285849535633902,191.628948420176,-204.340063040943,0.48253490757298,0,102.905832828205,0,1,1,104.554167635237,32.9123256635248
261.294335194041,3,27,25,724.79952296021,2.38636023795532,6,0.0285849535633902,202.47783899967,-198.657012023417,0.482534907572982,0,102.905832828205,0,1,1,104.672046250478,32.9634345692008
42.0554755288249,2,27,26,526.461961918339,1.81715935656543,8,0.0285849535633902,208.408854785457,-195.550126111959,0.482534907572978,0,102.905832828205,0,1,1,104.736561458358,32.9913754654738
262.382703144131,3,27,26,98.2675256930712,2.48948192424164,6,0.0285849535633902,220.028495550361,-189.463327578191,0.482534907572982,0,102.905832828205,0,1,1,104.863102286649,33.0461153597967
253.686211312837,3,27,26,50.206266761854,2.5595803236046,7,0.0285849535633902,222.587443057374,-188.122856022417,0.48253490757297,0,102.905832828205,0,1,1,104.890996033334,33.058170510119
104.579730967588,2,27,26,5.30082324101814,1.70796682962418,5,0.0285849535633902,227.319045999717,-185.644267016566,0.482534907572982,0,102.905832828205,0,1,1,104.942597631948,33.0804609965706
102.965630006714,2,27,26,68.2088152667803,2.58273326438997,6,0.0285849535633902,235.832597560251,-181.184553140356,0.48253490757298,0,102.905832828205,0,1,1,105.035525458935,33.1205681670215
455.288821815799,2,27,26,120.730867764024,1.64363629193087,8,0.0285849535633902,238.29024016568,-179.897148847064,0.482534907572977,0,102.905832828206,0,1,1,105.06237076564,33.1321460719866
277.859657720922,3,27,26,471.306752622268,2.64845287156163,6,0.0285849535633902,247.847278831153,-174.89081774672,0.482534907572981,0,102.905832828205,0,1,1,105.166846944751,33.1771690892358
221.022142450816,2,26,27,462.881678954971,2.53088550029328,8,0.0285849535633902,264.017835470209,-166.420080790884,0.482534907572979,0,102.905832828205,0,1,1,105.343921127917,33.2533482568602
257.022777167112,3,26,27,401.697859809414,2.29812761353419,7,0.0285849535633902,265.355992311878,-165.719104636231,0.482534907572992,0,102.905832828201,0,1,1,105.35859138393,33.2596522868713
277.437133250301,3,26,27,186.627586946579,2.26139100301119,7,0.0285849535633902,271.246727734761,-162.633319071921,0.482534907572983,0,102.905832828205,0,1,1,105.423202407915,33.2874034231635
102.40710348454,2,26,27,29.1988007894855,2.43433940258888,8,0.0285849535633902,280.186630480557,-157.950266641462,0.48253490757298,0,102.905832828205,0,1,1,105.521353041432,33.3295191254871
103.171317385724,2,26,27,39.2586473863754,2.39660103193583,8,0.0285849535633902,286.346222426236,-154.723644064901,0.482534907572978,0,102.905832828205,0,1,1,105.589045877563,33.3585368394595
266.182144974153,3,26,27,54.6247859250836,2.774388026862,6,0.0285849535633902,287.714871523497,-154.006694936524,0.482534907572986,0,102.905832828202,0,1,1,105.604094520512,33.3649845178745
98.6775048375563,2,26,28,638.966171400891,2.18262462105945,5,0.0285849535633902,307.88440308272,-143.441146688917,0.482534907572981,0,102.905832828205,0,1,1,105.826176849306,33.460002776049
275.251108880572,3,26,28,596.774301664519,2.18984491039619,5,0.0285849535633902,309.05250460748,-142.829251812642,0.482534907572976,0,102.905832828206,0,1,1,105.839056532803,33.4655056788768
263.73453016738,3,26,28,364.018042766861,1.95060165491417,7,0.0285849535633902,321.234420088019,-136.447912941187,0.482534907572983,0,102.905832828204,0,1,1,105.973493638898,33.5228944380947
219.361685497621,2,25,28,268.626640341012,2.28793342605183,5,0.0285849535633902,325.825291449761,-134.043044353703,0.482534907572978,0,102.905832828205,98.8014344074349,1.00010425016631,1,106.024213069083,33.5445219408959
20.6395167961557,1,11,40,465.078845346882,2.58186493671521,6,0.0282064645248662,962.997865077596,364.944199166414,0.664367707825521,0,18016.1671871961,0,139.010263930202,3,113.577457677522,38.0320220326506
270.985571323217,3,25,28,121.701416247187,2.09012858403366,8,0.0285849535633902,336.067209452526,-128.677948070305,0.666987958714699,0.184453051141726,11832.7731911263,0,1.00668401425063,1,106.137474163571,33.5927714109509
14.2293402110867,2,25,28,125.816972155503,1.85340328682727,7,0.0285849535633902,338.441849327396,-127.434023683913,0.482534907572973,0,102.905832828207,0,1,1,106.163755916428,33.603958291719
260.101149162126,3,25,28,199.810222771386,2.40201231339927,5,0.0285849535633902,344.419794380601,-124.302554482671,0.482534907572983,0,102.905832828204,0,1,1,106.229953898049,33.6321202708284
98.7018536105954,2,25,28,232.948064658437,2.41117387128497,5,0.0285849535633902,345.931390529753,-123.510724389946,0.48253490757297,0,102.905832828203,0,1,1,106.246701026186,33.6392413699345
222.508280530658,2,25,28,303.694856152774,1.61720689180422,4,0.0285849535633902,348.535488910174,-122.146601133088,0.482534907572983,0,102.905832828206,0,1,1,106.275559825956,33.6515092251148
260.410096750551,3,25,28,473.697440212781,2.45485347328312,5,0.0285849535633902,353.201686876243,-119.702273678153,0.482534907572985,0,102.905832828204,0,1,1,106.327295417933,33.6734915900364
20.8313029325899,2,25,29,452.098911694526,2.49602396425244,5,0.0285849535633902,361.446951011853,-115.383098699634,0.482534907572981,0,102.905832828205,0,1,1,106.418789992907,33.7123348638157
90.3015488382896,2,25,29,165.256856285636,2.56848304488387,5,0.0285849535633902,374.541036609025,-108.523931309999,0.482534907572979,0,102.905832828205,0,1,1,106.564291575311,33.7740208381368
97.7622097228222,2,25,29,170.174938822769,2.42031028887119,6,0.0285849535633902,379.426280547937,-105.964859455189,0.482534907572982,0,102.905832828204,0,1,1,106.618639775461,33.7970351242381
267.088647116489,3,24,29,302.230342924223,1.76743822080709,8,0.0285849535633902,390.617398459977,-100.102537075656,0.482534907572982,0,102.905832828205,0,1,1,106.743270367784,33.8497562560058
257.93650294154,3,24,29,302.71217681097,2.35538859696726,6,0.0285849535633902,391.145473114258,-99.8259119977874,0.482534907572998,0,102.905832828195,0,1,1,106.74915576677,33.8522440050985
6.40020029033821,2,24,29,361.827451239584,1.89266576161459,4,0.0285849535633902,397.362564312912,-96.5691691812142,0.482534907572979,0,102.905832828206,0,1,1,106.818475567002,33.8815325968971
11.3779753512294,2,24,29,576.147951078162,2.70251855651423,5,0.0285849535633902,405.184502353275,-92.4717481026636,0.482534907572977,0,102.905832828205,0,1,1,106.905768390243,33.918381589942
13.3236421003654,2,24,30,380.428256617858,2.21026757108115,6,0.0285849535633902,414.17953517784,-87.7598164934585,0.482534907572983,0,102.905832828204,0,1,1,107.006262020902,33.9607570089597
0,2,24,30,287.86015308043,2.41757361445226,7,0.0285849535633902,416.575155153569,-86.504901952574,0.482534907572977,0,102.905832828206,421.253718300385,1.00010484399722,1,107.033045861982,33.9720427265617
19.0825796924226,1,10,41,701.409565459978,2.20233429703911,6,0.0528785722179831,972.753369691531,405.137280998959,0.723885128430322,0,39957.4606003877,0,180.631362579585,3,113.743492547912,38.3934871016553
247.648840023038,3,24,30,96.9757217906186,2.15162444798186,6,0.0285849535633902,423.817004170859,-82.7113530062636,0.726545857899803,0.244010950326825,12065.569414781,0,1.01907793774178,1,107.114062505114,34.006158931867
272.18178626191,3,24,30,39.7088495880815,2.33744131169758,7,0.0285849535633902,430.058032154462,-79.4420712144773,0.482534907572978,0,102.905832828205,0,1,1,107.183943349097,34.0355602893789
99.9391993693685,2,24,30,66.6872454739258,2.3066780704662,7,0.0285849535633902,435.163523301885,-76.767625708024,0.482534907572981,0,102.905832828204,0,1,1,107.24115134661,34.0596121556569
103.640186446213,2,24,30,393.101428024182,2.19022300873257,4,0.0285849535633902,447.19680902025,-70.4641446152022,0.482534907572984,0,102.905832828205,0,1,1,107.376135300705,34.1163007230497
220.560750491046,2,24,30,636.107474089848,1.98034225251133,6,0.0285849535633902,452.175782743689,-67.8559736250087,0.482534907572973,0,102.905832828207,0,1,1,107.432048249207,34.1397565682838
262.292782244636,3,23,31,419.311252144061,1.8991464043911,6,0.0285849535633902,466.347600511204,-60.4322501766316,0.482534907572982,0,102.905832828204,0,1,1,107.591390815913,34.2065197172187
266.88884336874,3,23,31,130.591424174035,2.62556500178604,5,0.0285849535633902,474.363917172435,-56.2330063715069,0.482534907572978,0,102.905832828204,0,1,1,107.681651501377,34.2442844240434
252.122820162156,3,23,31,10.2942275777392,2.02711908096477,7,0.0285849535633902,481.64545189903,-52.4186685796461,0.482534907572987,0,102.905832828205,0,1,1,107.763719138353,34.2785875879283
260.966598220764,3,23,31,104.687358842081,1.74148480253505,6,0.0285849535633902,493.549576231154,-46.1828470085168,0.482534907572977,0,102.905832828205,0,1,1,107.898051045823,34.334667678624
258.628509067494,3,23,31,274.389940238352,2.48610344608788,4,0.0285849535633902,499.159647396338,-43.2440837856715,0.482534907572989,0,102.905832828204,0,1,1,107.961428653332,34.3610966112339
6.39829521783803,2,23,31,444.796197112912,2.48112559254033,5,0.0285849535633902,503.16845376176,-41.144122418457,0.482534907572971,0,102.905832828206,0,1,1,108.006744394838,34.3799820175252
8.25239182606428,2,23,31,769.585671817552,1.7482437896887,3,0.0285849535633902,509.060283382402,-38.057763672802,0.482534907572972,0,102.905832828205,0,1,1,108.073387982557,34.407738308561
262.299911052939,3,23,32,705.197903038601,1.77288631949335,3,0.0285849535633902,513.669836488617,-35.6431088950933,0.482534907572992,0,102.905832828203,0,1,1,108.125562403516,34.4294538206853
242.450139226419,3,22,32,574.567340373144,1.81626025393218,7,0.0285849535633902,517.986949240595,-33.3816452147169,0.48253490757299,0,102.905832828204,0,1,1,108.174454549406,34.4497916521729
257.866515590139,3,22,32,190.789368780342,2.61334488051221,4,0.0285849535633902,527.618939750019,-28.3360515602981,0.482534907572979,0,102.905832828204,0,1,1,108.283635601511,34.495167766054
36.5351370040765,2,22,32,42.8786031121398,2.65148454266258,4,0.0285849535633902,537.469639940914,-23.1758896678903,0.482534907572981,0,102.905832828205,0,1,1,108.39543416299,34.5415742168528
9.6140311920873,2,22,32,41.7231478397263,2.65536798102337,4,0.0285849535633902,538.5965476021,-22.5855736642736,0.482534907572961,0,102.905832828201,0,1,1,108.408232696977,34.5468830562165
249.295037085794,3,22,32,65.5874379971251,1.67529007367379,7,0.0285849535633902,542.765707806449,-20.40161301245,0.482534907572977,0,102.905832828206,149.74791524368,1.00033703695702,1,108.455598671512,34.5665238862231
0,3,10,41,701.409565459978,2.53379928611539,4,0.0528785722179831,972.753369691531,405.137280998959,0.780198175454471,0,24759.0781937496,0,131.677020973755,3,113.743492547912,38.3934871016553
273.564049745772,3,22,32,237.992705607013,2.2017844854785,5,0.0285849535633902,550.846445276789,-16.1686231996503,0.784685389476138,0.302150481903151,9285.31313065847,0,1.00823343957075,1,108.547475585815,34.604592078186
240.366260154866,3,22,32,314.350443071068,2.18852957013145,5,0.0285849535633902,553.062439804675,-15.0078031264592,0.482534907572987,0,102.905832828207,0,1,1,108.57268760219,34.61503158391
275.842174784431,3,22,32,352.49775318404,1.6123871272982,7,0.0285849535633902,554.052174980618,-14.4893431551366,0.482534907572903,0,102.905832828205,0,1,1,108.58395039581,34.6196942064501
268.124693687256,3,22,32,664.304790031943,2.7059572746592,4,0.0285849535633902,560.538611788942,-11.0915071244796,0.482534907572987,0,102.905832828205,0,1,1,108.657798438843,34.6502516800075
258.038938661139,3,22,33,604.550248297054,2.34266811110292,6,0.0285849535633902,562.890569876949,-9.85946429878362,0.482534907572976,0,102.905832828203,0,1,1,108.684590455704,34.6613317073332
242.220271819672,3,22,33,532.032439566843,2.69582689748606,4,0.0285849535633902,564.841522508158,-8.83748299528565,0.482534907572977,0,102.905832828206,0,1,1,108.706820525317,34.670522606004
455.219966987052,2,22,33,411.832941342378,2.08779712876391,3,0.0285849535633902,568.91750436639,-6.70233261496708,0.482534907572982,0,102.905832828204,0,1,1,108.753281887666,34.6897244746931
224.253957220745,2,22,33,335.335544069057,2.06628547295011,5,0.0285849535633902,572.896754429216,-4.61785393460553,0.482534907572994,0,102.905832828203,0,1,1,108.798663734097,34.7084706418363
254.960126742004,3,22,33,304.252509727361,2.69409403784444,4,0.0285849535633902,575.911241456981,-3.03875389253841,0.48253490757297,0,102.905832828209,0,1,1,108.833058023163,34.7226718296937
22.8954901409455,1,21,33,240.363645264778,2.17583253015336,3,0.0285849535633902,584.666854891598,1.54776096573789,0.482534907572985,0,102.905832828204,37.2686946552895,1.00087964669313,1,108.933030950817,34.7639193487729
22.6081541151826,1,10,41,701.409565459978,2.21025159558539,6,0.0528785722179831,972.753369691531,405.137280998959,0.804978172563636,0.804978172563636,12989.7640224804,0,1,3,113.743492547912,38.3934871016553
19.4766083570898,1,10,41,701.409565459978,2.13784128831467,3,0.0528785722179831,972.753369691531,405.137280998959,0,0,0,32.4620752444256,1,3,113.743492547912,38.3934871016553
18.0797329425668,1,21,33,259.678492593048,2.64172723779884,4,0.0285849535633902,601.028022512952,10.1183470194115,0.815768686105885,0.333233778532903,8309.23591212129,0,1.00693562322397,1,109.120141556588,34.8409964809074
263.438554325141,3,21,33,301.019920517719,2.28252247219505,3,0.0285849535633902,602.735803107278,11.012945796418,0.482534907572983,0,102.905832828207,0,1,1,109.139694433112,34.8490418009953
265.266990343473,3,21,33,406.180423489452,2.62351662022894,4,0.0285849535633902,606.156399549897,12.8047810030994,0.482534907572966,0,102.905832828204,0,1,1,109.178870484725,34.8651561621515
259.272609919297,3,21,33,566.385127964352,2.06945768251535,6,0.0285849535633902,610.143237778402,14.8932346459116,0.482534907572986,0,102.905832828204,0,1,1,109.224552990769,34.8839380769909
8.50081402069693,2,21,34,604.990068732487,2.33494958800116,3,0.0285849535633902,612.839592888566,16.3056853974564,0.482534907572989,0,102.905832828205,0,1,1,109.255461709286,34.8966405517725
256.58482748453,3,21,34,458.948768585157,2.57278647423473,4,0.0285849535633902,616.029182919823,17.9765108832334,0.482534907572974,0,102.905832828206,92.7743570617149,1.00039496750153,1,109.29203798939,34.9116666463633
102.775609823376,2,10,41,701.409565459978,2.27243306162061,3,0.0528785722179831,972.753369691531,405.137280998959,0.826291066956302,0,11789.2617070444,0,70.5569816104509,3,113.743492547912,38.3934871016553
266.32097334713,3,21,34,131.553257384014,1.95487173806548,6,0.0285849535633902,629.074160459095,24.8099536518685,0.83597348830665,0.353438580733668,5206.70349929615,0,1.0321580245018,1,109.441782564652,34.9731212736097
219.06074887123,2,21,34,138.873358711756,1.9117556496257,6,0.0285849535633902,636.496504631639,28.698052650851,0.482534907572982,0,102.905832828204,0,1,1,109.527093917043,35.008087787967
10.5250335536767,2,21,34,211.730432867656,2.45151348059314,4,0.0285849535633902,640.998627097191,31.0564312768871,0.482534907572973,0,102.905832828205,0,1,1,109.578879371782,35.0292971965003
21.3756731359703,1,20,34,369.210068345886,2.42332093345068,4,0.0285849535633902,647.167089390542,34.2877004703525,0.482534907572982,0,102.905832828204,28.9799712564109,1.00091872697796,1,109.649879282394,35.0583566985026
20.5431208366994,1,10,41,701.409565459978,1.71632092400735,2,0.0528785722179831,972.753369691531,405.137280998959,0.85029965994714,0,7162.68560278837,0,31.1553392861818,3,113.743492547912,38.3934871016553
265.866257797564,3,20,35,201.374651952267,2.46582206245419,5,0.0285849535633902,674.41708901287,48.5622603386179,0.87409101318731,0,2021.04187323999,14.143701784504,92983930166.0452,1,109.964187409309,35.1867308995477
19.7549725844026,1,10,41,701.409565459978,2.25903709430471,4,0.0528785722179831,972.753369691531,405.137280998959,0.87409101318731,0,13734.0429425372,35.1394630728389,151.338285133386,3,113.743492547912,38.3934871016553
246.727985100788,3,20,35,74.1746589257418,2.23243836107854,4,0.0285849535633902,679.826670099411,51.3959994267756,0.879165360929982,0.396630453357017,18016.3432887603,0,1.02945319066775,1,110.026710222621,35.2122153274229
98.4538883038253,2,20,35,20.1636854430766,1.96530435442548,2,0.0285849535633902,685.976858590122,54.6176961250695,0.482534907572966,0,102.905832828207,36.9901986245925,1.00119085219267,1,110.097844084131,35.2411887419078
0,3,10,41,701.409565459978,1.65155251164573,6,0.0528785722179831,972.753369691531,405.137280998959,0.88508773369822,0,9087.35339539433,0,35.3323522734842,3,113.743492547912,38.3934871016553
461.798328631699,2,20,35,623.67271230161,2.66942469129539,3,0.0285849535633902,708.111910714834,66.212856900135,0.907855847854654,0.425320940281713,2228.13914431059,0,1.0013424916931,1,110.354312346156,35.345466527999
461.315913028457,2,20,35,638.599867549637,2.09571862958647,2,0.0285849535633902,708.379351942952,66.3529525285727,0.482534907572941,0,102.9058328282,0,1,1,110.357415379726,35.3467264382544
259.965404692928,3,19,36,529.607014111684,2.00044646666768,4,0.0285849535633902,719.979958628975,72.4297803062933,0.482534907572982,0,102.905832828204,0,1,1,110.492112715041,35.401376663414
230.228787455798,3,19,36,337.043122916142,1.97657050863876,4,0.0285849535633902,724.120644142146,74.5988248594162,0.48253490757299,0,102.905832828204,0,1,1,110.540238171968,35.4208833497222
89.6024441125875,2,19,36,275.941965449504,2.18615641936224,2,0.0285849535633902,725.677590631094,75.4144111411117,0.482534907572977,0,102.905832828207,0,1,1,110.558340306448,35.4282180933684
260.327763688599,3,19,36,9.71457109968697,2.25725325597698,2,0.0285849535633902,738.10524551216,81.9244774192982,0.482534907572979,0,102.905832828205,0,1,1,110.70295811251,35.4867645259678
101.484483482764,2,19,36,26.4507274015655,2.07165719507318,5,0.0285849535633902,744.53090105987,85.2904739726886,0.482534907572982,0,102.905832828204,0,1,1,110.777819360985,35.5170356602269
256.444054120238,3,19,36,200.151543912753,2.33909503680781,2,0.0285849535633902,752.715220216392,89.5777237121359,0.48253490757298,0,102.905832828205,0,1,1,110.873255902911,35.5555918234334
258.458946279662,3,19,36,271.339376852794,2.54334034283195,3,0.0285849535633902,754.790739576976,90.6649576857509,0.482534907572984,0,102.905832828204,0,1,1,110.897473684423,35.565369553465
220.356031231643,2,19,37,730.136847250089,2.48307396013183,3,0.0285849535633902,766.126763294616,96.6031870974291,0.482534907572976,0,102.905832828205,0,1,1,111.029855425827,35.6187733335733
274.545943103801,3,19,37,574.74548321323,1.91373201275403,5,0.0285849535633902,771.408589152157,99.3700032611785,0.482534907572991,0,102.905832828204,0,1,1,111.091599715236,35.6436559091299
98.6674486379917,2,19,37,515.029234207241,2.4423120275937,3,0.0285849535633902,774.619742424966,101.052124372158,0.482534907572977,0,102.905832828204,18.7460973883694,1.00125210562343,1,111.129157606304,35.6587835877187
15.0824599158171,1,10,41,701.409565459978,2.38255845377457,3,0.0528785722179831,972.753369691531,405.137280998959,0.993316217810225,0.993316217810225,2480.22883891793,0,1,3,113.743492547912,38.3934871016553
0,3,10,41,701.409565459978,2.35638015798328,3,0.0528785722179831,972.753369691531,405.137280998959,0,0,0,39.2047629321953,1,3,113.743492547912,38.3934871016553
219.712191285712,2,18,37,78.5468025873378,2.32980855957086,3,0.0285849535633902,797.081308893894,112.818325463515,1.02967108911411,0.547136181541139,8381.04345809039,0,1.07422526798233,1,111.392285567787,35.7645995763291
220.665238028478,2,18,37,338.712278846367,2.26504372099304,3,0.0285849535633902,808.811856266819,118.963220989501,0.482534907572975,0,102.905832828205,0,1,1,111.529993280318,35.8198619494554
101.16107095509,2,18,38,289.027156125642,2.61798720121995,2,0.0285849535633902,827.876887983935,128.950191279707,0.48253490757298,0,102.905832828205,0,1,1,111.754225599077,35.9096769310519
252.836004586227,3,18,38,243.967480521226,1.58182638180589,5,0.0285849535633902,831.940445874861,131.078833525436,0.482534907572984,0,102.905832828205,0,1,1,111.802086677066,35.9288202706805
268.841895826241,3,18,38,275.140856475744,2.05198864027418,1,0.0285849535633902,839.721615547221,135.154898621681,0.482534907572983,0,102.905832828204,0,1,1,111.893800692593,35.9654772047623
267.799915448554,3,17,38,214.810881345158,2.03750995653322,3,0.0285849535633902,848.949544806695,139.988830016181,0.482534907572978,0,102.905832828205,0,1,1,112.002680346906,36.0089497942084
99.3715511163283,2,17,38,326.758462465317,1.98832814240959,3,0.0285849535633902,857.596850448105,144.518609237768,0.48253490757298,0,102.905832828205,0,1,1,112.104820718425,36.0496870774485
101.772109404547,2,17,39,378.935708395554,2.57405016540166,2,0.0285849535633902,872.932490299742,152.551985832789,0.482534907572981,0,102.905832828205,0,1,1,112.286227646284,36.1219329688524
251.43220087898,3,17,39,220.871335494631,1.87141745314186,3,0.0285849535633902,877.75274419792,155.0770134953,0.482534907572994,0,102.905832828202,0,1,1,112.343316999674,36.1446410881767
259.927555181237,3,17,39,109.32043720921,2.28620893065045,1,0.0285849535633902,883.540886223391,158.109056835253,0.48253490757296,0,102.905832828205,0,1,1,112.411913945562,36.1719089090338
247.067356339404,3,17,39,82.0051642932051,2.38866596239256,1,0.0813021092982625,887.617127534475,160.244343126593,0.482534907572996,0,21.3013841056396,6.58313470929694,1.00467315368269,1,112.460251653303,36.191112
0,3,10,41,701.409565459978,1.93836752306568,4,0.0528785722179831,972.753369691531,405.137280998959,1.2362194503495,0,5140.96097025707,0,51853922030.4051,3,113.743492547912,38.3934871016553
8.7146517583022,2,17,39,82.0051642932051,1.87839334267735,4,0.0813021092982625,887.617127534475,160.244343126593,1.2362194503495,1.2362194503495,4264.0267808153,0,1,1,112.460251653303,36.191112
223.955591172196,2,17,39,82.0051642932051,2.45764080709047,1,0.0813021092982625,887.617127534475,160.244343126593,0,0,0,9.66411972980261,1,1,112.460251653303,36.191112
0,3,10,41,701.409565459978,1.60626725906791,3,0.0528785722179831,972.753369691531,405.137280998959,1.2362194503495,0,1651.00062421988,0.298245680722644,51853922030.4051,3,113.743492547912,38.3934871016553
249.072056481403,3,17,39,82.0051642932051,2.43990817012404,3,0.0813021092982625,887.617127534475,160.244343126593,1.2362194503495,1.2362194503495,1819.60973608214,0,1,1,112.460251653303,36.191112
99.6456755785899,2,17,39,82.0051642932051,2.6062863553456,1,0.0813021092982625,887.617127534475,160.244343126593,0,0,0,12.8481437230865,1,1,112.460251653303,36.191112
21.9685305763688,1,10,41,701.409565459978,2.57408411286349,1,0.0528785722179831,972.753369691531,405.137280998959,1.2362194503495,0,10025.7073128178,0,51853922030.4051,3,113.743492547912,38.3934871016553
254.662856563148,3,17,39,82.0051642932051,2.09562159994112,2,0.0813021092982625,887.617127534475,160.244343126593,1.2362194503495,1.2362194503495,4126.54302141915,0,1,1,112.460251653303,36.191112
257.150744992233,3,17,39,82.0051642932051,2.61555900830879,1,0.0813021092982625,887.617127534475,160.244343126593,0,0,0,0,1,1,112.460251653303,36.191112
286.742165013036,3,17,39,82.0051642932051,2.61078704543585,1,0.0813021092982625,887.617127534475,160.244343126593,0,0,0,0,1,1,112.460251653303,36.191112
249.98872822693,3,17,39,82.0051642932051,2.20709630128934,3,0.0813021092982625,887.617127534475,160.244343126593,0,0,0,0,1,1,112.460251653303,36.191112
13.5010537381949,2,17,39,82.0051642932051,2.60091638981228,1,0.0813021092982625,887.617127534475,160.244343126593,0,0,0,0,1,1,112.460251653303,36.191112
275.464440820418,3,17,39,82.0051642932051,1.95696506197749,2,0.0813021092982625,887.617127534475,160.244343126593,0,0,0,0,1,1,112.460251653303,36.191112
92.2801900175034,2,17,39,82.0051642932051,2.58598849810932,1,0.0813021092982625,887.617127534475,160.244343126593,0,0,0,0,1,1,112.460251653303,36.191112
225.731764197126,2,17,39,82.0051642932051,1.91730077227522,2,0.0813021092982625,887.617127534475,160.244343126593,0,0,0,0,1,1,112.460251653303,36.191112
222.107082471193,2,17,39,82.0051642932051,2.56232050328579,1,0.0813021092982625,887.617127534475,160.244343126593,0,0,0,0,1,1,112.460251653303,36.191112
455.912348775546,2,17,39,82.0051642932051,2.53505642015099,1,0.0813021092982625,887.617127534475,160.244343126593,0,0,0,0,1,1,112.460251653303,36.191112
19.2006157165204,1,17,39,82.0051642932051,1.97652775090279,3,0.0813021092982625,887.617127534475,160.244343126593,0,0,0,0,1,1,112.460251653303,36.191112
237.693615378894,3,17,39,82.0051642932051,1.95506055348141,3,0.0813021092982625,887.617127534475,160.244343126593,0,0,0,0,1,1,112.460251653303,36.191112
266.608936125301,3,17,39,82.0051642932051,1.90322915235477,3,0.0813021092982625,887.617127534475,160.244343126593,0,0,0,0,1,1,112.460251653303,36.191112
10,2,17,39,82.0051642932051,1.89001315926263,3,0.0813021092982625,887.617127534475,160.244343126593,0,0,0,0,1,1,112.460251653303,36.191112
103.362625248058,2,17,39,82.0051642932051,2.41958833356247,1,0.0813021092982625,887.617127534475,160.244343126593,0,0,0,0,1,1,112.460251653303,36.191112
252.991696777687,3,17,39,82.0051642932051,2.38037436175365,1,0.0813021092982625,887.617127534475,160.244343126593,0,0,0,0,1,1,112.460251653303,36.191112
230.798743152092,3,17,39,82.0051642932051,1.78600869918266,3,0.0813021092982625,887.617127534475,160.244343126593,0,0,0,0,1,1,112.460251653303,36.191112
8.05828773025851,2,17,39,82.0051642932051,1.6802972710191,8,0.0813021092982625,887.617127534475,160.244343126593,0,0,0,0,1,1,112.460251653303,36.191112
256.357932199045,3,17,39,82.0051642932051,1.71339225253358,8,0.0813021092982625,887.617127534475,160.244343126593,0,0,0,0,1,1,112.460251653303,36.191112
94.3629226678235,2,17,39,82.0051642932051,2.35319069010198,2,0.0813021092982625,887.617127534475,160.244343126593,0,0,0,16.5609858610336,1,1,112.460251653303,36.191112
20.1455759973896,1,12,41,454.609529626591,1.75525252460741,8,0.0797067430084799,1013.93719518877,330.567699179345,0.932661615980778,0,6597.52017319806,0,42410755762.7819,3,114.115440738764,37.7228667409083
255.001799185875,3,17,39,82.0051642932051,2.30937154365321,2,0.0813021092982625,887.617127534475,160.244343126593,0.932661615980778,0.932661615980778,3554.75389518598,0,1,1,112.460251653303,36.191112
249.109942494575,3,17,39,82.0051642932051,2.27141951213649,2,0.0813021092982625,887.617127534475,160.244343126593,0,0,0,0,1,1,112.460251653303,36.191112
454.319735898436,2,17,39,82.0051642932051,2.04137535607919,1,0.0813021092982625,887.617127534475,160.244343126593,0,0,0,0,1,1,112.460251653303,36.191112
258.038938661139,3,17,39,82.0051642932051,2.03172892260682,1,0.0813021092982625,887.617127534475,160.244343126593,0,0,0,0,1,1,112.460251653303,36.191112
263.053497059286,3,17,39,82.0051642932051,1.91823533591605,8,0.0813021092982625,887.617127534475,160.244343126593,0,0,0,10.1341603486434,1,1,112.460251653303,36.191112
0,3,12,41,454.609529626591,2.17204258222804,2,0.0797067430084799,1013.93719518877,330.567699179345,0.932661615980778,0.932661615980778,2107.96793828306,0,1,3,114.115440738764,37.7228667409083
20.1438061240095,1,12,41,454.609529626591,2.10518168570528,2,0.0797067430084799,1013.93719518877,330.567699179345,0,0,0,4.33674677507925,1,3,114.115440738764,37.7228667409083
264.867884404923,3,17,39,82.0051642932051,2.09079329650812,8,0.0813021092982625,887.617127534475,160.244343126593,0.932661615980778,0.932661615980778,2089.49631684241,0,1,1,112.460251653303,36.191112
261.052287124588,3,17,39,82.0051642932051,2.1009058938445,8,0.0813021092982625,887.617127534475,160.244343126593,0,0,0,0,1,1,112.460251653303,36.191112
270.27332344601,3,17,39,82.0051642932051,1.76840953187134,1,0.0813021092982625,887.617127534475,160.244343126593,0,0,0,0,1,1,112.460251653303,36.191112
103.571384131325,2,17,39,82.0051642932051,2.19170543464598,8,0.0813021092982625,887.617127534475,160.244343126593,0,0,0,27.2278690913941,1,1,112.460251653303,36.191112
20.244250054359,1,12,41,454.609529626591,2.1695542420269,8,0.0797067430084799,1013.93719518877,330.567699179345,0.932661615980778,0,7362.4574747633,0,42410755762.7819,3,114.115440738764,37.7228667409083
270.298946282736,3,17,39,82.0051642932051,1.68559121510627,1,0.0813021092982625,887.617127534475,160.244343126593,0.932661615980778,0.932661615980778,3420.00332817783,0,1,1,112.460251653303,36.191112
314.76172768188,3,17,39,82.0051642932051,1.66239089041678,1,0.0813021092982625,887.617127534475,160.244343126593,0,0,0,0,1,1,112.460251653303,36.191112
259.029193081739,3,17,39,82.0051642932051,2.26598352377501,8,0.0813021092982625,887.617127534475,160.244343126593,0,0,0,53.8989088198311,1,1,112.460251653303,36.191112
15.0171804483444,1,12,41,454.609529626591,1.827365309196,2,0.0797067430084799,1013.93719518877,330.567699179345,0.932661615980778,0.135457004037253,2043.98992771704,20.4244481207826,13.4288919107155,3,114.115440738764,37.7228667409083
247.966321414579,3,17,38,494.559081623479,2.33524155929807,8,0.0813021092982625,856.249871579182,169.112257852951,0.797204611943524,1.07272682155395,9672.15523503681,0,1.03406372021689,1,112.118720665011,36.2708630731286
239.829678227114,3,16,38,168.657823012879,1.77525017490111,2,0.0813021092982625,840.791415281617,173.482556371997,-0.275522209610428,0,292.687593473746,0,1,1,111.950125191206,36.3101661119535
109.062760760409,2,16,38,238.954883759529,1.62540829301672,7,0.0813021092982625,829.413686998805,176.699182153209,-0.275522209610431,0,292.687593473745,0,1,1,111.825916784257,36.3390939225855
298.876453225068,3,16,37,215.341601616428,1.87575985116741,6,0.0813021092982625,804.814981984906,183.653543055961,-0.275522209610429,0,292.687593473746,0,1,1,111.557033213865,36.4016359927375
95.802626982934,2,16,37,334.758483307233,1.93394463549435,6,0.0813021092982625,773.176123812691,192.598243118677,-0.27552220961043,0,292.687593473745,0,1,1,111.210502731517,36.4820776129861
214.145848433157,2,15,36,559.945269900106,2.03219662783672,6,0.0813021092982625,719.348830938753,207.815890586378,-0.27552220961043,0,292.687593473745,0,1,1,110.619159087225,36.6189332045757
261.800970265985,3,15,35,219.927734683453,2.09183885569881,8,0.0813021092982625,701.258859145379,212.930151377775,-0.275522209610432,0,292.687593473745,0,1,1,110.419917400625,36.6649268568558
244.168765826021,3,15,35,13.3499375023617,2.06582171547555,8,0.0813021092982625,687.484252297312,216.824404642768,-0.27552220961043,0,292.687593473745,0,1,1,110.268034040442,36.6999487178571
261.583086622132,3,15,35,94.2388687998889,2.66804698364818,7,0.0813021092982625,678.773233809926,219.287118283896,-0.275522209610428,0,292.687593473745,0,1,1,110.171907254521,36.7220964337236
262.798680043247,3,15,34,578.167529711032,2.15036109147435,6,0.0813021092982625,661.152274890896,224.268783282369,-0.275522209610429,0,292.687593473746,0,1,1,109.977278004487,36.7668976233894
255.612903738698,3,15,34,298.797315749417,2.67259017128243,7,0.0813021092982625,653.62328185326,226.397323577009,-0.275522209610437,0,292.68759347374,0,1,1,109.894044130776,36.7860400461498
94.247710761566,2,15,34,104.591110966058,2.66503176795256,7,0.0813021092982625,640.580192338535,230.084767762426,-0.27552220961043,0,292.687593473746,0,1,1,109.749746878571,36.8192020284154
252.996271878455,3,15,34,142.236100157669,2.66071897975543,7,0.0813021092982625,634.292078265423,231.862496087449,-0.275522209610425,0,292.687593473747,0,1,1,109.680133421373,36.8351895233369
251.884180643934,3,14,33,406.379041581435,1.91547429626874,8,0.0813021092982625,601.68945399287,241.079664854668,-0.27552220961043,0,292.687593473746,0,1,1,109.318708047592,36.9180815135145
220.302137409887,2,14,33,83.023496516447,2.30242506406804,6,0.0813021092982625,581.029387186553,246.920523581374,-0.275522209610432,0,292.687593473744,0,1,1,109.089246971723,36.9706096180149
260.799143336493,3,14,33,515.604374638713,1.84448971245753,8,0.0813021092982625,563.862707068948,251.77375829322,-0.275522209610429,0,292.687593473746,27.3264028560723,1.07675892110631,1,108.898332511094,37.0142558063645
0,3,12,41,454.609529626591,2.30583823456096,6,0.0797067430084799,1013.93719518877,330.567699179345,0.173312292668744,0.0346337111079206,6288.72089771546,6.50305394002901,24.1539645470493,3,114.115440738764,37.7228667409083
210.666913547661,3,14,32,155.916440563864,1.62361129943293,5,0.0813021092982625,526.032919558423,262.468711343552,0.138678581560824,0.414200791171271,7989.69356062002,0,1.00042952608989,1,108.476809439521,37.110437829889
266.547736495015,3,14,32,219.323369980019,2.5524609682832,7,0.0813021092982625,523.601801257047,263.156018828051,-0.275522209610447,0,292.687593473742,0,1,1,108.449682315516,37.1166189345962
221.594904713923,2,13,31,188.959103254511,1.69428683777578,8,0.0813021092982625,477.873178979159,276.084071045693,-0.27552220961043,0,292.687593473745,0,1,1,107.938572075124,37.2328837014139
274.84339920975,3,13,31,200.609310255201,1.7099167845944,5,0.0813021092982625,476.399965243741,276.500566954612,-0.275522209610451,0,292.687593473746,0,1,1,107.92207885903,37.2366293391106
280.056525576812,3,13,30,575.093091676455,2.4572151121566,7,0.0813021092982625,456.650092202089,282.0841025447,-0.275522209610429,0,292.687593473745,0,1,1,107.700808034189,37.2868432810464
261.007126414977,3,13,30,307.620610739451,2.55674293403242,6,0.0813021092982625,450.449473361227,283.837094875613,-0.275522209610428,0,292.687593473747,0,1,1,107.631275804685,37.3026083198284
262.798531237263,3,13,30,79.9361046459263,1.59942678297569,8,0.0813021092982625,424.986113245311,291.035904566723,-0.27552220961043,0,292.687593473745,0,1,1,107.345422134077,37.3673487707496
103.006417712684,2,13,30,179.442391224395,2.38921766904697,7,0.0813021092982625,420.695318700038,292.248965734396,-0.275522209610431,0,292.687593473742,0,1,1,107.297203658163,37.3782580919234
12.8522191551514,2,12,28,405.245580836723,1.95106125337468,5,0.0813021092982625,349.163846704442,312.471805590452,-0.27552220961043,0,292.687593473745,0,1,1,106.491246968224,37.5601264600793
7.09530294623008,2,12,28,26.5536778270414,2.23202400067603,7,0.0813021092982625,332.82882482241,317.08992013989,-0.275522209610431,0,292.687593473746,0,1,1,106.30663909661,37.6016581620085
9.81552479782719,2,12,27,89.600672737412,2.08380521512979,5,0.0813021092982625,283.240696143985,331.10910298415,-0.27552220961043,0,292.687593473745,17.9792203510195,1.14823920769255,1,105.744953980846,37.7277357023002
0,3,12,41,454.609529626591,2.58858502329693,6,0.0797067430084799,1013.93719518877,330.567699179345,-0.000740941973085836,0.00872325674797546,11688.4616479374,113.024599122019,61.2470099207932,3,114.115440738764,37.7228667409083
252.61752272692,3,12,27,667.304526608169,2.08959318819012,7,0.0813021092982625,259.912951471091,337.704147536734,-0.0094641987210613,0.266058010889368,37124.8393809932,0,1.00252108218251,1,105.480058525432,37.7870463628815
17.9904442172012,2,11,25,424.907029347707,2.25550536922317,5,0.0813021092982625,199.066109253779,354.906309208777,-0.27552220961043,0,292.687593473745,0,1,1,104.787126301723,37.9417491194833
279.610567200374,3,11,25,198.524033236506,2.32150336871955,5,0.0813021092982625,166.90792493818,363.997829253492,-0.27552220961043,0,292.687593473746,0,1,1,104.419740600942,38.0235111235518
208.455667237356,3,11,25,658.206960653009,2.34502723169332,5,0.0813021092982625,155.437614234168,367.240629240619,-0.275522209610432,0,292.687593473742,131.246296009873,1.02773858559746,1,104.288505251514,38.0526743244728
0,3,12,41,454.609529626591,2.51458843273146,6,0.0797067430084799,1013.93719518877,330.567699179345,-0.0426915150125504,0.00419087925200212,19535.01026761,413.083688900062,109.13868356262,3,114.115440738764,37.7228667409083
15.8975292327091,1,11,24,403.826103614788,2.09220860156469,8,0.0813021092982625,140.148532189514,371.563043544552,-0.0468823942645525,0.228639815345845,84947.8308921194,0,1.00002176731417,1,104.113418958458,38.0915467302054
9.22705383512954,2,11,24,392.724761899442,2.38266278196631,5,0.0813021092982625,139.443313377166,371.762417704033,-0.275522209610398,0,292.687593473746,0,1,1,104.105338600493,38.0933397450982
2.23785336913241,2,10,24,291.915645436492,2.6890868699771,6,0.0813021092982625,132.829931024249,373.632103431151,-0.275522209610438,0,292.687593473742,0,1,1,104.029543998356,38.110154232805
217.289561134333,3,10,24,200.647253797703,2.0639059277298,8,0.0813021092982625,123.359023459976,376.309647197839,-0.275522209610422,0,292.68759347375,0,1,1,103.920940614319,38.1342339624067
275.07194341754,3,10,23,239.837679427846,2.48126370611269,5,0.0813021092982625,91.31263456585,385.369561281681,-0.275522209610431,0,292.687593473745,0,1,1,103.552945283051,38.2157117272404
40.4112126334801,2,10,23,150.814271412214,2.48760187854876,5,0.0813021092982625,88.2268302417299,386.241956675385,-0.275522209610441,0,292.687593473732,0,1,1,103.517468164867,38.223557367505
38.0182222954913,2,10,23,361.283277368573,1.7146016293775,7,0.0813021092982625,58.1242101659775,394.752343055762,-0.275522209610428,0,292.687593473746,0,1,1,103.170993218515,38.3000931109709
13.8178143287107,2,10,22,219.869506276141,2.51611508705496,6,0.0813021092982625,34.9139887552717,401.314162315419,-0.275522209610432,0,292.687593473745,0,1,1,102.90336683655,38.3591049693143
242.729338403391,3,9,22,519.137393368119,2.46665715711073,6,0.0813021092982625,8.27289231092664,408.845932764892,-0.27552220961043,0,292.687593473746,0,1,1,102.5956637998,38.4268398082746
217.624649661327,2,9,21,27.3746536569797,1.77128423614838,8,0.0557804358507201,-26.1020865117251,418.56416828266,-0.275522209610431,0,262.322718696223,12.4517935485966,1.07016057030204,1,102.197818702712,38.514238
0,3,12,41,454.609529626591,2.18044838059729,6,0.0797067430084799,1013.93719518877,330.567699179345,-0.0844077616849419,0,6366.65288116319,24.1801250234063,208751056146.285,3,114.115440738764,37.7228667409083
99.7600646570092,2,9,21,27.3746536569797,2.82039310082478,5,0.0557804358507201,-26.1020865117251,418.56416828266,-0.0844077616849419,0,20637.4606589441,0,1,1,102.197818702712,38.514238
220.249065045195,2,9,21,27.3746536569797,2.84910396036238,5,0.0557804358507201,-26.1020865117251,418.56416828266,0,0.0844077616849419,0,40.1908913054511,1,1,102.197818702712,38.514238
0,3,12,41,454.609529626591,2.26828131775122,7,0.0797067430084799,1013.93719518877,330.567699179345,-0.0844077616849419,0,15188.6452460098,55.646645307827,208751056146.285,3,114.115440738764,37.7228667409083
5.79098653888196,2,9,21,27.3746536569797,2.11553783977795,4,0.0557804358507201,-26.1020865117251,418.56416828266,-0.0844077616849419,0,28955.0690603424,0,1,1,102.197818702712,38.514238
249.891830270194,3,9,21,27.3746536569797,2.09958875001132,6,0.0557804358507201,-26.1020865117251,418.56416828266,0,0,0,0,1,1,102.197818702712,38.514238
95.9637388727804,2,9,21,27.3746536569797,2.85743276648743,5,0.0557804358507201,-26.1020865117251,418.56416828266,0,0,0,0,1,1,102.197818702712,38.514238
99.8452420305946,2,9,21,27.3746536569797,2.26820483633687,7,0.0557804358507201,-26.1020865117251,418.56416828266,0,0.107862661924509,0,48.6831186813188,1,1,102.197818702712,38.514238
0,3,12,41,245.247774594051,2.56291613140753,5,0.0739456956171496,1000.03313301984,307.451248406959,-0.107862661924509,0,16005.0953098009,0,206426700765.808,3,113.924339192925,37.5149755045907
272.214416647188,3,9,21,27.3746536569797,2.32994455587632,4,0.0557804358507201,-26.1020865117251,418.56416828266,-0.107862661924509,0,9126.60802361501,0,1,1,102.197818702712,38.514238
250.587614765982,3,9,21,27.3746536569797,2.3542359869162,4,0.0557804358507201,-26.1020865117251,418.56416828266,0,0,0,0,1,1,102.197818702712,38.514238
259.58361136727,3,9,21,27.3746536569797,2.37574355808873,4,0.0557804358507201,-26.1020865117251,418.56416828266,0,0,0,0,1,1,102.197818702712,38.514238
98.3996258900874,2,9,21,27.3746536569797,2.04788091682552,7,0.0557804358507201,-26.1020865117251,418.56416828266,0,0.107862661924509,0,66.4417852786154,1,1,102.197818702712,38.514238
19.8674721560985,1,12,41,245.247774594051,2.35035365296507,4,0.0739456956171496,1000.03313301984,307.451248406959,-0.107862661924509,0,29146.3856515366,0,206426700765.808,3,113.924339192925,37.5149755045907
20,1,9,21,27.3746536569797,2.5145350776667,4,0.0557804358507201,-26.1020865117251,418.56416828266,-0.107862661924509,0,13572.3491889924,0,1,1,102.197818702712,38.514238
248.048119416144,3,9,21,27.3746536569797,2.54859956557623,4,0.0557804358507201,-26.1020865117251,418.56416828266,0,0,0,0,1,1,102.197818702712,38.514238
49.9007793536464,2,9,21,27.3746536569797,2.58460593395393,4,0.0557804358507201,-26.1020865117251,418.56416828266,0,0,0,0,1,1,102.197818702712,38.514238
210.288682660317,3,9,21,27.3746536569797,1.68019698298512,6,0.0557804358507201,-26.1020865117251,418.56416828266,0,0,0,0,1,1,102.197818702712,38.514238
257.208240970897,3,9,21,27.3746536569797,2.48280621643132,5,0.0557804358507201,-26.1020865117251,418.56416828266,0,0,0,0,1,1,102.197818702712,38.514238
237.574792099354,3,9,21,27.3746536569797,2.33397026090966,5,0.0557804358507201,-26.1020865117251,418.56416828266,0,0,0,0,1,1,102.197818702712,38.514238
109.176567054481,2,9,21,27.3746536569797,2.31928241153259,5,0.0557804358507201,-26.1020865117251,418.56416828266,0,0,0,0,1,1,102.197818702712,38.514238
255.299215443445,3,9,21,27.3746536569797,2.28477229661538,5,0.0557804358507201,-26.1020865117251,418.56416828266,0,0,0,0,1,1,102.197818702712,38.514238
250.824427512831,3,9,21,27.3746536569797,2.22683502791063,5,0.0557804358507201,-26.1020865117251,418.56416828266,0,0,0,0,1,1,102.197818702712,38.514238
103.455609312955,2,9,21,27.3746536569797,2.05108756949487,3,0.0557804358507201,-26.1020865117251,418.56416828266,0,0,0,0,1,1,102.197818702712,38.514238
102.435072073387,2,9,21,27.3746536569797,2.13434861455513,5,0.0557804358507201,-26.1020865117251,418.56416828266,0,0,0,0,1,1,102.197818702712,38.514238
262.770906518414,3,9,21,27.3746536569797,2.18127605667951,3,0.0557804358507201,-26.1020865117251,418.56416828266,0,0,0,0,1,1,102.197818702712,38.514238
33.8395519084238,2,9,21,27.3746536569797,2.84377673856191,4,0.0557804358507201,-26.1020865117251,418.56416828266,0,0,0,0,1,1,102.197818702712,38.514238
11.2040884855634,2,9,21,27.3746536569797,2.22879797681947,6,0.0557804358507201,-26.1020865117251,418.56416828266,0,0,0,0,1,1,102.197818702712,38.514238
48.6818986948518,2,9,21,27.3746536569797,2.79138809556207,4,0.0557804358507201,-26.1020865117251,418.56416828266,0,0.0934465940312083,0,191.687119805304,1,1,102.197818702712,38.514238
0,3,12,41,591.460406318253,2.54127912173121,4,0.0739456956171496,970.269002831094,325.184720505644,-0.0934465940312083,0,51830.3387825089,295.092222181884,200147452538.906,3,113.607998455615,37.6744564506537
252.078078332106,3,9,21,27.3746536569797,2.32823094641244,3,0.0557804358507201,-26.1020865117251,418.56416828266,-0.0934465940312083,0,72341.7852167785,0,1,1,102.197818702712,38.514238
15.1355082587947,2,9,21,27.3746536569797,2.10724543595163,6,0.0557804358507201,-26.1020865117251,418.56416828266,0,0,0,0,1,1,102.197818702712,38.514238
461.468940979484,2,9,21,27.3746536569797,2.10440237442706,6,0.0557804358507201,-26.1020865117251,418.56416828266,0,0,0,0,1,1,102.197818702712,38.514238
270.874756680877,3,9,21,27.3746536569797,1.8357508676508,5,0.0557804358507201,-26.1020865117251,418.56416828266,0,0,0,0,1,1,102.197818702712,38.514238
249.896613537699,3,9,21,27.3746536569797,2.66762142408584,4,0.0557804358507201,-26.1020865117251,418.56416828266,0,0,0,0,1,1,102.197818702712,38.514238
285.268984275639,3,9,21,27.3746536569797,2.51977647618733,3,0.0557804358507201,-26.1020865117251,418.56416828266,0,0,0,0,1,1,102.197818702712,38.514238
323.798098409654,3,9,21,27.3746536569797,2.54480473705629,3,0.0557804358507201,-26.1020865117251,418.56416828266,0,0,0,0,1,1,102.197818702712,38.514238
268.272884849733,3,9,21,27.3746536569797,2.57888673505876,4,0.0557804358507201,-26.1020865117251,418.56416828266,0,0,0,0,1,1,102.197818702712,38.514238
209.034182804413,2,9,21,27.3746536569797,1.74101635029804,2,0.0557804358507201,-26.1020865117251,418.56416828266,0,0,0,0,1,1,102.197818702712,38.514238
260.982971213345,3,9,21,27.3746536569797,1.90414403410903,6,0.0557804358507201,-26.1020865117251,418.56416828266,0,0,0,0,1,1,102.197818702712,38.514238
252.051972067442,3,9,21,27.3746536569797,2.51259984175319,4,0.0557804358507201,-26.1020865117251,418.56416828266,0,0,0,0,1,1,102.197818702712,38.514238
8.48465505860547,2,9,21,27.3746536569797,2.64128666310438,3,0.0557804358507201,-26.1020865117251,418.56416828266,0,0,0,0,1,1,102.197818702712,38.514238
275.750908085657,3,9,21,27.3746536569797,1.82569745923307,2,0.0557804358507201,-26.1020865117251,418.56416828266,0,0,0,0,1,1,102.197818702712,38.514238
90.417493625924,2,9,21,27.3746536569797,2.72167456634349,3,0.0557804358507201,-26.1020865117251,418.56416828266,0,0,0,0,1,1,102.197818702712,38.514238
257.465173606405,3,9,21,27.3746536569797,2.36622300604864,4,0.0557804358507201,-26.1020865117251,418.56416828266,0,0,0,0,1,1,102.197818702712,38.514238
276.111756494974,3,9,21,27.3746536569797,2.33532949443249,4,0.0557804358507201,-26.1020865117251,418.56416828266,0,0,0,0,1,1,102.197818702712,38.514238
261.170984835117,3,9,21,27.3746536569797,2.56440697013491,5,0.0557804358507201,-26.1020865117251,418.56416828266,0,0,0,0,1,1,102.197818702712,38.514238
268.718618935093,3,9,21,27.3746536569797,1.98307684442234,2,0.0557804358507201,-26.1020865117251,418.56416828266,0,0,0,0,1,1,102.197818702712,38.514238
251.271806439797,3,9,21,27.3746536569797,2.26945068854904,4,0.0557804358507201,-26.1020865117251,418.56416828266,0,0,0,0,1,1,102.197818702712,38.514238
259.988960376767,3,9,21,27.3746536569797,2.47515099744699,5,0.0557804358507201,-26.1020865117251,418.56416828266,0,0,0,0,1,1,102.197818702712,38.514238
261.312457986397,3,9,21,27.3746536569797,2.31944306618989,5,0.0557804358507201,-26.1020865117251,418.56416828266,0,0,0,0,1,1,102.197818702712,38.514238
105.096035588238,2,9,21,27.3746536569797,2.8366708461223,3,0.0557804358507201,-26.1020865117251,418.56416828266,0,0,0,0,1,1,102.197818702712,38.514238
259.656327718341,3,9,21,27.3746536569797,2.31848608995932,2,0.0557804358507201,-26.1020865117251,418.56416828266,0,0,0,0,1,1,102.197818702712,38.514238
77.6495011377452,2,9,21,27.3746536569797,2.73977181554637,3,0.0557804358507201,-26.1020865117251,418.56416828266,0,0,0,0,1,1,102.197818702712,38.514238
11.1074790445196,2,9,21,27.3746536569797,2.71575137759004,3,0.0557804358507201,-26.1020865117251,418.56416828266,0,0.0822636190343453,0,35.333000817114,1,1,102.197818702712,38.514238
15.6237340153255,1,12,40,286.125089741548,2.38202802920809,2,0.0332248929008647,948.395133596948,338.217174244225,-0.0822636190343453,0,6101.58088481041,118.42468750425,195560780469.965,3,113.374591107369,37.7916601229061
263.295826748713,3,9,21,27.3746536569797,2.50814220232161,2,0.0557804358507201,-26.1020865117251,418.56416828266,-0.0822636190343453,0,74422.5694194604,0,195560780469.965,1,102.197818702712,38.514238
20.2337581314122,1,12,40,286.125089741548,2.42751935834357,3,0.0332248929008647,948.395133596948,338.217174244225,-0.0822636190343453,0,22159.1345215814,301.075448140819,195560780469.965,3,113.374591107369,37.7916601229061
99.9130957355379,2,9,21,27.3746536569797,2.54229808587325,2,0.0557804358507201,-26.1020865117251,418.56416828266,-0.0822636190343453,0,69986.5391571529,0,1,1,102.197818702712,38.514238
256.004851861107,3,9,21,27.3746536569797,2.57170893264293,2,0.0557804358507201,-26.1020865117251,418.56416828266,0,0,0,0,1,1,102.197818702712,38.514238
207.805516284203,3,9,21,27.3746536569797,1.67130084429591,4,0.0557804358507201,-26.1020865117251,418.56416828266,0,0,0,0,1,1,102.197818702712,38.514238
223.438678465579,3,9,21,27.3746536569797,1.66210131354027,4,0.0557804358507201,-26.1020865117251,418.56416828266,0,0,0,0,1,1,102.197818702712,38.514238
255.133324054443,3,9,21,27.3746536569797,2.66217710422821,2,0.0557804358507201,-26.1020865117251,418.56416828266,0,0,0,0,1,1,102.197818702712,38.514238
0,2,9,21,27.3746536569797,1.88351999151567,1,0.0557804358507201,-26.1020865117251,418.56416828266,0,0,0,0,1,1,102.197818702712,38.514238
97.5006120852886,2,9,21,27.3746536569797,1.75828861610986,5,0.0557804358507201,-26.1020865117251,418.56416828266,0,0,0,0,1,1,102.197818702712,38.514238
220.076538329425,2,9,21,27.3746536569797,2.81731165250141,2,0.0557804358507201,-26.1020865117251,418.56416828266,0,0,0,0.137262298008366,1,1,102.197818702712,38.514238
249.83761566818,3,9,21,76.0161352096068,2.45257312310205,4,0.0557804358507201,-17.6856002462448,419.888623164947,0.15608434825469,0,89.7137577256151,0.324946288347309,1,1,102.295223297663,38.526149108917
4.91526974542341,2,9,21,453.454167582312,2.08291970862032,1,0.0557804358507201,-4.2756912422711,421.998864765906,0.156084348254692,0,200.809569062592,0,1,1,102.450480527423,38.5451269675716
262.667653052516,3,9,22,338.304036780641,2.84788551382532,2,0.0557804358507201,7.10408635494288,423.789636059597,0.156084348254689,0,200.809569062592,0,1,1,102.582294408255,38.5612317607283
250.922163495921,3,9,22,82.1890859958416,2.84750812642878,2,0.0557804358507201,16.5589996201166,425.277502330704,0.156084348254688,0,200.809569062592,0,1,1,102.691854930161,38.5746124635716
257.008373328106,3,9,22,31.2509075525805,2.06954871469646,3,0.0557804358507201,29.7769380202122,427.357534602552,0.156084348254691,0,200.809569062592,0,1,1,102.845085101877,38.5933186432024
218.548473620018,2,9,22,148.897859873792,2.28528922664893,4,0.0557804358507201,36.7599827769116,428.456416894937,0.15608434825469,0,200.809569062592,0,1,1,102.926067248289,38.6032011290814
263.777987542725,3,9,23,668.395066913022,2.23771177648699,4,0.0557804358507201,51.6128591930829,430.793730123388,0.156084348254689,0,200.809569062592,0,1,1,103.098385830807,38.6242210919429
11.2966510457285,2,9,23,305.28501251586,2.26997807520676,1,0.0557804358507201,61.2536106516686,432.310840700827,0.156084348254691,0.261753161658906,200.809569062592,68.4766993302467,1.00036480490546,1,103.210286063292,38.6378647951514
16.6892140872686,1,12,40,286.125089741548,1.8776677828715,3,0.0332248929008647,948.395133596948,338.217174244225,-0.105668813404215,0.0101094104475871,12181.549316135,0,52.1602564378221,3,113.374591107369,37.7916601229061
275.868914122479,3,9,23,511.462217614878,2.72035551102036,2,0.0557804358507201,94.4310013756991,437.531779194624,-0.115778223851802,0,9144.3780253633,0,1.0090234053999,1,103.595683848195,38.6848178230579
458.87028315387,2,9,23,683.228101177269,2.10095667841971,4,0.0557804358507201,98.317453469924,438.143368198467,0.156084348254681,0.27309685049116,200.809569062592,135.024390560446,1.00016883237203,1,103.640861156226,38.6903179751089
21.6460689609768,1,12,40,286.125089741548,1.7761656478021,3,0.0332248929008647,948.395133596948,338.217174244225,-0.11701250223648,0.0119214424149452,9724.28516968674,0,46.211091188229,3,113.374591107369,37.7916601229061
256.89314746229,3,8,24,237.20843136286,2.61629127302224,2,0.0557804358507201,134.165752972172,443.784612513466,-0.128933944651425,0,8857.40357941973,0,1.04235246298365,1,104.057881291698,38.7410509040763
9.18256498041168,2,8,24,694.181289189603,1.73184860075172,3,0.0557804358507201,151.346093502892,446.488185617194,0.15608434825469,0,200.809569062592,0,1,1,104.257936028918,38.76536472113
12.7294515095668,2,8,25,344.985440653704,1.91949518505463,4,0.0557804358507201,162.473611089258,448.23926017849,0.15608434825469,0,200.809569062592,0,1,1,104.387577511164,38.7811125129954
7.41670670488181,2,8,25,159.578750853445,2.56525964154771,1,0.0557804358507201,169.035975551049,449.271942390117,0.156084348254688,0,200.809569062592,0,1,1,104.46405768303,38.7903996472451
11.2059508963083,2,8,25,51.1570893894565,2.59915284327616,1,0.0557804358507201,181.668703029568,451.259883326246,0.156084348254691,0,200.809569062593,0,1,1,104.611336587282,38.8082776295966
209.218977304922,2,8,25,148.576684362955,2.6196809331926,1,0.0557804358507201,189.519773228354,452.495361877265,0.156084348254691,0,200.809569062592,0,1,1,104.70290327936,38.8193885551424
214.197634154081,2,8,25,327.802755837755,2.6365300212786,1,0.0557804358507201,196.107743812705,453.532073579699,0.156084348254686,0,200.809569062593,0,1,1,104.779759099518,38.8287119274735
10.9385120950161,2,8,26,125.349313821152,2.30382989069924,2,0.0557804358507201,240.307520622131,460.48754268458,0.15608434825469,0,200.809569062592,0,1,1,105.295883655843,38.8912639639267
100.599842471577,2,8,27,368.905691226816,2.46403179849713,3,0.0557804358507201,262.320242957479,463.951560405257,0.15608434825469,0,200.809569062592,0,1,1,105.553243792567,38.9224166237216
240.501549720187,3,8,27,84.9951498640343,2.18300983954289,2,0.0557804358507201,280.879605002958,466.872142331953,0.156084348254691,0.346486640282125,200.809569062593,12.6254546103147,1.00155891353997,1,105.770392320607,38.9486820480069
22.4776409531743,1,12,40,286.125089741548,2.02707338487592,2,0.0332248929008647,948.395133596948,338.217174244225,-0.190402292027435,0,4453.26722332968,0,1,3,113.374591107369,37.7916601229061
224.679129005389,2,12,40,286.125089741548,2.59802548314724,1,0.0332248929008647,948.395133596948,338.217174244225,0,0.215873568885877,0,100.124612437257,1,3,113.374591107369,37.7916601229061
218.436145431684,2,8,28,288.492537111523,2.75823874509201,1,0.0557804358507201,327.938384612798,474.277516551395,-0.215873568885877,0,13402.4235099022,0,127039992775.303,1,106.321659018123,39.0152801783615
0,3,12,40,286.125089741548,2.16239037331341,3,0.0332248929008647,948.395133596948,338.217174244225,-0.215873568885877,0.0136030254173172,11906.426261946,0,54.3659884878005,3,113.374591107369,37.7916601229061
236.19119643179,3,7,28,555.622082710834,2.73857809255659,1,0.0557804358507201,350.633986924074,477.848995234949,-0.229476594303194,0,10052.9419821471,0,122770588319.003,1,106.587867932827,39.0473992578135
0,3,12,40,286.125089741548,2.54497091453327,1,0.0332248929008647,948.395133596948,338.217174244225,-0.229476594303194,0.0311979927193564,4930.67439312056,0.455979710117719,25.0338087224733,3,113.374591107369,37.7916601229061
3.43091649691245,2,7,29,262.60422749075,1.85790638672202,2,0.0557804358507201,397.361142577353,485.202183666344,-0.26067458702255,0,5135.03916567869,0,1.01554431741591,1,107.136658497703,39.1135280701009
223.292881105842,2,7,29,410.053609438925,1.84562308355097,2,0.0557804358507201,401.903376429136,485.916969339572,0.156084348254686,0,200.809569062593,0,1,1,107.190055544197,39.1199562920963
23.5913111957836,2,7,30,351.863341867317,2.59962305461503,1,0.0557804358507201,415.037431664203,487.98380139176,0.156084348254691,0,200.809569062592,0,1,1,107.344505578402,39.1385437592996
240.578468798078,3,7,30,37.7405466445224,2.57092060770743,1,0.0557804358507201,427.523381868306,489.948644817648,0.156084348254692,0,200.809569062592,0,1,1,107.491403505482,39.1562140207511
248.958315508758,3,7,30,2.55765564004097,2.55998550015308,1,0.0557804358507201,432.122461328604,490.672375963054,0.156084348254692,0,200.809569062591,0,1,1,107.545528961368,39.1627226913105
96.2780034284218,2,7,30,121.298261053497,2.52993638987326,1,0.0557804358507201,444.414800320342,492.606751886544,0.15608434825469,0,200.809569062592,0,1,1,107.690239506013,39.1801189519302
257.461980843872,3,7,30,251.580898774398,1.93282655806696,3,0.0557804358507201,449.209847034353,493.361321291262,0.156084348254679,0,200.809569062593,0,1,1,107.746706544488,39.1869049576184
261.326132185165,3,7,31,287.179701367673,2.46170805651546,1,0.0557804358507201,468.18821509497,496.34783982677,0.15608434825469,0,200.809569062593,0,1,1,107.970295783884,39.213763364073
95.6001109902425,2,7,31,171.914196297741,1.86732466878576,3,0.0557804358507201,472.527947861828,497.03075904859,0.156084348254702,0,200.809569062591,0,1,1,108.021445257548,39.2199050041858
313.973443316062,3,7,31,75.8706101401106,1.82569332758153,3,0.0557804358507201,488.080812966143,499.47822554128,0.15608434825469,0,200.809569062592,0,1,1,108.204823297542,39.2419155991522
253.12879068866,3,7,31,89.7464388544852,2.40618309865301,1,0.0557804358507201,489.336591106612,499.67584025088,0.156084348254683,0,200.809569062592,0,1,1,108.219634281962,39.2436927909321
225.839799899916,2,7,31,213.413607715139,1.80503058292901,3,0.0557804358507201,495.843756608337,500.699836114089,0.15608434825469,0,200.809569062591,0,1,1,108.296392480011,39.2529018069737
219.497898848144,3,7,32,569.001073339071,2.33130315513355,1,0.0557804358507201,514.90361069985,503.699177645804,0.156084348254689,0,200.809569062592,0,1,1,108.521327115339,39.2798755334037
253.189894806467,3,7,32,345.156839950459,2.51817339379302,2,0.0557804358507201,522.500007656355,504.894579707837,0.156084348254689,0,200.809569062596,0,1,1,108.611019761737,39.2906260424251
12.7735095924642,2,7,32,276.560219220864,2.47592856922751,2,0.0557804358507201,539.786323841804,507.614829601484,0.156084348254693,0,200.809569062592,0,1,1,108.815216987756,39.3150898374537
253.05559665648,3,6,32,826.851202110446,2.21325893995437,1,0.0557804358507201,560.189450315799,510.825554317238,0.156084348254689,0,200.809569062592,0,1,1,109.056398571724,39.343964578529
459.513791103946,2,6,33,395.863457294384,2.17825354538785,1,0.0557804358507201,571.279830594873,512.570784790348,0.156084348254685,0,200.809569062593,0,1,1,109.187571559928,39.3596598132468
271.481864869191,3,6,33,157.586538813451,1.8483067354197,8,0.0557804358507201,595.020276960415,516.30668467834,0.156084348254691,0,200.809569062592,0,1,1,109.468544043106,39.393257568115
12.108094164866,2,6,33,222.792528025655,2.3212228660935,2,0.0557804358507201,598.642188606643,516.876644446792,0.156084348254696,0,200.809569062593,0,1,1,109.511431489865,39.3983833394577
99.5685861558586,2,6,33,386.033399201972,1.87355930601105,8,0.0557804358507201,604.525957118488,517.802539848501,0.156084348254691,0,200.809569062594,0,1,1,109.581113942415,39.4067101168535
239.141463852488,3,6,34,328.596236948914,2.25819195416991,2,0.0557804358507201,620.067015518289,520.248148386821,0.156084348254683,0,200.809569062593,0,1,1,109.765241412473,39.4287040028348
225.465059599747,2,6,34,101.792999659599,2.01996944281614,1,0.0557804358507201,628.141684126814,521.518813356033,0.156084348254706,0,200.809569062589,0,1,1,109.860949836751,39.4401313674418
19.2693425870578,1,6,34,6.50552381059285,1.99580820136997,1,0.0557804358507201,637.120659383807,522.931783952305,0.156084348254679,0,200.809569062592,0,1,1,109.967410105325,39.4528385172993
33.8976840210289,2,6,34,67.228785756181,1.9804593947735,8,0.0557804358507201,645.537599129247,524.25631019617,0.156084348254699,0,200.809569062591,0,1,1,110.067238249475,39.4647502679865
13.9641086467176,2,6,34,188.129087986786,1.99550665566487,8,0.0557804358507201,651.139829337914,525.137901506072,0.156084348254686,0,200.809569062596,0,1,1,110.133699867225,39.4726786091123
36.8173506676165,2,6,35,371.002242739967,2.04081964898356,8,0.0557804358507201,669.328196606869,528.000102081267,0.156084348254687,0,200.809569062593,0,1,1,110.349569859932,39.4984189972898
223.865548736183,2,6,35,30.5593177345947,1.86081034664286,1,0.0557804358507201,686.806345548579,530.750539611726,0.156084348254689,0,200.809569062591,0,1,1,110.557145601134,39.5231542762585
217.672871279083,2,6,35,54.6755532270297,2.05901673450325,2,0.0557804358507201,692.482054103526,531.643693793759,0.156084348254688,0,200.809569062599,0,1,1,110.62458048387,39.5311866047917
45.267009852148,2,6,35,375.193076953657,2.13894826547517,8,0.0557804358507201,705.925599496966,533.759228563251,0.156084348254692,0,200.809569062592,0,1,1,110.784363158931,39.5502120660545
258.211562738968,3,6,36,626.764988248127,2.1622775478072,8,0.0557804358507201,716.443252035889,535.414332108361,0.156084348254694,0,200.809569062591,0,1,1,110.909424849102,39.565096769836
284.334092803256,3,5,37,673.417386266052,1.85403885090886,2,0.0557804358507201,769.655038620914,543.787970265029,0.156084348254689,0,200.809569062592,0,1,1,111.542881940666,39.6404027069803
257.355970091916,3,5,37,471.607935221451,2.30254221081602,8,0.0557804358507201,774.527294424237,544.554689627825,0.156084348254699,0,200.809569062594,0,1,1,111.600944768828,39.6472979798667
219.742186919015,2,5,37,323.50092593681,2.31437287664133,8,0.0557804358507201,779.209993302107,545.291579488444,0.156084348254689,0,200.809569062593,0,1,1,111.65675833256,39.6539249895951
99.8388265790173,2,5,37,149.370347603414,2.52504585350468,7,0.0557804358507201,791.09839464912,547.162390027423,0.156084348254686,0,200.809569062591,0,1,1,111.798500068031,39.6707495929779
9.92603445078679,2,5,37,576.631139678331,2.56417068152796,7,0.0557804358507201,812.755149025421,550.570391081949,0.156084348254693,0,200.809569062592,0,1,1,112.056864216368,39.7013984827912
99.3120755727055,2,5,38,614.003085849375,1.87793569279835,6,0.0603142870443466,817.944795045385,551.387056349576,0.156084348254681,0.156084348254681,75.2649958991236,0,1,1,112.118806648195,39.708742929991
215.636609724223,2,5,38,614.003085849375,2.58389642714609,7,0.0603142870443466,817.944795045385,551.387056349576,0,0,0,0,1,1,112.118806648195,39.708742929991
210.961729959635,3,5,38,614.003085849375,2.22699075212482,8,0.0603142870443466,817.944795045385,551.387056349576,0,0,0,0,1,1,112.118806648195,39.708742929991
10.0100607851329,2,5,38,614.003085849375,2.60117240118088,7,0.0603142870443466,817.944795045385,551.387056349576,0,0,0,0,1,1,112.118806648195,39.708742929991
299.468653955776,3,5,38,614.003085849375,2.61697777913779,7,0.0603142870443466,817.944795045385,551.387056349576,0,0,0,0,1,1,112.118806648195,39.708742929991
269.752017641367,3,5,38,614.003085849375,2.14488225912571,8,0.0603142870443466,817.944795045385,551.387056349576,0,0,0,0,1,1,112.118806648195,39.708742929991
235.057843284544,3,5,38,614.003085849375,2.11010789311164,8,0.0603142870443466,817.944795045385,551.387056349576,0,0,0,0,1,1,112.118806648195,39.708742929991
247.546803049429,3,5,38,614.003085849375,2.62761055245127,7,0.0603142870443466,817.944795045385,551.387056349576,0,0,0,0,1,1,112.118806648195,39.708742929991
14.2244591036424,2,5,38,614.003085849375,2.62902153803036,7,0.0603142870443466,817.944795045385,551.387056349576,0,0,0,0,1,1,112.118806648195,39.708742929991
289.323917771695,3,5,38,614.003085849375,2.09799044851832,6,0.0603142870443466,817.944795045385,551.387056349576,0,0,0,0,1,1,112.118806648195,39.708742929991
38.9513074593481,2,5,38,614.003085849375,2.59698289128621,7,0.0603142870443466,817.944795045385,551.387056349576,0,0.637597900184654,0,6.84035969942175,1,1,112.118806648195,39.708742929991
20.0536737998475,1,10,42,67.3322462728469,2.23746428408221,6,0.0815314585070698,1046.87500163216,381.79171610065,-0.637597900184654,0,5438.66324548801,0,56981266718.8136,3,114.566581273817,38.183535392501
214.061162122287,2,5,38,614.003085849375,2.55333827765457,7,0.0603142870443466,817.944795045385,551.387056349576,-0.637597900184654,0,2678.22377703653,6.51676684491074,56981266718.8136,1,112.118806648195,39.708742929991
17.4852648432455,1,10,42,67.3322462728469,2.31290630962239,6,0.0815314585070698,1046.87500163216,381.79171610065,-0.637597900184654,0,5173.90968369036,0,56981266718.8136,3,114.566581273817,38.183535392501
448.5934841845,2,5,38,614.003085849375,1.78053983796212,8,0.0603142870443466,817.944795045385,551.387056349576,-0.637597900184654,0,4208.58398321755,32.8177378484779,56981266718.8136,1,112.118806648195,39.708742929991
14.11235849903,1,10,42,67.3322462728469,1.73496017697498,8,0.0815314585070698,1046.87500163216,381.79171610065,-0.637597900184654,0,12206.5075262346,385.824873924136,56981266718.8136,3,114.566581273817,38.183535392501
24.4188208164385,2,5,38,614.003085849375,2.49858477798229,7,0.0603142870443466,817.944795045385,551.387056349576,-0.637597900184654,0,44625.7904382652,0,1,1,112.118806648195,39.708742929991
258.909628327941,3,5,38,614.003085849375,2.37593147209758,6,0.0603142870443466,817.944795045385,551.387056349576,0,0.637597900184654,0,57.1755630515041,1,1,112.118806648195,39.708742929991
0,3,10,42,67.3322462728469,2.39346775662218,6,0.0815314585070698,1046.87500163216,381.79171610065,-0.637597900184654,0,4294.6585389408,0,56981266718.8136,3,114.566581273817,38.183535392501
221.406593814555,2,5,38,614.003085849375,2.4142176550684,7,0.0603142870443466,817.944795045385,551.387056349576,-0.637597900184654,0,2565.31092731003,0,1,1,112.118806648195,39.708742929991
228.068501639232,2,5,38,614.003085849375,2.49487022743312,6,0.0603142870443466,817.944795045385,551.387056349576,0,0,0,0,1,1,112.118806648195,39.708742929991
243.199100774914,3,5,38,614.003085849375,2.50902050392459,6,0.0603142870443466,817.944795045385,551.387056349576,0,0,0,0,1,1,112.118806648195,39.708742929991
252.092589341889,3,5,38,614.003085849375,2.31173745284041,7,0.0603142870443466,817.944795045385,551.387056349576,0,0,0,0,1,1,112.118806648195,39.708742929991
459.304924781589,2,5,38,614.003085849375,1.8348419139517,5,0.0603142870443466,817.944795045385,551.387056349576,0,0,0,0,1,1,112.118806648195,39.708742929991
306.24901231911,3,5,38,614.003085849375,2.27767428511178,7,0.0603142870443466,817.944795045385,551.387056349576,0,0,0,0,1,1,112.118806648195,39.708742929991
100.439808997614,2,5,38,614.003085849375,2.56852879385356,6,0.0603142870443466,817.944795045385,551.387056349576,0,0,0,0,1,1,112.118806648195,39.708742929991
262.694499677702,3,5,38,614.003085849375,2.57208781117964,6,0.0603142870443466,817.944795045385,551.387056349576,0,0,0,0,1,1,112.118806648195,39.708742929991
446.399094324812,2,5,38,614.003085849375,2.59048156463324,6,0.0603142870443466,817.944795045385,551.387056349576,0,0,0,0,1,1,112.118806648195,39.708742929991
222.26885419552,2,5,38,614.003085849375,2.59545776934369,6,0.0603142870443466,817.944795045385,551.387056349576,0,0,0,0,1,1,112.118806648195,39.708742929991
40.9125102966843,2,5,38,614.003085849375,2.38363798802477,8,0.0603142870443466,817.944795045385,551.387056349576,0,0,0,0,1,1,112.118806648195,39.708742929991
10.0913280847863,2,5,38,614.003085849375,2.15166285422255,7,0.0603142870443466,817.944795045385,551.387056349576,0,0,0,0,1,1,112.118806648195,39.708742929991
258.038938661139,3,5,38,614.003085849375,2.62315899306003,6,0.0603142870443466,817.944795045385,551.387056349576,0,0,0,0,1,1,112.118806648195,39.708742929991
40.1599896889846,2,5,38,614.003085849375,2.62712950273047,6,0.0603142870443466,817.944795045385,551.387056349576,0,0,0,0,1,1,112.118806648195,39.708742929991
218.917983621482,2,5,38,614.003085849375,2.06318338994013,5,0.0603142870443466,817.944795045385,551.387056349576,0,0,0,0,1,1,112.118806648195,39.708742929991
101.584624508021,2,5,38,614.003085849375,2.62783445872803,6,0.0603142870443466,817.944795045385,551.387056349576,0,0,0,0,1,1,112.118806648195,39.708742929991
271.43624693416,3,5,38,614.003085849375,2.16111674212226,5,0.0603142870443466,817.944795045385,551.387056349576,0,0,0,0,1,1,112.118806648195,39.708742929991
8.90099925621941,2,5,38,614.003085849375,2.14619933607044,8,0.0603142870443466,817.944795045385,551.387056349576,0,0,0,0,1,1,112.118806648195,39.708742929991
286.696652076404,3,5,38,614.003085849375,2.35509735867335,5,0.0603142870443466,817.944795045385,551.387056349576,0,0,0,0,1,1,112.118806648195,39.708742929991
266.368596326858,3,5,38,614.003085849375,1.9462322174747,8,0.0603142870443466,817.944795045385,551.387056349576,0,0,0,0,1,1,112.118806648195,39.708742929991
102.401861223057,2,5,38,614.003085849375,2.44440628062407,6,0.0603142870443466,817.944795045385,551.387056349576,0,0,0,0,1,1,112.118806648195,39.708742929991
232.586286081574,3,5,38,614.003085849375,1.88344960798421,8,0.0603142870443466,817.944795045385,551.387056349576,0,0,0,0,1,1,112.118806648195,39.708742929991
96.4638580519868,2,5,38,614.003085849375,1.72246380939663,4,0.0603142870443466,817.944795045385,551.387056349576,0,0,0,0,1,1,112.118806648195,39.708742929991
247.963829377719,3,5,38,614.003085849375,2.47058184461415,5,0.0603142870443466,817.944795045385,551.387056349576,0,0.637597900184654,0,32.5701755911319,1,1,112.118806648195,39.708742929991
0,3,10,42,67.3322462728469,2.27505134261098,6,0.0815314585070698,1046.87500163216,381.79171610065,-0.637597900184654,0,1921.96307572993,0,56981266718.8136,3,114.566581273817,38.183535392501
216.806613051783,2,5,38,614.003085849375,2.57919617479379,5,0.0603142870443466,817.944795045385,551.387056349576,-0.637597900184654,0,1776.73429046503,0,1,1,112.118806648195,39.708742929991
202.649366579114,2,5,38,614.003085849375,2.58377600875449,5,0.0603142870443466,817.944795045385,551.387056349576,0,0,0,0,1,1,112.118806648195,39.708742929991
233.621940482145,3,5,38,614.003085849375,2.40710320190884,7,0.0603142870443466,817.944795045385,551.387056349576,0,0,0,0,1,1,112.118806648195,39.708742929991
251.238011453844,3,5,38,614.003085849375,2.39969444842046,7,0.0603142870443466,817.944795045385,551.387056349576,0,0,0,0,1,1,112.118806648195,39.708742929991
12.6642370184789,2,5,38,614.003085849375,2.36620667683927,7,0.0603142870443466,817.944795045385,551.387056349576,0,0,0,0,1,1,112.118806648195,39.708742929991
259.496919079932,3,5,38,614.003085849375,2.30481380604981,7,0.0603142870443466,817.944795045385,551.387056349576,0,0,0,0,1,1,112.118806648195,39.708742929991
253.557873906133,3,5,38,614.003085849375,2.06587646150481,6,0.0603142870443466,817.944795045385,551.387056349576,0,0,0,0,1,1,112.118806648195,39.708742929991
297.202590846187,3,5,38,614.003085849375,2.6282857523219,5,0.0603142870443466,817.944795045385,551.387056349576,0,0,0,0,1,1,112.118806648195,39.708742929991
220.116187305071,2,5,38,614.003085849375,2.24665617065911,7,0.0603142870443466,817.944795045385,551.387056349576,0,0.637597900184654,0,120.897452948838,1,1,112.118806648195,39.708742929991
0,3,10,42,67.3322462728469,2.56653497828123,5,0.0815314585070698,1046.87500163216,381.79171610065,-0.637597900184654,0,6425.42465087576,50.5765946980845,56981266718.8136,3,114.566581273817,38.183535392501
256.994281360624,3,5,38,614.003085849375,2.62274508696814,5,0.0603142870443466,817.944795045385,551.387056349576,-0.637597900184654,0,14498.7481428734,0,1,1,112.118806648195,39.708742929991
12.2805922409391,2,5,38,614.003085849375,2.18202592531864,7,0.0603142870443466,817.944795045385,551.387056349576,0,0,0,0,1,1,112.118806648195,39.708742929991
219.495644762888,2,5,38,614.003085849375,2.16989313938083,7,0.0603142870443466,817.944795045385,551.387056349576,0,0,0,0,1,1,112.118806648195,39.708742929991
10.4311925949397,2,5,38,614.003085849375,2.59938374331919,5,0.0603142870443466,817.944795045385,551.387056349576,0,0,0,0,1,1,112.118806648195,39.708742929991
246.516531693608,3,5,38,614.003085849375,2.24771146343936,4,0.0603142870443466,817.944795045385,551.387056349576,0,0,0,0,1,1,112.118806648195,39.708742929991
100.036480567855,2,5,38,614.003085849375,2.08044506880588,7,0.0603142870443466,817.944795045385,551.387056349576,0,0,0,0,1,1,112.118806648195,39.708742929991
97.7000142497835,2,5,38,614.003085849375,2.56398412370071,5,0.0603142870443466,817.944795045385,551.387056349576,0,0,0,0,1,1,112.118806648195,39.708742929991
10.2709952537701,2,5,38,614.003085849375,2.52865238036731,5,0.0603142870443466,817.944795045385,551.387056349576,0,0,0,0,1,1,112.118806648195,39.708742929991
284.434214170858,3,5,38,614.003085849375,1.91051149067554,7,0.0603142870443466,817.944795045385,551.387056349576,0,0,0,0,1,1,112.118806648195,39.708742929991
100.850375658361,2,5,38,614.003085849375,2.47265865446563,4,0.0603142870443466,817.944795045385,551.387056349576,0,0,0,0,1,1,112.118806648195,39.708742929991
262.803998952607,3,5,38,614.003085849375,2.48950786886658,4,0.0603142870443466,817.944795045385,551.387056349576,0,0,0,0,1,1,112.118806648195,39.708742929991
9.88919037745493,2,5,38,614.003085849375,1.81064948175226,7,0.0603142870443466,817.944795045385,551.387056349576,0,0.637597900184654,0,68.1800057118189,1,1,112.118806648195,39.708742929991
10.5867283830578,1,10,42,67.3322462728469,2.4599935790137,6,0.0815314585070698,1046.87500163216,381.79171610065,-0.637597900184654,0,8938.45148431081,2.15928775986114,56981266718.8136,3,114.566581273817,38.183535392501
262.664873100292,3,5,38,614.003085849375,1.77873886437436,7,0.0603142870443466,817.944795045385,551.387056349576,-0.637597900184654,0,9186.22383455504,0,56981266718.8136,1,112.118806648195,39.708742929991
0,3,10,42,67.3322462728469,2.56580450792184,4,0.0815314585070698,1046.87500163216,381.79171610065,-0.637597900184654,0,937.176382116683,1.62061195163711,6.33225872997344,3,114.566581273817,38.183535392501
18.0673799361656,2,7,38,245.506205408832,2.32903269512499,6,0.0603142870443466,850.257688664506,478.63513547236,-0.457668073035064,0.695148358265245,2710.80344450227,0,1.09191599991618,1,112.413653182856,39.0544691868213
219.905881969783,2,8,38,296.370779157994,2.62813275137153,4,0.0603142870443466,854.733963591473,468.556879926757,-1.15281643130031,0,217.131433359647,0,1,1,112.453987650485,38.9638332572
20.7612443742101,1,8,38,287.278104324431,2.28093966271238,6,0.0603142870443466,857.960446829632,461.292508743505,-1.1528164313003,0,217.131433359649,0,1,1,112.48298357284,38.8985031976149
6.82452438770492,2,8,38,712.064199566215,2.62697212046489,4,0.0603142870443466,865.058649221319,445.311028877992,-1.1528164313003,0,217.131433359647,0,1,1,112.546546936915,38.7547782962388
245.331900220112,3,9,39,440.613622120144,2.18867250684409,6,0.0603142870443466,872.158809211493,429.325141513356,-1.1528164313003,0,217.131433359648,0,1,1,112.609815413576,38.6110137572708
259.314292947197,3,9,39,323.343672843498,2.17563786135715,6,0.0603142870443466,874.423043714351,424.227256707957,-1.15281643130031,0,217.131433359647,0,1,1,112.629925962931,38.565167377771
250.84236489507,3,9,39,266.231175338045,2.16126792713741,6,0.0603142870443466,876.912632706421,418.621990169381,-1.1528164313003,0,217.13143335965,0,1,1,112.652001395403,38.5147580047202
15.9058651581773,2,10,39,41.0817103389256,2.09331321912426,6,0.0603142870443466,887.73459192992,394.256536228771,-1.1528164313003,0,217.131433359648,0,1,1,112.747514340773,38.2956342130521
265.324682501906,3,10,39,6.1502963812078,2.56022447313843,4,0.0603142870443466,890.172948744739,388.766618050812,-1.1528164313003,0,217.131433359649,0,1,1,112.768934699649,38.2462621927305
7.34910594186081,2,10,39,229.06904269725,2.5397990926306,4,0.0603142870443466,896.194606117077,375.208960669028,-1.1528164313003,0,217.131433359648,0,1,1,112.821675587798,38.1243352506397
261.867700674835,3,11,39,129.113605942254,2.51358629901772,4,0.0603142870443466,902.163666770537,361.769723889725,-1.1528164313003,0,217.131433359648,0,1,1,112.873733996376,38.0034732906128
111.121740861223,2,11,39,371.35378940912,1.96382764956008,6,0.0603142870443466,909.051485951123,346.261918183768,-1.15281643130031,0,217.131433359648,40.314627861314,1.09041184036925,1,112.933530802186,37.8640082432953
26.2469490292918,1,10,42,67.3322462728469,2.33977677496382,3,0.0815314585070698,1046.87500163216,381.79171610065,0.252298745946222,0,11559.1146554997,0,29.1413698881994,3,114.566581273817,38.183535392501
227.016355286122,3,12,39,658.946682911533,2.38826392032794,3,0.0603142870443466,912.998757646621,337.374704260537,0.3203488863739,1.4731653176742,4343.74393962496,0,1.08711502282952,1,112.967666614588,37.7840836083194
249.013812454384,3,12,39,662.468009865067,1.70420339996552,5,0.0603142870443466,917.697561492316,326.795428704809,-1.1528164313003,0,217.131433359649,0,1,1,113.008175737492,37.6889418974971
212.698375566093,3,12,40,480.30460318899,1.87993288210018,6,0.0603142870443466,922.093143262533,316.898852405404,-1.1528164313003,0,217.131433359648,0,1,1,113.045946850498,37.5999398485903
261.218539361343,3,12,40,465.05553028372,1.86972800739241,6,0.0603142870443466,923.86996266333,312.89837426861,-1.1528164313003,0,217.131433359648,0,1,1,113.061181022585,37.5639626843661
41.2930959295346,2,13,40,323.130189338093,1.63054183890036,5,0.0603142870443466,929.690788429521,299.7928857731,-1.15281643130031,0,217.131433359647,0,1,1,113.110950819533,37.4461021947648
15.4177731743935,2,14,40,149.418968554374,2.5268430844245,3,0.0603142870443466,944.509275345809,266.429318883631,-1.1528164313003,0,217.131433359648,0,1,1,113.236705479241,37.1460564292226
250.548213188253,3,14,40,92.4130767079919,2.45790375400026,5,0.0603142870443466,945.779755889119,263.568853923347,-1.15281643130029,0,217.131433359651,0,1,1,113.247423857223,37.120331649805
102.832004388016,2,14,40,340.513653927926,2.4102514456891,5,0.0603142870443466,955.929764200418,240.716285834867,-1.1528164313003,0,217.131433359648,0,1,1,113.332694917623,36.914813567478
39.4472036728167,2,15,40,393.018302455693,2.57637516842385,3,0.0603142870443466,960.599783010377,230.201819289037,-1.1528164313003,0,217.131433359648,0,1,1,113.371713647615,36.8202546980843
249.942073156462,3,15,40,625.373370144502,2.58980420951189,3,0.0603142870443466,967.658458286911,214.309334039356,-1.1528164313003,0,217.131433359648,0,1,1,113.430433404563,36.6773301445165
258.231363112323,3,15,41,760.47515011615,2.11691199585261,4,0.0603142870443466,972.316094560724,203.822746559404,-1.15281643130031,0,217.131433359648,7.34784563710732,1.10340816113456,1,113.46901026532,36.5830219975857
102.025718174075,2,10,42,67.3322462728469,2.57418372333789,3,0.0815314585070698,1046.87500163216,381.79171610065,1.17406692448836,0,1615.01243438599,20.916799227547,16.1938382612547,3,114.566581273817,38.183535392501
269.479350376628,3,16,41,172.175244205526,2.06837838502041,2,0.0555924954634178,982.437790443289,181.033923414335,1.2602138109189,1.2602138109189,10611.6443464759,0,1,1,113.552379593002,36.3780771873075
0,2,16,41,172.175244205526,2.21839239667867,5,0.0555924954634178,982.437790443289,181.033923414335,0,0,0,37.9068127937388,1,1,113.552379593002,36.3780771873075
0,3,10,42,67.3322462728469,2.57442102361139,3,0.0815314585070698,1046.87500163216,381.79171610065,1.2602138109189,0,6898.25416884232,12.3801003156069,42169109789.0773,3,114.566581273817,38.183535392501
99.0601365170638,2,16,41,172.175244205526,2.1220085061347,2,0.0555924954634178,982.437790443289,181.033923414335,1.2602138109189,1.2602138109189,8260.48877767991,0,1,1,113.552379593002,36.3780771873075
253.497187655436,3,16,41,172.175244205526,2.1425200579814,2,0.0555924954634178,982.437790443289,181.033923414335,0,0,0,0,1,1,113.552379593002,36.3780771873075
107.243978362873,2,16,41,172.175244205526,2.14569899279016,5,0.0555924954634178,982.437790443289,181.033923414335,0,0,0,0,1,1,113.552379593002,36.3780771873075
263.253629025876,3,16,41,172.175244205526,1.93420129653023,4,0.0555924954634178,982.437790443289,181.033923414335,0,0,0,0,1,1,113.552379593002,36.3780771873075
0,2,16,41,172.175244205526,2.50276395119485,3,0.0555924954634178,982.437790443289,181.033923414335,0,0,0,2.17228429788447,1,1,113.552379593002,36.3780771873075
0,3,10,42,67.3322462728469,1.98425084632624,5,0.0815314585070698,1046.87500163216,381.79171610065,1.2602138109189,0,1951.55071501948,3.29304313007362,42169109789.0773,3,114.566581273817,38.183535392501
229.888940352414,2,16,41,172.175244205526,2.3747923232273,2,0.0555924954634178,982.437790443289,181.033923414335,1.2602138109189,1.2602138109189,3232.36014109447,0,1,1,113.552379593002,36.3780771873075
32.6068005503827,2,16,41,172.175244205526,2.42902990901371,2,0.0555924954634178,982.437790443289,181.033923414335,0,0,0,0,1,1,113.552379593002,36.3780771873075
286.847070863842,3,16,41,172.175244205526,2.32389057877074,3,0.0555924954634178,982.437790443289,181.033923414335,0,0,0,1.93552691429016,1,1,113.552379593002,36.3780771873075
16.953609992218,1,10,42,67.3322462728469,2.24399249198987,3,0.0815314585070698,1046.87500163216,381.79171610065,1.2602138109189,0,981.28674113427,4.36894127754204,42169109789.0773,3,114.566581273817,38.183535392501
457.988302414642,2,16,41,172.175244205526,2.38703274104349,4,0.0555924954634178,982.437790443289,181.033923414335,1.2602138109189,1.2602138109189,4360.74599610333,0,1,1,113.552379593002,36.3780771873075
256.220798030722,3,16,41,172.175244205526,2.5646756388683,2,0.0555924954634178,982.437790443289,181.033923414335,0,0,0,0,1,1,113.552379593002,36.3780771873075
247.878297296826,3,16,41,172.175244205526,2.58862594079228,2,0.0555924954634178,982.437790443289,181.033923414335,0,0,0,0,1,1,113.552379593002,36.3780771873075
198.53845114377,3,16,41,172.175244205526,2.07393295568447,1,0.0555924954634178,982.437790443289,181.033923414335,0,0,0,0,1,1,113.552379593002,36.3780771873075
264.630218999807,3,16,41,172.175244205526,2.02845391210158,3,0.0555924954634178,982.437790443289,181.033923414335,0,0,0,0,1,1,113.552379593002,36.3780771873075
100.776678284691,2,16,41,172.175244205526,2.58443023025581,2,0.0555924954634178,982.437790443289,181.033923414335,0,0,0,0,1,1,113.552379593002,36.3780771873075
38.8290294106497,2,16,41,172.175244205526,2.58162002379867,2,0.0555924954634178,982.437790443289,181.033923414335,0,0,0,0,1,1,113.552379593002,36.3780771873075
264.53458888834,3,16,41,172.175244205526,2.55814059525452,2,0.0555924954634178,982.437790443289,181.033923414335,0,0,0,0,1,1,113.552379593002,36.3780771873075
64.2985982297854,2,16,41,172.175244205526,1.87854396230661,3,0.0555924954634178,982.437790443289,181.033923414335,0,0,0,0,1,1,113.552379593002,36.3780771873075
255.645086596604,3,16,41,172.175244205526,2.54080002923107,2,0.0555924954634178,982.437790443289,181.033923414335,0,0,0,0,1,1,113.552379593002,36.3780771873075
215.684971331767,2,16,41,172.175244205526,2.48732203823716,2,0.0555924954634178,982.437790443289,181.033923414335,0,0,0,0,1,1,113.552379593002,36.3780771873075
283.581390987954,3,16,41,172.175244205526,1.76365346948937,3,0.0555924954634178,982.437790443289,181.033923414335,0,0,0,0,1,1,113.552379593002,36.3780771873075
219.890853122702,2,16,41,172.175244205526,1.7524235590977,3,0.0555924954634178,982.437790443289,181.033923414335,0,0,0,0,1,1,113.552379593002,36.3780771873075
220.770198571426,2,16,41,172.175244205526,1.69636416942594,3,0.0555924954634178,982.437790443289,181.033923414335,0,0,0,0,1,1,113.552379593002,36.3780771873075
254.393127504162,3,16,41,172.175244205526,2.48192597979004,1,0.0555924954634178,982.437790443289,181.033923414335,0,0,0,0,1,1,113.552379593002,36.3780771873075
214.832101329258,3,16,41,172.175244205526,2.50952006532015,1,0.0555924954634178,982.437790443289,181.033923414335,0,0,0,29.8103028993046,1,1,113.552379593002,36.3780771873075
104.90553322226,2,10,42,67.3322462728469,2.48670277795662,1,0.0815314585070698,1046.87500163216,381.79171610065,1.2602138109189,0,8866.83288911066,0,42169109789.0773,3,114.566581273817,38.183535392501
7.25430642601714,2,16,41,172.175244205526,2.52646743571407,1,0.0555924954634178,982.437790443289,181.033923414335,1.2602138109189,0,6454.77264576183,0,42169109789.0773,1,113.552379593002,36.3780771873075
21.1376262339258,1,10,42,67.3322462728469,2.50965758664702,1,0.0815314585070698,1046.87500163216,381.79171610065,1.2602138109189,0,4993.47952000783,0.443109013289303,42169109789.0773,3,114.566581273817,38.183535392501
20.2624851956598,1,16,41,172.175244205526,1.68025107688085,4,0.0555924954634178,982.437790443289,181.033923414335,1.2602138109189,1.2602138109189,5060.83520375321,0,1,1,113.552379593002,36.3780771873075
9.68788296737405,2,16,41,172.175244205526,2.12897491392348,2,0.0555924954634178,982.437790443289,181.033923414335,0,0,0,0,1,1,113.552379593002,36.3780771873075
224.359945425762,2,16,41,172.175244205526,2.28140899432665,3,0.0555924954634178,982.437790443289,181.033923414335,0,0,0,0.275047890861721,1,1,113.552379593002,36.3780771873075
251.306590261803,3,16,41,94.6625051295589,2.03174752656972,2,0.0555924954634178,985.25558901497,189.812934967569,1.2602138109189,0,92.4472474860524,0.299924552725395,1,1,113.595985391672,36.4570287349918
219.070279424028,2,15,41,148.649895852407,1.98705904612405,2,0.0555924954634178,991.27521945913,208.56743564288,1.2602138109189,0,200.132983668304,0,1,1,113.68936808907,36.6256920116471
96.8755774891362,2,15,41,29.8745406617988,2.57772561621036,1,0.0555924954634178,993.337256556978,214.991829383135,1.2602138109189,0,200.132983668304,0,1,1,113.721427993906,36.6834679726025
260.5117354154,3,15,41,134.87472894963,2.13106723427276,3,0.0555924954634178,998.540061075033,231.201462474818,1.26021381091889,0,200.132983668304,0,1,1,113.80248165491,36.8292447052361
101.156363627518,2,14,41,143.416251680498,1.86813773734903,2,0.0555924954634178,1006.30789457834,255.40258911123,1.2602138109189,0,200.132983668304,0,1,1,113.923927566024,37.0468906659531
223.352932676409,2,14,41,334.451509781209,2.04738853087496,3,0.0555924954634178,1009.32602722869,264.805752869237,1.2602138109189,0,200.132983668303,0,1,1,113.971254053988,37.1314553492688
102.11899228903,2,14,41,451.314595113757,2.03839182444955,3,0.0555924954634178,1010.41541758497,268.199810421786,1.26021381091888,0,200.132983668306,0,1,1,113.988355666627,37.1619788421562
37.6161019623431,2,13,41,535.491885107798,2.0303189554409,3,0.0555924954634178,1012.00595306828,273.155214091925,1.2602138109189,0,200.132983668304,0,1,1,114.013342701784,37.2065438580222
268.795526614551,3,13,41,456.578511538374,1.80560330782285,2,0.0555924954634178,1014.55916537908,281.109892115979,1.26021381091889,0,200.132983668304,6.74232331517365,1,1,114.053498592842,37.2780819961738
17.237958914402,1,10,42,67.3322462728469,2.47052510997361,1,0.0815314585070698,1046.87500163216,381.79171610065,1.2602138109189,0,1213.36297454454,1.43680775541127,6.85588444363069,3,114.566581273817,38.183535392501
252.004762147184,3,12,42,745.128807511896,2.44632126627573,1,0.0555924954634178,1022.78633228434,306.742098064808,1.26021381091889,0,1664.13143949562,0,1.30970270766637,1,114.183272495234,37.5085979623452
259.881181213957,3,12,42,402.601876961995,2.42619109165421,1,0.0555924954634178,1026.01632638546,316.80532821035,1.26021381091889,0,200.132983668304,0,1,1,114.234380560577,37.5990987652974
95.37666620918,2,12,42,350.125808366501,1.66904634809686,2,0.0555924954634178,1031.8509155403,334.983322235004,1.26021381091889,0,200.132983668304,0,1,1,114.326927833299,37.7625773930838
272.937886881977,3,11,42,374.848605997742,1.85888598886781,3,0.0555924954634178,1033.6419695011,340.56345261494,1.26021381091891,0,200.132983668304,0,1,1,114.355395801042,37.8127607112289
10.0078245714227,2,11,42,53.9622420152061,1.60725534133087,2,0.0555924954634178,1040.28017966944,361.245173567731,1.2602138109189,0,200.132983668303,0.138693390307138,1.0104995214182,1,114.461147015768,37.9987558962332
0,3,10,42,102.290130306733,1.73694812027588,3,0.0655975969109299,1040.69477525485,398.822717369154,1.55976370672505,1.55976370672505,254.322876801285,0,1,3,114.519742503915,38.336698866613
0,3,10,42,102.290130306733,2.25537110693576,1,0.0655975969109299,1040.69477525485,398.822717369154,0,1.22269265142748,0,1.8493428263948,1,3,114.519742503915,38.336698866613
225.44284834605,3,10,42,67.3322462728469,1.67661222974318,3,0.0728705092975482,1046.87500163216,381.79171610065,-1.22269265142748,0,191.507475787897,0,1,1,114.566581273817,38.183535392501
7.23656291299768,2,10,42,67.3322462728469,1.69090909516346,8,0.0728705092975482,1046.87500163216,381.79171610065,0,0,0,0,1,1,114.566581273817,38.183535392501
10.5192737767816,2,10,42,67.3322462728469,2.37602499647765,2,0.0728705092975482,1046.87500163216,381.79171610065,0,0,0,0,1,1,114.566581273817,38.183535392501
238.553527252524,3,10,42,67.3322462728469,1.63042507065422,3,0.0728705092975482,1046.87500163216,381.79171610065,0,0,0,0,1,1,114.566581273817,38.183535392501
223.234912829995,3,10,42,67.3322462728469,2.10098016970896,1,0.0728705092975482,1046.87500163216,381.79171610065,0,0,0,0,1,1,114.566581273817,38.183535392501
96.8439341822466,2,10,42,67.3322462728469,2.26711048531613,2,0.0728705092975482,1046.87500163216,381.79171610065,0,0,0,0,1,1,114.566581273817,38.183535392501
272.690978299955,3,10,42,67.3322462728469,1.87594067868863,8,0.0728705092975482,1046.87500163216,381.79171610065,0,0,0,0,1,1,114.566581273817,38.183535392501
210.405745788568,3,10,42,67.3322462728469,1.95357687264086,1,0.0728705092975482,1046.87500163216,381.79171610065,0,0,0,0,1,1,114.566581273817,38.183535392501
19.3118664186727,1,10,42,67.3322462728469,2.14377980229568,2,0.0728705092975482,1046.87500163216,381.79171610065,0,0,0,0,1,1,114.566581273817,38.183535392501
18.3260606065078,1,10,42,67.3322462728469,1.97698321816973,8,0.0728705092975482,1046.87500163216,381.79171610065,0,0,0,0,1,1,114.566581273817,38.183535392501
255.004474993635,3,10,42,67.3322462728469,2.11740749413312,2,0.0728705092975482,1046.87500163216,381.79171610065,0,0,0,0,1,1,114.566581273817,38.183535392501
267.045563231435,3,10,42,67.3322462728469,2.10005004970568,2,0.0728705092975482,1046.87500163216,381.79171610065,0,0,0,0,1,1,114.566581273817,38.183535392501
229.529523790715,3,10,42,67.3322462728469,2.03202416895908,8,0.0728705092975482,1046.87500163216,381.79171610065,0,0,0,0,1,1,114.566581273817,38.183535392501
257.213272187478,3,10,42,67.3322462728469,2.05229599930569,8,0.0728705092975482,1046.87500163216,381.79171610065,0,0,0,0,1,1,114.566581273817,38.183535392501
251.200506263574,3,10,42,67.3322462728469,2.00197598436777,2,0.0728705092975482,1046.87500163216,381.79171610065,0,1.22269265142748,0,0.541350419020097,1,1,114.566581273817,38.183535392501
0,3,10,42,102.290130306733,2.1481909869153,8,0.0655975969109299,1040.69477525485,398.822717369154,-1.22269265142748,0,181.074604754898,0.47947953928275,3623535302.89227,3,114.519742503915,38.336698866613
227.317624471843,2,10,42,67.3322462728469,1.72539257610544,1,0.0728705092975482,1046.87500163216,381.79171610065,-1.22269265142748,0,353.784625131481,0,1,1,114.566581273817,38.183535392501
457.769013046264,2,10,42,67.3322462728469,1.91765418597376,2,0.0728705092975482,1046.87500163216,381.79171610065,0,0,0,0,1,1,114.566581273817,38.183535392501
221.077888913841,2,10,42,67.3322462728469,2.2157377947256,8,0.0728705092975482,1046.87500163216,381.79171610065,0,1.22269265142748,0,0.451562920884963,1,1,114.566581273817,38.183535392501
12.4260979110796,2,10,42,102.290130306733,1.60592117631898,1,0.0655975969109299,1040.69477525485,398.822717369154,-1.22269265142748,0,114.141101109242,0.975490225524367,3623535302.89227,3,114.519742503915,38.336698866613
252.75932286179,3,10,42,67.3322462728469,2.30331372852586,8,0.0728705092975482,1046.87500163216,381.79171610065,-1.22269265142748,0,671.56536141803,0,1,1,114.566581273817,38.183535392501
18.1093622392276,1,10,42,67.3322462728469,2.30596016806459,8,0.0728705092975482,1046.87500163216,381.79171610065,0,0,0,0,1,1,114.566581273817,38.183535392501
318.947080628765,3,10,42,67.3322462728469,1.57246840961388,1,0.0728705092975482,1046.87500163216,381.79171610065,0,0,0,0,1,1,114.566581273817,38.183535392501
12.3598454248003,2,10,42,67.3322462728469,2.50884727893,7,0.0728705092975482,1046.87500163216,381.79171610065,0,0,0,0,1,1,114.566581273817,38.183535392501
248.585170664148,3,10,42,67.3322462728469,2.23861417877028,8,0.0728705092975482,1046.87500163216,381.79171610065,0,1.22269265142748,0,1.62076258566584,1,1,114.566581273817,38.183535392501
0,3,10,42,102.290130306733,2.53789114150182,7,0.0655975969109299,1040.69477525485,398.822717369154,-1.22269265142748,0,285.738768196173,0,3623535302.89227,3,114.519742503915,38.336698866613
260.681474241224,3,10,42,67.3322462728469,2.16582076643846,8,0.0728705092975482,1046.87500163216,381.79171610065,-1.22269265142748,0,208.664215752786,0,1,1,114.566581273817,38.183535392501
265.752004720513,3,10,42,67.3322462728469,2.57320738163505,7,0.0728705092975482,1046.87500163216,381.79171610065,0,0,0,0,1,1,114.566581273817,38.183535392501
13.1062742531229,2,10,42,67.3322462728469,2.56837847019217,7,0.0728705092975482,1046.87500163216,381.79171610065,0,0,0,0,1,1,114.566581273817,38.183535392501
255.189993454113,3,10,42,67.3322462728469,2.55224627475125,7,0.0728705092975482,1046.87500163216,381.79171610065,0,0,0,0,1,1,114.566581273817,38.183535392501
222.588749857713,2,10,42,67.3322462728469,2.18802804465333,6,0.0728705092975482,1046.87500163216,381.79171610065,0,1.22269265142748,0,5.45680285712522,1,1,114.566581273817,38.183535392501
219.300963400777,2,10,42,102.290130306733,2.54004861073526,7,0.0655975969109299,1040.69477525485,398.822717369154,-1.22269265142748,0,571.045281388763,0,3623535302.89227,3,114.519742503915,38.336698866613
289.250139316278,3,10,42,67.3322462728469,2.52071693258881,7,0.0728705092975482,1046.87500163216,381.79171610065,-1.22269265142748,0,228.296673583477,0,1,1,114.566581273817,38.183535392501
90.8465718447701,2,10,42,67.3322462728469,2.51597322209463,7,0.0728705092975482,1046.87500163216,381.79171610065,0,0,0,0,1,1,114.566581273817,38.183535392501
8.46465026217132,2,10,42,67.3322462728469,2.30608197568413,6,0.0728705092975482,1046.87500163216,381.79171610065,0,0,0,0,1,1,114.566581273817,38.183535392501
224.301124306671,2,10,42,67.3322462728469,2.31769363108683,6,0.0728705092975482,1046.87500163216,381.79171610065,0,0,0,0,1,1,114.566581273817,38.183535392501
241.597268608325,3,10,42,67.3322462728469,2.34182177194058,6,0.0728705092975482,1046.87500163216,381.79171610065,0,0,0,0,1,1,114.566581273817,38.183535392501
263.846335455597,3,10,42,67.3322462728469,2.37285087230375,6,0.0728705092975482,1046.87500163216,381.79171610065,0,0,0,0,1,1,114.566581273817,38.183535392501
100,2,10,42,67.3322462728469,1.69466270852668,5,0.0728705092975482,1046.87500163216,381.79171610065,0,0,0,0,1,1,114.566581273817,38.183535392501
233.717528837662,3,10,42,67.3322462728469,2.38002855419969,7,0.0728705092975482,1046.87500163216,381.79171610065,0,0,0,0,1,1,114.566581273817,38.183535392501
246.16261351983,3,10,42,67.3322462728469,1.63284773283903,8,0.0728705092975482,1046.87500163216,381.79171610065,0,0,0,0,1,1,114.566581273817,38.183535392501
263.209537170035,3,10,42,67.3322462728469,2.44734113465894,6,0.0728705092975482,1046.87500163216,381.79171610065,0,0,0,0,1,1,114.566581273817,38.183535392501
24.7467687998975,1,10,42,67.3322462728469,2.3151719441948,7,0.0728705092975482,1046.87500163216,381.79171610065,0,0,0,0,1,1,114.566581273817,38.183535392501
260.251504449714,3,10,42,67.3322462728469,2.44259569994089,8,0.0728705092975482,1046.87500163216,381.79171610065,0,0,0,0,1,1,114.566581273817,38.183535392501
276.294650407604,3,10,42,67.3322462728469,2.40628867278459,8,0.0728705092975482,1046.87500163216,381.79171610065,0,0,0,0,1,1,114.566581273817,38.183535392501
13.5729742950146,2,10,42,67.3322462728469,1.89055178668908,5,0.0728705092975482,1046.87500163216,381.79171610065,0,0,0,0,1,1,114.566581273817,38.183535392501
266.237575785939,3,10,42,67.3322462728469,2.38936782838083,8,0.0728705092975482,1046.87500163216,381.79171610065,0,0,0,0,1,1,114.566581273817,38.183535392501
212.374091521729,3,10,42,67.3322462728469,2.19466324859597,7,0.0728705092975482,1046.87500163216,381.79171610065,0,0,0,0,1,1,114.566581273817,38.183535392501
213.804823945349,2,10,42,67.3322462728469,2.15964460466672,7,0.0728705092975482,1046.87500163216,381.79171610065,0,0,0,0,1,1,114.566581273817,38.183535392501
215.055012838918,2,10,42,67.3322462728469,2.32272108231698,8,0.0728705092975482,1046.87500163216,381.79171610065,0,0,0,0,1,1,114.566581273817,38.183535392501
250.904280565643,3,10,42,67.3322462728469,1.98328321332741,5,0.0728705092975482,1046.87500163216,381.79171610065,0,0,0,0,1,1,114.566581273817,38.183535392501
260.128298905359,3,10,42,67.3322462728469,2.07201752810187,7,0.0728705092975482,1046.87500163216,381.79171610065,0,0,0,0,1,1,114.566581273817,38.183535392501
217.2682882182,2,10,42,67.3322462728469,2.25159052107918,8,0.0728705092975482,1046.87500163216,381.79171610065,0,0,0,0,1,1,114.566581273817,38.183535392501
263.675324820995,3,10,42,67.3322462728469,2.57460883699385,6,0.0728705092975482,1046.87500163216,381.79171610065,0,0,0,0,1,1,114.566581273817,38.183535392501
265.597346422471,3,10,42,67.3322462728469,2.56352757767431,6,0.0728705092975482,1046.87500163216,381.79171610065,0,0,0,0,1,1,114.566581273817,38.183535392501
236.079838111053,3,10,42,67.3322462728469,2.5569722238689,6,0.0728705092975482,1046.87500163216,381.79171610065,0,0,0,0,1,1,114.566581273817,38.183535392501
274.286562969556,3,10,42,67.3322462728469,2.55661199313206,6,0.0728705092975482,1046.87500163216,381.79171610065,0,0,0,0,1,1,114.566581273817,38.183535392501
22.1528668460168,1,10,42,67.3322462728469,2.11538172769855,8,0.0728705092975482,1046.87500163216,381.79171610065,0,0,0,0,1,1,114.566581273817,38.183535392501
273.971714935121,3,10,42,67.3322462728469,2.09791713658614,8,0.0728705092975482,1046.87500163216,381.79171610065,0,0,0,0,1,1,114.566581273817,38.183535392501
261.823347530524,3,10,42,67.3322462728469,2.5210389501492,6,0.0728705092975482,1046.87500163216,381.79171610065,0,0,0,0,1,1,114.566581273817,38.183535392501
264.036492139532,3,10,42,67.3322462728469,2.00125110726402,8,0.0728705092975482,1046.87500163216,381.79171610065,0,0,0,0,1,1,114.566581273817,38.183535392501
11.5446391113461,2,10,42,67.3322462728469,2.3302590213123,5,0.0728705092975482,1046.87500163216,381.79171610065,0,0,0,0,1,1,114.566581273817,38.183535392501
19.1528635880064,1,10,42,67.3322462728469,2.40674162846722,6,0.0728705092975482,1046.87500163216,381.79171610065,0,0,0,0,1,1,114.566581273817,38.183535392501
20.7844035092901,1,10,42,67.3322462728469,1.86584141869239,8,0.0728705092975482,1046.87500163216,381.79171610065,0,0,0,0,1,1,114.566581273817,38.183535392501
10.2371564878794,2,10,42,67.3322462728469,1.65861978747343,7,0.0728705092975482,1046.87500163216,381.79171610065,0,0,0,0,1,1,114.566581273817,38.183535392501
98.5398190749872,2,10,42,67.3322462728469,1.8247277884964,8,0.0728705092975482,1046.87500163216,381.79171610065,0,0,0,0,1,1,114.566581273817,38.183535392501
218.59808109216,2,10,42,67.3322462728469,2.45190455660378,5,0.0728705092975482,1046.87500163216,381.79171610065,0,0,0,0,1,1,114.566581273817,38.183535392501
458.191615152757,2,10,42,67.3322462728469,2.45488402105082,5,0.0728705092975482,1046.87500163216,381.79171610065,0,0,0,0,1,1,114.566581273817,38.183535392501
101.076158791422,2,10,42,67.3322462728469,2.50338799945935,5,0.0728705092975482,1046.87500163216,381.79171610065,0,0,0,0,1,1,114.566581273817,38.183535392501
254.389531954267,3,10,42,67.3322462728469,1.85814673039172,4,0.0728705092975482,1046.87500163216,381.79171610065,0,0,0,0,1,1,114.566581273817,38.183535392501
276.186243011022,3,10,42,67.3322462728469,2.40703035445917,7,0.0728705092975482,1046.87500163216,381.79171610065,0,0,0,45.4230876261091,1,1,114.566581273817,38.183535392501
12.5320183675898,1,12,41,377.878275667316,2.55054094752052,5,0.0582309764571251,980.721296239272,335.883149920342,0.606666277610198,0,4731.44060286159,0,16104544931.095,3,113.742102128063,37.770669737874
302.327118122852,3,10,42,67.3322462728469,2.38398991735851,7,0.0728705092975482,1046.87500163216,381.79171610065,0.606666277610198,0.606666277610198,2076.71189556833,0,1,1,114.566581273817,38.183535392501
212.676246324477,2,10,42,67.3322462728469,2.09940621381751,6,0.0728705092975482,1046.87500163216,381.79171610065,0,0,0,0,1,1,114.566581273817,38.183535392501
215.780051630452,2,10,42,67.3322462728469,2.07857973576624,6,0.0728705092975482,1046.87500163216,381.79171610065,0,0,0,0,1,1,114.566581273817,38.183535392501
102.084256653255,2,10,42,67.3322462728469,2.08374008237969,4,0.0728705092975482,1046.87500163216,381.79171610065,0,0,0,0,1,1,114.566581273817,38.183535392501
254.786764292538,3,10,42,67.3322462728469,2.55161804034871,5,0.0728705092975482,1046.87500163216,381.79171610065,0,0,0,0,1,1,114.566581273817,38.183535392501
460.837689627615,2,10,42,67.3322462728469,2.20921160507341,4,0.0728705092975482,1046.87500163216,381.79171610065,0,0,0,0,1,1,114.566581273817,38.183535392501
261.427414952505,3,10,42,67.3322462728469,2.00382543400979,7,0.0728705092975482,1046.87500163216,381.79171610065,0,0,0,0,1,1,114.566581273817,38.183535392501
273.148744248131,3,10,42,67.3322462728469,2.32120535633692,4,0.0728705092975482,1046.87500163216,381.79171610065,0,0,0,0,1,1,114.566581273817,38.183535392501
90.6116454724724,2,10,42,67.3322462728469,1.63943930894429,3,0.0728705092975482,1046.87500163216,381.79171610065,0,0,0,0,1,1,114.566581273817,38.183535392501
36.2860956241619,2,10,42,67.3322462728469,1.88728041900487,7,0.0728705092975482,1046.87500163216,381.79171610065,0,0,0,0,1,1,114.566581273817,38.183535392501
466.847690172988,2,10,42,67.3322462728469,2.35770988419774,5,0.0728705092975482,1046.87500163216,381.79171610065,0,0,0,0,1,1,114.566581273817,38.183535392501
461.651280442612,2,10,42,67.3322462728469,2.44910799116391,4,0.0728705092975482,1046.87500163216,381.79171610065,0,0,0,0,1,1,114.566581273817,38.183535392501
19.7253042771525,2,10,42,67.3322462728469,1.75930196276692,3,0.0728705092975482,1046.87500163216,381.79171610065,0,0,0,0,1,1,114.566581273817,38.183535392501
294.7837279023,3,10,42,67.3322462728469,2.30827395144619,5,0.0728705092975482,1046.87500163216,381.79171610065,0,0,0,0,1,1,114.566581273817,38.183535392501
216.477353086386,2,10,42,67.3322462728469,2.48056905403426,4,0.0728705092975482,1046.87500163216,381.79171610065,0,0,0,0,1,1,114.566581273817,38.183535392501
290.46145816081,3,10,42,67.3322462728469,2.48256094264077,4,0.0728705092975482,1046.87500163216,381.79171610065,0,0,0,0,1,1,114.566581273817,38.183535392501
113.753196117058,2,10,42,67.3322462728469,2.29673808880779,5,0.0728705092975482,1046.87500163216,381.79171610065,0,0,0,0,1,1,114.566581273817,38.183535392501
42.1766466689751,2,10,42,67.3322462728469,2.24666348254994,5,0.0728705092975482,1046.87500163216,381.79171610065,0,0,0,4.5273889491496,1,1,114.566581273817,38.183535392501
223.751255098267,2,11,41,221.889464348227,2.229085421276,5,0.0459721049725332,988.835443521954,342.136649734624,0.599390251840971,0,1741.54179941089,0,14058612440.9523,3,113.843626900843,37.82690881283
85.3924279277725,2,10,42,67.3322462728469,2.34606379612529,6,0.0728705092975482,1046.87500163216,381.79171610065,0.599390251840971,0.599390251840971,475.009241175872,0,1,1,114.566581273817,38.183535392501
249.116960154052,3,10,42,67.3322462728469,2.33942672919912,6,0.0728705092975482,1046.87500163216,381.79171610065,0,0,0,0,1,1,114.566581273817,38.183535392501
276.310363872736,3,10,42,67.3322462728469,2.01442866119451,3,0.0728705092975482,1046.87500163216,381.79171610065,0,0,0,0,1,1,114.566581273817,38.183535392501
238.610247485022,3,10,42,67.3322462728469,2.07940442228374,5,0.0728705092975482,1046.87500163216,381.79171610065,0,0,0,0,1,1,114.566581273817,38.183535392501
6.76702741416289,2,10,42,67.3322462728469,2.05858774826386,5,0.0728705092975482,1046.87500163216,381.79171610065,0,0,0,0,1,1,114.566581273817,38.183535392501
289.555738191859,3,10,42,67.3322462728469,2.24907297659366,6,0.0728705092975482,1046.87500163216,381.79171610065,0,0,0,38.0108783287476,1,1,114.566581273817,38.183535392501
21.390344778207,1,11,41,221.889464348227,2.03395118505523,5,0.0459721049725332,988.835443521954,342.136649734624,0.599390251840971,0,2191.07293757728,30.787923478725,14058612440.9523,3,113.843626900843,37.82690881283
7.01668193127237,2,10,42,67.3322462728469,2.57454060766643,4,0.0728705092975482,1046.87500163216,381.79171610065,0.599390251840971,0.599390251840971,5746.8827781654,0,1,1,114.566581273817,38.183535392501
12.9014007238708,2,10,42,67.3322462728469,2.01459778454955,5,0.0728705092975482,1046.87500163216,381.79171610065,0,0,0,0,1,1,114.566581273817,38.183535392501
12.3153996726963,2,10,42,67.3322462728469,2.57146238377714,4,0.0728705092975482,1046.87500163216,381.79171610065,0,0,0,0,1,1,114.566581273817,38.183535392501
240.273408796843,3,10,42,67.3322462728469,2.13266249764186,3,0.0728705092975482,1046.87500163216,381.79171610065,0,0,0,0,1,1,114.566581273817,38.183535392501
220.462187122088,2,10,42,67.3322462728469,2.14269768456426,6,0.0728705092975482,1046.87500163216,381.79171610065,0,0,0,4.08280898950043,1,1,114.566581273817,38.183535392501
22.5953163471515,1,11,41,221.889464348227,2.5505128904563,4,0.0459721049725332,988.835443521954,342.136649734624,0.599390251840971,0,786.687946838396,3.15212901389027,14058612440.9523,3,113.843626900843,37.82690881283
250.275300779454,3,10,42,67.3322462728469,2.07897930516839,6,0.0728705092975482,1046.87500163216,381.79171610065,0.599390251840971,0.599390251840971,1800.63774264837,0,1,1,114.566581273817,38.183535392501
241.729802720965,3,10,42,67.3322462728469,2.23439285606572,3,0.0728705092975482,1046.87500163216,381.79171610065,0,0,0,0,1,1,114.566581273817,38.183535392501
0,2,10,42,67.3322462728469,2.05328713706797,6,0.0728705092975482,1046.87500163216,381.79171610065,0,0,0,0,1,1,114.566581273817,38.183535392501
263.805421845159,3,10,42,67.3322462728469,2.5079685311089,4,0.0728705092975482,1046.87500163216,381.79171610065,0,0,0,0,1,1,114.566581273817,38.183535392501
23.5431385964817,1,10,42,67.3322462728469,2.50362717933773,4,0.0728705092975482,1046.87500163216,381.79171610065,0,0,0,0,1,1,114.566581273817,38.183535392501
20.1569984991071,1,10,42,67.3322462728469,2.00768914180283,6,0.0728705092975482,1046.87500163216,381.79171610065,0,0,0,0,1,1,114.566581273817,38.183535392501
10.721860321541,2,10,42,67.3322462728469,2.46788772653091,4,0.0728705092975482,1046.87500163216,381.79171610065,0,0,0,0,1,1,114.566581273817,38.183535392501
272.776183718693,3,10,42,67.3322462728469,1.92071387696727,6,0.0728705092975482,1046.87500163216,381.79171610065,0,0,0,0,1,1,114.566581273817,38.183535392501
10.310836934982,2,10,42,67.3322462728469,2.38458599661343,3,0.0728705092975482,1046.87500163216,381.79171610065,0,0,0,0,1,1,114.566581273817,38.183535392501
286.191292893885,3,10,42,67.3322462728469,2.40098231402882,3,0.0728705092975482,1046.87500163216,381.79171610065,0,0,0,0,1,1,114.566581273817,38.183535392501
259.744076827924,3,10,42,67.3322462728469,2.39378381392358,4,0.0728705092975482,1046.87500163216,381.79171610065,0,0,0,0,1,1,114.566581273817,38.183535392501
13.9731346509372,2,10,42,67.3322462728469,2.36908038811837,4,0.0728705092975482,1046.87500163216,381.79171610065,0,0,0,0,1,1,114.566581273817,38.183535392501
99.2912283062098,2,10,42,67.3322462728469,2.36188113695602,4,0.0728705092975482,1046.87500163216,381.79171610065,0,0,0,0,1,1,114.566581273817,38.183535392501
287.7133562925,3,10,42,67.3322462728469,2.34029269669602,4,0.0728705092975482,1046.87500163216,381.79171610065,0,0,0,0,1,1,114.566581273817,38.183535392501
246.064121722229,3,10,42,67.3322462728469,2.33315827226396,4,0.0728705092975482,1046.87500163216,381.79171610065,0,0,0,0,1,1,114.566581273817,38.183535392501
267.567474833503,3,10,42,67.3322462728469,2.47199796178685,3,0.0728705092975482,1046.87500163216,381.79171610065,0,0,0,0,1,1,114.566581273817,38.183535392501
37.062187534657,2,10,42,67.3322462728469,2.4409810862143,5,0.0728705092975482,1046.87500163216,381.79171610065,0,0,0,0,1,1,114.566581273817,38.183535392501
96.7701155180273,2,10,42,67.3322462728469,2.43353161298516,5,0.0728705092975482,1046.87500163216,381.79171610065,0,0,0,0,1,1,114.566581273817,38.183535392501
95.0682249855225,2,10,42,67.3322462728469,2.19891914578509,4,0.0728705092975482,1046.87500163216,381.79171610065,0,0,0,0,1,1,114.566581273817,38.183535392501
261.104479821832,3,10,42,67.3322462728469,2.37061941075034,5,0.0728705092975482,1046.87500163216,381.79171610065,0,0,0,0,1,1,114.566581273817,38.183535392501
100.56820527223,2,10,42,67.3322462728469,2.56272599025019,3,0.0728705092975482,1046.87500163216,381.79171610065,0,0,0,0,1,1,114.566581273817,38.183535392501
235.359931280103,3,10,42,67.3322462728469,1.5843917432244,6,0.0728705092975482,1046.87500163216,381.79171610065,0,0,0,0,1,1,114.566581273817,38.183535392501
245.404995778115,3,10,42,67.3322462728469,2.05925084570736,2,0.0728705092975482,1046.87500163216,381.79171610065,0,0,0,0,1,1,114.566581273817,38.183535392501
100,2,10,42,67.3322462728469,1.97465058681954,4,0.0728705092975482,1046.87500163216,381.79171610065,0,0,0,0,1,1,114.566581273817,38.183535392501
262.379022854492,3,10,42,67.3322462728469,2.17318280940945,5,0.0728705092975482,1046.87500163216,381.79171610065,0,0,0,0,1,1,114.566581273817,38.183535392501
226.107207322461,2,10,42,67.3322462728469,2.55549255076401,3,0.0728705092975482,1046.87500163216,381.79171610065,0,0.583103171857435,0,0.840521662027356,1,1,114.566581273817,38.183535392501
279.160181400951,3,10,42,38.0879056169968,2.54947571190632,3,0.0728705092975482,1040.6498456483,385.897908007528,-0.583103171857435,0,222.665127765127,0.329009239752383,1,1,114.500710058737,38.2204632635001
275.757979360653,3,10,42,321.905217287178,2.20922952056999,2,0.0728705092975482,1027.98537815172,394.251551526522,-0.583103171857443,0,262.33383347117,0,1,1,114.36648435141,38.2955893845478
260.416513733237,3,9,41,270.244362271262,2.26438594546344,2,0.0728705092975482,1003.74161154433,410.243047722513,-0.583103171857438,0,262.333833471172,0,1,1,114.108721804415,38.439404364948
98.1955944758179,2,9,41,187.512972307009,2.46111659067639,3,0.0382142624917511,980.789948760123,425.382255835224,-0.583103171857439,0,148.685106761009,0,1,1,113.863713580551,38.5755545344707
264.135023285231,3,9,41,187.512972307009,2.3717070528009,2,0.0382142624917511,980.789948760123,425.382255835224,0,0,0,0,1,1,113.863713580551,38.5755545344707
317.154392667789,3,9,41,187.512972307009,1.89948354752579,5,0.0382142624917511,980.789948760123,425.382255835224,0,0,0,0,1,1,113.863713580551,38.5755545344707
266.084663470268,3,9,41,187.512972307009,2.41898743607364,3,0.0382142624917511,980.789948760123,425.382255835224,0,0,0,0,1,1,113.863713580551,38.5755545344707
245.295732131277,3,9,41,187.512972307009,1.88031840157627,5,0.0382142624917511,980.789948760123,425.382255835224,0,0,0,0,1,1,113.863713580551,38.5755545344707
38.4402120652266,2,9,41,187.512972307009,1.85531718006707,5,0.0382142624917511,980.789948760123,425.382255835224,0,0,0,0,1,1,113.863713580551,38.5755545344707
220.434645888826,2,9,41,187.512972307009,2.37054166762167,3,0.0382142624917511,980.789948760123,425.382255835224,0,0,0,0,1,1,113.863713580551,38.5755545344707
251.188095056736,3,9,41,187.512972307009,1.72284565580795,5,0.0382142624917511,980.789948760123,425.382255835224,0,0,0,0,1,1,113.863713580551,38.5755545344707
233.910011764096,3,9,41,187.512972307009,2.53317053076014,2,0.0382142624917511,980.789948760123,425.382255835224,0,0,0,0,1,1,113.863713580551,38.5755545344707
271.063941649275,3,9,41,187.512972307009,2.42615061216915,4,0.0382142624917511,980.789948760123,425.382255835224,0,0,0,11.2404865852636,1,1,113.863713580551,38.5755545344707
0,3,10,41,701.409565459978,2.39413649369425,4,0.0497036228801247,972.753369691531,405.137280998959,1.19290767158407,1.19290767158407,326.148602750371,0,1,3,113.743492547912,38.3934871016553
0,3,10,41,701.409565459978,2.3676642074456,4,0.0497036228801247,972.753369691531,405.137280998959,0,0,0,0,1,3,113.743492547912,38.3934871016553
0,3,10,41,701.409565459978,2.57602651465786,2,0.0497036228801247,972.753369691531,405.137280998959,0,0,0,0,1,3,113.743492547912,38.3934871016553
21.5080883137216,1,10,41,701.409565459978,2.33283374080711,4,0.0497036228801247,972.753369691531,405.137280998959,0,0,0,4.17730511069144,1,3,113.743492547912,38.3934871016553
96.1093713635973,2,9,41,187.512972307009,2.01003974059343,1,0.0382142624917511,980.789948760123,425.382255835224,1.19290767158407,1.19290767158407,256.734120247574,0,1,1,113.863713580551,38.5755545344707
89.6773257334943,2,9,41,187.512972307009,2.58757256257039,2,0.0382142624917511,980.789948760123,425.382255835224,0,0,0,0,1,1,113.863713580551,38.5755545344707
262.52652076996,3,9,41,187.512972307009,2.04905444896478,1,0.0382142624917511,980.789948760123,425.382255835224,0,0,0,0,1,1,113.863713580551,38.5755545344707
45.8259844315247,2,9,41,187.512972307009,2.58839969347268,2,0.0382142624917511,980.789948760123,425.382255835224,0,0,0,0,1,1,113.863713580551,38.5755545344707
249.083270472764,3,9,41,187.512972307009,2.22752244534807,4,0.0382142624917511,980.789948760123,425.382255835224,0,0,0,0,1,1,113.863713580551,38.5755545344707
261.600408618139,3,9,41,187.512972307009,2.18640513772449,4,0.0382142624917511,980.789948760123,425.382255835224,0,0,0,0,1,1,113.863713580551,38.5755545344707
256.849837708453,3,9,41,187.512972307009,2.15887847077341,1,0.0382142624917511,980.789948760123,425.382255835224,0,0,0,0,1,1,113.863713580551,38.5755545344707
218.913971961334,2,9,41,187.512972307009,1.90661113057663,3,0.0382142624917511,980.789948760123,425.382255835224,0,0,0,0,1,1,113.863713580551,38.5755545344707
247.722894625339,3,9,41,187.512972307009,2.53486761539553,2,0.0382142624917511,980.789948760123,425.382255835224,0,0,0,0,1,1,113.863713580551,38.5755545344707
43.7308242992919,2,9,41,187.512972307009,2.26012207560786,1,0.0382142624917511,980.789948760123,425.382255835224,0,0,0,0,1,1,113.863713580551,38.5755545344707
235.245207860917,3,9,41,187.512972307009,2.28203358306871,1,0.0382142624917511,980.789948760123,425.382255835224,0,0,0,3.23245437075776,1,1,113.863713580551,38.5755545344707
0,3,10,41,701.409565459978,1.79807483562099,3,0.0497036228801247,972.753369691531,405.137280998959,1.19290767158407,0,533.996579239003,0,4356354481.65887,3,113.743492547912,38.3934871016553
219.128058739011,2,9,41,187.512972307009,2.48115201396739,2,0.0382142624917511,980.789948760123,425.382255835224,1.19290767158407,1.19290767158407,417.705660804682,0,1,1,113.863713580551,38.5755545344707
270.775527831617,3,9,41,187.512972307009,1.76656677176674,3,0.0382142624917511,980.789948760123,425.382255835224,0,0,0,0,1,1,113.863713580551,38.5755545344707
19.4859316175245,2,9,41,187.512972307009,2.43495420488138,2,0.0382142624917511,980.789948760123,425.382255835224,0,0,0,0,1,1,113.863713580551,38.5755545344707
19.8252343789985,1,9,41,187.512972307009,1.90641070761079,4,0.0382142624917511,980.789948760123,425.382255835224,0,0,0,0,1,1,113.863713580551,38.5755545344707
251.749710699341,3,9,41,187.512972307009,1.68496637206198,3,0.0382142624917511,980.789948760123,425.382255835224,0,0,0,0,1,1,113.863713580551,38.5755545344707
0,2,9,41,187.512972307009,1.64412575920403,3,0.0382142624917511,980.789948760123,425.382255835224,0,0,0,0,1,1,113.863713580551,38.5755545344707
223.932036330358,2,9,41,187.512972307009,2.36754835929033,2,0.0382142624917511,980.789948760123,425.382255835224,0,0,0,0,1,1,113.863713580551,38.5755545344707
252.101558707214,3,9,41,187.512972307009,2.36197987590169,2,0.0382142624917511,980.789948760123,425.382255835224,0,0,0,0,1,1,113.863713580551,38.5755545344707
257.362928280247,3,9,41,187.512972307009,2.3290676218982,2,0.0382142624917511,980.789948760123,425.382255835224,0,0,0,0,1,1,113.863713580551,38.5755545344707
97.5246417656438,2,9,41,187.512972307009,1.7461077485847,4,0.0382142624917511,980.789948760123,425.382255835224,0,0,0,0,1,1,113.863713580551,38.5755545344707
259.902723353611,3,9,41,187.512972307009,2.2640623819442,2,0.0382142624917511,980.789948760123,425.382255835224,0,0,0,0,1,1,113.863713580551,38.5755545344707
13.0306358042409,2,9,41,187.512972307009,2.38054659517447,3,0.0382142624917511,980.789948760123,425.382255835224,0,0,0,0,1,1,113.863713580551,38.5755545344707
94.7768221660504,2,9,41,187.512972307009,1.60290493921138,4,0.0382142624917511,980.789948760123,425.382255835224,0,0,0,0,1,1,113.863713580551,38.5755545344707
13.4448036460337,2,9,41,187.512972307009,2.26099688804047,3,0.0382142624917511,980.789948760123,425.382255835224,0,0,0,0,1,1,113.863713580551,38.5755545344707
455.346852829416,2,9,41,187.512972307009,2.58725368703845,1,0.0382142624917511,980.789948760123,425.382255835224,0,0,0,0,1,1,113.863713580551,38.5755545344707
102.673677022678,2,9,41,187.512972307009,2.01743383877229,2,0.0382142624917511,980.789948760123,425.382255835224,0,0,0,0,1,1,113.863713580551,38.5755545344707
284.899031018642,3,9,41,187.512972307009,1.99978859054863,2,0.0382142624917511,980.789948760123,425.382255835224,0,0,0,0,1,1,113.863713580551,38.5755545344707
104.874014552764,2,9,41,187.512972307009,2.58207263171998,1,0.0382142624917511,980.789948760123,425.382255835224,0,0,0,0,1,1,113.863713580551,38.5755545344707
266.915466217426,3,9,41,187.512972307009,2.55817518744865,1,0.0382142624917511,980.789948760123,425.382255835224,0,0,0,0,1,1,113.863713580551,38.5755545344707
257.67824127996,3,9,41,187.512972307009,2.08212512015439,3,0.0382142624917511,980.789948760123,425.382255835224,0,0,0,0,1,1,113.863713580551,38.5755545344707
11.0511423194752,2,9,41,187.512972307009,2.05503374784217,3,0.0382142624917511,980.789948760123,425.382255835224,0,0,0,0,1,1,113.863713580551,38.5755545344707
11.2428495234587,2,9,41,187.512972307009,1.9406371088764,3,0.0382142624917511,980.789948760123,425.382255835224,0,0,0,0,1,1,113.863713580551,38.5755545344707
99.6221571339943,2,9,41,187.512972307009,1.91003794136488,3,0.0382142624917511,980.789948760123,425.382255835224,0,0,0,0,1,1,113.863713580551,38.5755545344707
242.682910992916,3,9,41,187.512972307009,2.36121079579795,1,0.0382142624917511,980.789948760123,425.382255835224,0,0,0,0,1,1,113.863713580551,38.5755545344707
10,2,9,41,187.512972307009,2.33872071047137,1,0.0382142624917511,980.789948760123,425.382255835224,0,0,0,0,1,1,113.863713580551,38.5755545344707
270.359237467974,3,9,41,187.512972307009,1.59434753148509,2,0.0382142624917511,980.789948760123,425.382255835224,0,0,0,0,1,1,113.863713580551,38.5755545344707
220.606539402542,2,9,41,187.512972307009,2.20752381881502,1,0.0382142624917511,980.789948760123,425.382255835224,0,0,0,0,1,1,113.863713580551,38.5755545344707
264.427313714618,3,9,41,187.512972307009,1.64621477204017,3,0.0382142624917511,980.789948760123,425.382255835224,0,0,0,0,1,1,113.863713580551,38.5755545344707
246.457567034246,3,9,41,187.512972307009,2.34632061420868,2,0.0382142624917511,980.789948760123,425.382255835224,0,0,0,0,1,1,113.863713580551,38.5755545344707
255.687878595751,3,9,41,187.512972307009,1.80951949556322,8,0.0382142624917511,980.789948760123,425.382255835224,0,0,0,0,1,1,113.863713580551,38.5755545344707
217.556729984477,2,9,41,187.512972307009,2.07864491522169,1,0.0382142624917511,980.789948760123,425.382255835224,0,0,0,0,1,1,113.863713580551,38.5755545344707
309.696279019329,3,9,41,187.512972307009,2.26788293382061,2,0.0382142624917511,980.789948760123,425.382255835224,0,0,0,0,1,1,113.863713580551,38.5755545344707
6.34201462095575,2,9,41,187.512972307009,2.25160574519684,2,0.0382142624917511,980.789948760123,425.382255835224,0,0,0,0,1,1,113.863713580551,38.5755545344707
109.83828226737,2,9,41,187.512972307009,2.04389829867084,1,0.0382142624917511,980.789948760123,425.382255835224,0,0,0,0,1,1,113.863713580551,38.5755545344707
219.543677375735,2,9,41,187.512972307009,1.8706608331849,8,0.0382142624917511,980.789948760123,425.382255835224,0,0,0,0,1,1,113.863713580551,38.5755545344707
220.775389217255,2,9,41,187.512972307009,2.21633825627111,2,0.0382142624917511,980.789948760123,425.382255835224,0,0,0,0,1,1,113.863713580551,38.5755545344707
308.535250722464,3,9,41,187.512972307009,2.19670232986384,2,0.0382142624917511,980.789948760123,425.382255835224,0,0,0,0,1,1,113.863713580551,38.5755545344707
263.603846181066,3,9,41,187.512972307009,2.16900711804183,2,0.0382142624917511,980.789948760123,425.382255835224,0,0,0,0,1,1,113.863713580551,38.5755545344707
15.798740034551,2,9,41,187.512972307009,1.95351578923159,1,0.0382142624917511,980.789948760123,425.382255835224,0,0,0,0,1,1,113.863713580551,38.5755545344707
13.322063917908,2,9,41,187.512972307009,1.98551847148769,8,0.0382142624917511,980.789948760123,425.382255835224,0,0,0,0,1,1,113.863713580551,38.5755545344707
258.476916425468,3,9,41,187.512972307009,2.0939877946698,2,0.0382142624917511,980.789948760123,425.382255835224,0,0,0,0,1,1,113.863713580551,38.5755545344707
259.283221507142,3,9,41,187.512972307009,2.02928132787356,8,0.0382142624917511,980.789948760123,425.382255835224,0,0,0,0,1,1,113.863713580551,38.5755545344707
260.577779471637,3,9,41,187.512972307009,2.05188993219683,8,0.0382142624917511,980.789948760123,425.382255835224,0,0,0,0,1,1,113.863713580551,38.5755545344707
41.9013412985244,2,9,41,187.512972307009,2.01287592143543,2,0.0382142624917511,980.789948760123,425.382255835224,0,0,0,0,1,1,113.863713580551,38.5755545344707
248.287524749874,3,9,41,187.512972307009,2.1265485063156,8,0.0382142624917511,980.789948760123,425.382255835224,0,0,0,0,1,1,113.863713580551,38.5755545344707
255.248294700624,3,9,41,187.512972307009,2.13223429091561,8,0.0382142624917511,980.789948760123,425.382255835224,0,1.40904857526717,0,218.563664361149,1,1,113.863713580551,38.5755545344707
23.3856549349265,1,12,41,245.247774594051,1.95547879708957,2,0.0257031597536493,1000.03313301984,307.451248406959,-1.40904857526717,0,8937.41456068664,0,23898136039.0294,3,113.924339192925,37.5149755045907
235.280895242958,3,9,41,187.512972307009,1.75368589277842,1,0.0382142624917511,980.789948760123,425.382255835224,-1.40904857526717,0,4238.10679406751,0,23898136039.0294,1,113.863713580551,38.5755545344707
6.97442382628279,2,12,41,245.247774594051,2.18463228221277,8,0.0257031597536493,1000.03313301984,307.451248406959,-1.40904857526717,0,3550.77042657357,0,23898136039.0294,3,113.924339192925,37.5149755045907
255.071523311861,3,9,41,187.512972307009,2.19138307058835,8,0.0382142624917511,980.789948760123,425.382255835224,-1.40904857526717,0,2731.10524773332,0,23898136039.0294,1,113.863713580551,38.5755545344707
0,3,12,41,245.247774594051,2.24388137841533,8,0.0257031597536493,1000.03313301984,307.451248406959,-1.40904857526717,0,1546.53125315568,4.40584266740377,23898136039.0294,3,113.924339192925,37.5149755045907
12.0769592455293,2,9,41,187.512972307009,1.85678709745165,2,0.0382142624917511,980.789948760123,425.382255835224,-1.40904857526717,0,2772.01291730695,0,1,1,113.863713580551,38.5755545344707
254.361677637405,3,9,41,187.512972307009,2.30168849749217,8,0.0382142624917511,980.789948760123,425.382255835224,0,0,0,0,1,1,113.863713580551,38.5755545344707
107.483991045212,2,9,41,187.512972307009,1.58866853576064,1,0.0382142624917511,980.789948760123,425.382255835224,0,0,0,0,1,1,113.863713580551,38.5755545344707
254.89475604674,3,9,41,187.512972307009,1.57320277244016,1,0.0382142624917511,980.789948760123,425.382255835224,0,0,0,0,1,1,113.863713580551,38.5755545344707
249.214549137915,3,9,41,187.512972307009,2.53963971625846,7,0.0382142624917511,980.789948760123,425.382255835224,0,0,0,0,1,1,113.863713580551,38.5755545344707
216.310885690697,2,9,41,187.512972307009,2.54923250240016,7,0.0382142624917511,980.789948760123,425.382255835224,0,0,0,0,1,1,113.863713580551,38.5755545344707
255.57386271096,3,9,41,187.512972307009,2.20706154481894,8,0.0382142624917511,980.789948760123,425.382255835224,0,0,0,0,1,1,113.863713580551,38.5755545344707
8.35527389792775,2,9,41,187.512972307009,1.92524388888917,6,0.0382142624917511,980.789948760123,425.382255835224,0,0,0,0,1,1,113.863713580551,38.5755545344707
12.7395985440766,2,9,41,187.512972307009,2.57083145419477,7,0.0382142624917511,980.789948760123,425.382255835224,0,0,0,0,1,1,113.863713580551,38.5755545344707
262.788991108542,3,9,41,187.512972307009,2.5785260508757,7,0.0382142624917511,980.789948760123,425.382255835224,0,0,0,0,1,1,113.863713580551,38.5755545344707
5.3767729230566,2,9,41,187.512972307009,2.08505860318823,8,0.0382142624917511,980.789948760123,425.382255835224,0,1.40904857526717,0,12.4165454769219,1,1,113.863713580551,38.5755545344707
103.479899584811,2,12,41,245.247774594051,2.58868034506232,7,0.0257031597536493,1000.03313301984,307.451248406959,-1.40904857526717,0,4574.19653505836,0,23898136039.0294,3,113.924339192925,37.5149755045907
263.965736849737,3,9,41,187.512972307009,2.58811129645513,7,0.0382142624917511,980.789948760123,425.382255835224,-1.40904857526717,0,1666.49770951427,0,1,1,113.863713580551,38.5755545344707
264.862383755069,3,9,41,187.512972307009,2.54997467128041,7,0.0382142624917511,980.789948760123,425.382255835224,0,0,0,0,1,1,113.863713580551,38.5755545344707
24.2709905149884,1,9,41,187.512972307009,2.52657294059811,7,0.0382142624917511,980.789948760123,425.382255835224,0,0,0,0,1,1,113.863713580551,38.5755545344707
14.1746134008389,2,9,41,187.512972307009,2.51553403056274,7,0.0382142624917511,980.789948760123,425.382255835224,0,0,0,0,1,1,113.863713580551,38.5755545344707
6.1329892927435,2,9,41,187.512972307009,2.4857264561084,7,0.0382142624917511,980.789948760123,425.382255835224,0,0,0,0,1,1,113.863713580551,38.5755545344707
193.644680809258,3,9,41,187.512972307009,2.4730373417311,7,0.0382142624917511,980.789948760123,425.382255835224,0,0,0,0,1,1,113.863713580551,38.5755545344707
0.768288489417287,2,9,41,187.512972307009,2.33786168911435,6,0.0382142624917511,980.789948760123,425.382255835224,0,0,0,0,1,1,113.863713580551,38.5755545344707
253.929851836598,3,9,41,187.512972307009,2.46788759198604,7,0.0382142624917511,980.789948760123,425.382255835224,0,1.39255069566359,0,50.1920703980533,1,1,113.863713580551,38.5755545344707
0,3,12,41,199.154228251666,2.43066767815895,7,0.0257031597536493,1001.59076415743,309.923289567838,-1.39255069566359,0,1766.53670693482,0,23463543477.2552,3,113.945541562075,37.5372071048576
40.2499139661634,2,9,41,187.512972307009,1.69543882940076,5,0.0382142624917511,980.789948760123,425.382255835224,-1.39255069566359,0,1095.47669528734,0,1,1,113.863713580551,38.5755545344707
264.890498431002,3,9,41,187.512972307009,2.3866381076835,7,0.0382142624917511,980.789948760123,425.382255835224,0,0,0,0,1,1,113.863713580551,38.5755545344707
293.665114883116,3,9,41,187.512972307009,1.61521983046665,8,0.0382142624917511,980.789948760123,425.382255835224,0,0,0,0,1,1,113.863713580551,38.5755545344707
251.215208811977,3,9,41,187.512972307009,2.29765349308289,7,0.0382142624917511,980.789948760123,425.382255835224,0,0,0,0,1,1,113.863713580551,38.5755545344707
251.692678398367,3,9,41,187.512972307009,2.45784631466698,8,0.0382142624917511,980.789948760123,425.382255835224,0,0,0,0,1,1,113.863713580551,38.5755545344707
274.744334960881,3,9,41,187.512972307009,2.26127133048754,7,0.0382142624917511,980.789948760123,425.382255835224,0,0,0,0,1,1,113.863713580551,38.5755545344707
294.383751410045,3,9,41,187.512972307009,2.53463193725149,6,0.0382142624917511,980.789948760123,425.382255835224,0,0,0,0,1,1,113.863713580551,38.5755545344707
98.8585190107634,2,9,41,187.512972307009,2.53673075997162,6,0.0382142624917511,980.789948760123,425.382255835224,0,0,0,0,1,1,113.863713580551,38.5755545344707
281.6983397591,3,9,41,187.512972307009,2.21943666840532,7,0.0382142624917511,980.789948760123,425.382255835224,0,1.02735397764872,0,48.384737381645,1,1,113.863713580551,38.5755545344707
222.383258226031,2,11,42,394.098620331331,2.54258945325326,6,0.0257031597536493,1026.58101514909,349.584110144377,-1.02735397764872,0,7695.02189163354,0,17711217520.2155,3,114.287156438003,37.8938854333871
254.28353003043,3,9,41,187.512972307009,2.35595269419789,8,0.0382142624917511,980.789948760123,425.382255835224,-1.02735397764872,0,858.606876207192,0,1,1,113.863713580551,38.5755545344707
255.817495021652,3,9,41,187.512972307009,1.98407095057164,5,0.0382142624917511,980.789948760123,425.382255835224,0,0,0,0,1,1,113.863713580551,38.5755545344707
254.628125401303,3,9,41,187.512972307009,2.5831763266654,6,0.0382142624917511,980.789948760123,425.382255835224,0,0,0,0,1,1,113.863713580551,38.5755545344707
12.9597822892048,2,9,41,187.512972307009,2.02384225780562,5,0.0382142624917511,980.789948760123,425.382255835224,0,0,0,0,1,1,113.863713580551,38.5755545344707
5.8678842536572,2,9,41,187.512972307009,2.5871295970539,6,0.0382142624917511,980.789948760123,425.382255835224,0,0,0,0,1,1,113.863713580551,38.5755545344707
217.463472246108,2,9,41,187.512972307009,2.20092776377165,8,0.0382142624917511,980.789948760123,425.382255835224,0,0,0,0,1,1,113.863713580551,38.5755545344707
262.585590848832,3,9,41,187.512972307009,2.55743740937288,6,0.0382142624917511,980.789948760123,425.382255835224,0,0,0,0,1,1,113.863713580551,38.5755545344707
459.878988625404,2,9,41,187.512972307009,2.26577895006268,5,0.0382142624917511,980.789948760123,425.382255835224,0,0,0,0,1,1,113.863713580551,38.5755545344707
98.1136644508732,2,9,41,187.512972307009,2.0284218663435,8,0.0382142624917511,980.789948760123,425.382255835224,0,0.417320275865508,0,8.89312315499687,1,1,113.863713580551,38.5755545344707
19.3676641584839,1,10,42,102.290130306733,2.4775911334503,6,0.0810927336042726,1040.69477525485,398.822717369154,-0.417320275865508,0,1018.9437744524,0,13105719851.8715,3,114.519742503915,38.336698866613
9.20112054111765,2,9,41,187.512972307009,2.46754973395565,6,0.0382142624917511,980.789948760123,425.382255835224,-0.417320275865508,0,955.586753365806,0,1,1,113.863713580551,38.5755545344707
3.1653908541476,2,9,41,187.512972307009,2.44809459672468,6,0.0382142624917511,980.789948760123,425.382255835224,0,0,0,0,1,1,113.863713580551,38.5755545344707
213.30111204531,2,9,41,187.512972307009,1.92084502424196,8,0.0382142624917511,980.789948760123,425.382255835224,0,0,0,0,1,1,113.863713580551,38.5755545344707
11.0753994218289,2,9,41,187.512972307009,1.91571029591011,8,0.0382142624917511,980.789948760123,425.382255835224,0,0,0,0,1,1,113.863713580551,38.5755545344707
97.743241428069,2,9,41,187.512972307009,1.64674932730386,7,0.0382142624917511,980.789948760123,425.382255835224,0,0,0,0,1,1,113.863713580551,38.5755545344707
259.546407689483,3,9,41,187.512972307009,2.46664316217134,5,0.0382142624917511,980.789948760123,425.382255835224,0,0,0,0,1,1,113.863713580551,38.5755545344707
107.137270548413,2,9,41,187.512972307009,1.81025412110329,4,0.0382142624917511,980.789948760123,425.382255835224,0,0,0,0,1,1,113.863713580551,38.5755545344707
264.334738730407,3,9,41,187.512972307009,1.75551183416731,8,0.0382142624917511,980.789948760123,425.382255835224,0,0.417320275865512,0,1.21020284271283,1,1,113.863713580551,38.5755545344707
266.041123148957,3,9,41,116.580410947641,1.87311997648827,4,0.0382142624917511,983.596525974245,424.137925455884,-0.417320275865512,0,25.6734201034461,0.259930471384952,1,1,113.89454672634,38.5643640025203
7.68072383509121,2,9,41,19.3306974925971,1.91622408610007,4,0.0382142624917511,994.362831737844,419.364551943301,-0.417320275865509,0,137.571344970303,0,1,1,114.012736523,38.5214360231904
267.799899406329,3,9,41,89.1942185075531,2.16808720343848,6,0.0382142624917511,1000.5627387981,416.615747219405,-0.417320275865503,0,137.571344970306,0,1,1,114.080733350064,38.4967154284039
15.5850913810602,2,9,41,185.982710670974,2.34599936457637,7,0.0382142624917511,1004.66473977737,414.797074849052,-0.417320275865517,0,137.571344970303,0,1,1,114.125695824481,38.4803597148364
258.718535811551,3,9,41,508.218761376219,2.31552019722619,7,0.0382142624917511,1013.03126862172,411.087671823093,-0.417320275865504,0,137.571344970304,0,1,1,114.217338586123,38.4470002519734
6.34922169200228,2,9,42,826.529942594821,2.275122828004,7,0.0382142624917511,1021.918329785,407.147484418707,-0.417320275865514,0,137.571344970304,0,1,1,114.31458942347,38.411565295332
269.985334419761,3,10,42,507.974337824066,2.57526799590335,5,0.0382142624917511,1028.14795862019,404.385502181898,-0.417320275865502,0,137.571344970306,0,1,1,114.382702590918,38.3867261923248
10.7266588995471,2,10,42,102.290130306733,2.17034776220789,7,0.0713534061003661,1040.69477525485,398.822717369154,-0.417320275865509,0,86.5106039282605,0,1,1,114.519742503915,38.336698866613
20.207888403504,1,10,42,102.290130306733,1.94679662953143,6,0.0713534061003661,1040.69477525485,398.822717369154,0,0,0,0,1,1,114.519742503915,38.336698866613
211.555636788529,2,10,42,102.290130306733,2.55060296383518,5,0.0713534061003661,1040.69477525485,398.822717369154,0,0,0,0,1,1,114.519742503915,38.336698866613
0,3,10,42,102.290130306733,2.11440224201163,7,0.0810927336042726,1040.69477525485,398.822717369154,0,0,0,0,1,3,114.519742503915,38.336698866613
256.475641073801,3,10,42,102.290130306733,2.32160394025401,4,0.0713534061003661,1040.69477525485,398.822717369154,0,0,0,0,1,1,114.519742503915,38.336698866613
257.058539388248,3,10,42,102.290130306733,1.76590844998081,6,0.0713534061003661,1040.69477525485,398.822717369154,0,0,0,0,1,1,114.519742503915,38.336698866613
98.8896270132978,2,10,42,102.290130306733,1.61527082191974,3,0.0713534061003661,1040.69477525485,398.822717369154,0,0,0,0,1,1,114.519742503915,38.336698866613
208.420399681964,3,10,42,102.290130306733,1.7028227155878,6,0.0713534061003661,1040.69477525485,398.822717369154,0,0,0,0,1,1,114.519742503915,38.336698866613
97.5966895542634,2,10,42,102.290130306733,2.38610144574225,4,0.0713534061003661,1040.69477525485,398.822717369154,0,0,0,0,1,1,114.519742503915,38.336698866613
220.597467654836,3,10,42,102.290130306733,2.41726939662814,4,0.0713534061003661,1040.69477525485,398.822717369154,0,0,0,4.81829096606833,1,1,114.519742503915,38.336698866613
20.6934466573273,1,12,41,245.247774594051,2.46406443422738,4,0.0678793923850381,1000.03313301984,307.451248406959,1.1520959473766,0,1323.1424266818,0,20002114377.7917,3,113.924339192925,37.5149755045907
215.420402390099,2,10,42,102.290130306733,2.28139962811928,5,0.0713534061003661,1040.69477525485,398.822717369154,1.1520959473766,1.1520959473766,685.124054459894,0,1,1,114.519742503915,38.336698866613
91.2681251101895,2,10,42,102.290130306733,1.84162994976496,3,0.0713534061003661,1040.69477525485,398.822717369154,0,0,0,0,1,1,114.519742503915,38.336698866613
217.604460882799,2,10,42,102.290130306733,2.42854986259744,6,0.0713534061003661,1040.69477525485,398.822717369154,0,0,0,0,1,1,114.519742503915,38.336698866613
253.233001531806,3,10,42,102.290130306733,2.41832053891022,6,0.0713534061003661,1040.69477525485,398.822717369154,0,0,0,0,1,1,114.519742503915,38.336698866613
259.881560409404,3,10,42,102.290130306733,1.87016822431193,3,0.0713534061003661,1040.69477525485,398.822717369154,0,0,0,37.4273888334026,1,1,114.519742503915,38.336698866613
0,3,12,41,245.247774594051,2.20892668407866,5,0.0678793923850381,1000.03313301984,307.451248406959,1.1520959473766,1.1520959473766,3144.36182960508,0,1,3,113.924339192925,37.5149755045907
38.7817568595002,2,12,41,245.247774594051,2.56742309044451,4,0.0678793923850381,1000.03313301984,307.451248406959,0,0,0,7.50215917335366,1,3,113.924339192925,37.5149755045907
10.7390182047779,2,10,42,102.290130306733,2.55961468372845,4,0.0713534061003661,1040.69477525485,398.822717369154,1.1520959473766,1.1520959473766,1961.47530237135,0,1,1,114.519742503915,38.336698866613
249.629450283433,3,10,42,102.290130306733,2.56736684624563,4,0.0713534061003661,1040.69477525485,398.822717369154,0,0,0,0,1,1,114.519742503915,38.336698866613
5.47149240156881,2,10,42,102.290130306733,2.57363572759924,4,0.0713534061003661,1040.69477525485,398.822717369154,0,0,0,0,1,1,114.519742503915,38.336698866613
262.779332152706,3,10,42,102.290130306733,1.98579940021743,5,0.0713534061003661,1040.69477525485,398.822717369154,0,0,0,0,1,1,114.519742503915,38.336698866613
265.253084755933,3,10,42,102.290130306733,1.94942827525215,5,0.0713534061003661,1040.69477525485,398.822717369154,0,0,0,0,1,1,114.519742503915,38.336698866613
220.132076163388,2,10,42,102.290130306733,2.52399903780367,4,0.0713534061003661,1040.69477525485,398.822717369154,0,0,0,0,1,1,114.519742503915,38.336698866613
255.935540566727,3,10,42,102.290130306733,2.0558710317465,6,0.0713534061003661,1040.69477525485,398.822717369154,0,0,0,0,1,1,114.519742503915,38.336698866613
256.886851777939,3,10,42,102.290130306733,2.01300081453865,6,0.0713534061003661,1040.69477525485,398.822717369154,0,0,0,0,1,1,114.519742503915,38.336698866613
280.774017932352,3,10,42,102.290130306733,2.46831381973017,4,0.0713534061003661,1040.69477525485,398.822717369154,0,0,0,0,1,1,114.519742503915,38.336698866613
248.738559091701,3,10,42,102.290130306733,1.60725085436516,2,0.0713534061003661,1040.69477525485,398.822717369154,0,0,0,0,1,1,114.519742503915,38.336698866613
274.411364311597,3,10,42,102.290130306733,1.94939580524027,6,0.0713534061003661,1040.69477525485,398.822717369154,0,0,0,0,1,1,114.519742503915,38.336698866613
7.36409533489212,2,10,42,102.290130306733,2.35950865951116,3,0.0713534061003661,1040.69477525485,398.822717369154,0,0,0,0,1,1,114.519742503915,38.336698866613
233.691878869954,3,10,42,102.290130306733,2.39863709208971,4,0.0713534061003661,1040.69477525485,398.822717369154,0,0,0,0,1,1,114.519742503915,38.336698866613
6.60207168073396,2,10,42,102.290130306733,1.69662762980471,2,0.0713534061003661,1040.69477525485,398.822717369154,0,0,0,37.7390127301639,1,1,114.519742503915,38.336698866613
17.2899407259752,1,12,41,245.247774594051,2.43899768587083,3,0.0678793923850381,1000.03313301984,307.451248406959,1.1520959473766,0,3782.91895057217,0,20002114377.7917,3,113.924339192925,37.5149755045907
259.521730039166,3,10,42,102.290130306733,2.45373752780375,3,0.0713534061003661,1040.69477525485,398.822717369154,1.1520959473766,1.1520959473766,1172.43950609326,0,1,1,114.519742503915,38.336698866613
255.98388916601,3,10,42,102.290130306733,1.7991204734211,2,0.0713534061003661,1040.69477525485,398.822717369154,0,0,0,0,1,1,114.519742503915,38.336698866613
251.831282965478,3,10,42,102.290130306733,2.2589958118157,4,0.0713534061003661,1040.69477525485,398.822717369154,0,1.22269265142748,0,0.412584373903503,1,1,114.519742503915,38.336698866613
276.595494234132,3,10,42,67.3322462728469,2.54876826721821,3,0.0581122966311033,1046.87500163216,381.79171610065,-1.22269265142748,0,114.52535810544,0,1,1,114.566581273817,38.183535392501
272.337975579826,3,10,42,67.3322462728469,1.63919085348029,6,0.0581122966311033,1046.87500163216,381.79171610065,0,0,0,0,1,1,114.566581273817,38.183535392501
265.518657210662,3,10,42,67.3322462728469,2.06900852265455,4,0.0581122966311033,1046.87500163216,381.79171610065,0,0,0,0,1,1,114.566581273817,38.183535392501
271.095187424033,3,10,42,67.3322462728469,2.04515371703445,4,0.0581122966311033,1046.87500163216,381.79171610065,0,0,0,0,1,1,114.566581273817,38.183535392501
264.781978963533,3,10,42,67.3322462728469,2.0339873862571,4,0.0581122966311033,1046.87500163216,381.79171610065,0,0,0,0,1,1,114.566581273817,38.183535392501
13.4424330099867,2,10,42,67.3322462728469,2.07349279606212,2,0.0581122966311033,1046.87500163216,381.79171610065,0,0,0,0,1,1,114.566581273817,38.183535392501
270.670675973139,3,10,42,67.3322462728469,1.99605102922018,4,0.0581122966311033,1046.87500163216,381.79171610065,0,0,0,4.35416640854119,1,1,114.566581273817,38.183535392501
0,3,12,41,245.247774594051,2.14840576223464,5,0.0678793923850381,1000.03313301984,307.451248406959,1.00853857754784,0,976.49155430226,0,3.44870787775053,3,113.924339192925,37.5149755045907
219.437677832477,2,11,41,520.422892070171,2.24569879989977,2,0.0581122966311033,1017.17334795303,354.857575882897,1.22386072746978,0.487288821596836,287.981805732987,0,2.71737817022438,1,114.186521345955,37.9413108501543
7.90300636977708,2,12,41,200.638105336883,1.78956676765321,4,0.0581122966311033,996.456617624706,336.07117006374,0.736571905872939,0,209.204267871972,0,1,1,113.922735507023,37.7723606436471
20.9550573489108,2,12,41,139.304164634162,1.98497617359999,5,0.0581122966311033,994.01302325999,333.855262694892,0.736571905872933,0,209.204267871969,0,1,1,113.89169189493,37.7524325099119
219.401421042956,2,12,41,182.232690756497,1.73971340020706,4,0.0581122966311033,980.888241074325,321.953409433285,0.736571905872941,0,209.204267871971,0,1,1,113.72520869117,37.6453965720255
10.656757025275,2,12,40,650.581527358627,1.68456886947172,4,0.0581122966311033,962.957001040045,305.692950046786,0.736571905872938,0,209.204267871972,0,1,1,113.498452362055,37.4991627475411
226.580796578282,2,13,40,451.044299384869,2.43319323829921,2,0.0581122966311033,959.227400721518,302.310863008112,0.736571905872941,0,209.204267871972,0,1,1,113.45138911704,37.4687469080713
216.577261393971,2,13,40,207.897676279088,2.38695459005436,3,0.0581122966311033,954.175750982891,297.729911258388,0.73657190587295,0,209.20426787197,0,1,1,113.387698506202,37.4275494192293
6.9610285469044,2,13,40,48.1139609860843,1.83518613970065,5,0.0581122966311033,948.632449472744,292.703118415253,0.73657190587293,0,209.204267871972,0,1,1,113.31788251496,37.3823423851063
274.788822918114,3,13,40,561.338093038733,2.51412617006603,2,0.0581122966311033,925.944834920434,272.129469615777,0.736571905872939,0,209.204267871972,0,1,1,113.032939209914,37.1973191163267
244.667603505204,3,14,39,176.11956031139,2.43136632792641,4,0.0581122966311033,905.659477937625,253.734243031948,0.73657190587294,0,209.204267871971,0,1,1,112.779254949133,37.0318868692006
263.529177231974,3,14,39,132.549967926801,1.92572999503208,1,0.0581122966311033,893.610061192306,242.807555795388,0.73657190587294,0,209.204267871971,0,1,1,112.629053881024,36.9336208100711
462.905891788077,2,15,39,255.268685699289,1.97556971927236,1,0.0581122966311033,880.106821863563,230.562508923479,0.736571905872937,0,209.204267871973,0,1,1,112.461160982494,36.8234984578971
22.0426779265155,1,15,39,579.612225855691,2.6117620881705,2,0.0581122966311033,868.328297184048,219.881472820121,0.736571905872941,0,209.204267871971,0,1,1,112.315084061213,36.7274415924837
259.372822380544,3,15,38,435.647305003229,2.30012453717044,4,0.0581122966311033,861.036971114837,213.269531248012,0.736571905872942,0.141048483978636,209.204267871971,8.18990114865018,1.12381027083199,1,112.224830801649,36.667978973355
19.028064099539,1,12,41,245.247774594051,2.04185489781445,3,0.0678793923850381,1000.03313301984,307.451248406959,0.595523421894306,0,1596.37651516377,9.81884242686246,12.2693405384109,3,113.924339192925,37.5149755045907
6.27727194365683,2,16,38,52.2950648706721,2.1219622755414,1,0.0581122966311033,838.980215933226,193.26796018305,0.616727381873195,0,5314.09064285495,0,39484612401.1537,1,111.952616565275,36.4881005232446
15.2114698626057,1,12,41,245.247774594051,2.11175654850709,1,0.0678793923850381,1000.03313301984,307.451248406959,0.616727381873195,0,3996.29160279725,0,13.218779887572,3,113.924339192925,37.5149755045907
260.035387257976,3,16,37,828.845376887183,2.20701328889278,1,0.0581122966311033,815.054350869857,171.571437443629,0.633552365353504,0,2186.23239503249,0,1.00022649643496,1,111.658707874708,36.2929790065159
8.94704343125685,2,17,37,417.764463573091,1.90627039742748,3,0.0581122966311033,807.097799927062,164.356254711448,0.736571905872939,0,209.204267871972,0,1,1,111.561285119096,36.2280913092989
98.7102349595202,2,17,37,169.779144251262,2.55084955103369,2,0.0581122966311033,782.589896383258,142.131926139614,0.736571905872941,0,209.204267871971,0,1,1,111.26219499942,36.028223120682
267.509207423607,3,18,37,519.650293975299,2.35347739467608,1,0.0581122966311033,773.264406266227,133.675357992777,0.736571905872934,0,209.204267871973,0,1,1,111.148782189588,35.9521713762183
224.925152511553,2,18,36,484.467836303844,2.50322876615313,2,0.0581122966311033,761.067293221857,122.614736367538,0.73657190587294,0,209.204267871971,0,1,1,111.000773540566,35.8527008161936
221.608560617947,2,18,36,272.861524788651,2.4889903176422,2,0.0581122966311033,755.919521465036,117.946618968923,0.736571905872945,0,209.204267871971,0,1,1,110.938418178852,35.8107194278382
254.282409727757,3,19,36,184.012735858179,1.84838907331626,4,0.0581122966311033,729.38758358331,93.8868496754362,0.736571905872939,0,209.204267871972,0,1,1,110.618083879832,35.5943447242476
9.16890273503659,2,19,36,266.47518060124,1.82892999149173,4,0.0581122966311033,723.550463493186,88.5936154106485,0.736571905872937,0,209.204267871971,0,1,1,110.547845038793,35.5467415248525
49.6547302409947,2,19,36,532.514058162854,2.53186501406587,1,0.0581122966311033,716.483120761934,82.1847870623414,0.736571905872936,0,209.204267871972,0,1,1,110.462916601162,35.4891055468299
261.251006946737,3,19,35,565.622958627514,2.55615873442392,1,0.0581122966311033,710.968365444968,77.1838805613653,0.736571905872949,0,209.204267871968,0,1,1,110.396732254842,35.4441313141749
30.2382063179882,2,20,35,326.556809759473,2.58942365870989,1,0.0581122966311033,698.48332097368,65.8621561197816,0.73657190587294,0,209.204267871972,0,1,1,110.247175738974,35.3423126001091
96.5313151804047,2,20,35,68.571768182038,2.60592724907078,1,0.0581122966311033,690.707172141815,58.8105661559985,0.736571905872937,0,209.204267871972,0,1,1,110.154223051377,35.278896128004
260.398514240722,3,20,35,99.1159445803583,2.24194000143096,2,0.0581122966311033,678.862689617891,48.0697179677985,0.73657190587294,0,209.204267871972,0,1,1,110.012929355304,35.1823013595886
225.066690113852,2,20,35,304.576008336217,2.63745395205172,1,0.0581122966311033,672.974489879192,42.7301635071105,0.736571905872937,0,209.204267871971,0,1,1,109.94281891967,35.1342815926638
105.017953949249,2,20,35,524.955545721308,2.20779873181366,2,0.0581122966311033,668.830155128192,38.971985780759,0.73657190587294,0,209.204267871972,0,1,1,109.893524475937,35.1004834883819
256.509725877569,3,21,35,927.49408491544,2.39174470369991,3,0.0581122966311033,662.943027711279,33.6334037260406,0.736571905872936,0,209.204267871971,0,1,1,109.823574244397,35.0524724665142
270.621785178391,3,21,34,486.194660283871,2.1652736492072,2,0.0581122966311033,656.585058866738,27.8678518746548,0.736571905872936,0,209.204267871974,0,1,1,109.748126701278,35.0006216130142
250.582900369951,3,21,34,37.3177136386943,2.11982872125508,2,0.0581122966311033,643.456035410719,15.9621525318959,0.736571905872941,0,209.20426787197,0,1,1,109.592649031812,34.893551086489
253.703086755827,3,21,34,142.990855249633,2.0819731363888,2,0.0581122966311033,632.520709560572,6.0457484502748,0.736571905872942,0,209.204267871972,0,1,1,109.463478224539,34.8043707220528
215.461175723071,2,22,34,418.341745153514,2.05205548171536,2,0.0581122966311033,625.423217705561,-0.390419814372081,0.73657190587294,0,209.204267871971,0,1,1,109.379800627263,34.7464888702556
460,2,22,33,415.741351963848,2.20944821890606,3,0.0581122966311033,606.820866390868,-17.259458289552,0.736571905872941,0,209.204267871972,0,1,1,109.161080440442,34.5947819625375
219.025526204963,2,22,33,262.711430485332,2.67447312572358,1,0.0581122966311033,601.932767199165,-21.6920986553002,0.736571905872939,0,209.204267871971,0,1,1,109.103751137459,34.5549182700157
6.66337314724348,2,23,33,145.542159747261,1.87837347301634,2,0.0581122966311033,575.575380313731,-45.5935811052313,0.736571905872937,0,209.204267871972,0,1,1,108.795650619514,34.3399670742086
250.440108120422,3,23,32,610.944936222298,2.59157353122579,1,0.0581122966311033,557.513179109438,-61.9727990818848,0.736571905872941,0,209.204267871971,38.9772324782807,1.07579239063911,1,108.585516813502,34.192665228064
18.5278768281084,1,10,42,102.290130306733,2.04285319642182,3,0.0261694872424433,1040.69477525485,398.822717369154,0.76168796504111,0.00054396352103403,16563.313206923,40.8221122258311,91.3352498397515,3,114.519742503915,38.336698866613
79.4558516539075,2,24,32,288.842675943785,2.55693515284109,1,0.0581122966311033,546.562865319771,-71.9027945705355,0.761144001520076,0.024572095647136,22487.3713376457,0,1.00001008885937,1,108.45851852708,34.1033626331678
239.291920134197,3,24,32,61.9605880316922,2.50255065377647,1,0.0581122966311033,528.434137279399,-88.3423406067158,0.73657190587294,0,209.204267871972,0,1,1,108.248925262165,33.9555182437495
200.02079773085,3,24,32,286.826060976213,1.90538414296432,3,0.0581122966311033,521.610865148857,-94.5298401410258,0.736571905872936,0,209.204267871972,0,1,1,108.170251274031,33.8998727235713
252.762235308495,3,25,31,683.351631857896,1.85506892007533,3,0.0581122966311033,507.849448053148,-107.009008528581,0.736571905872941,0,209.204267871971,177.06914781806,1.05187467321576,1,108.011932368067,33.7876448660231
0,3,10,42,102.290130306733,1.89604602289206,3,0.0261694872424433,1040.69477525485,398.822717369154,0.759396324786311,0.000813385197492411,56813.7443972278,0,55.1174261857918,3,114.519742503915,38.336698866613
217.535138214438,2,25,31,54.3282046677013,1.6165017434122,8,0.0581122966311033,487.735840873111,-125.248488455331,0.758582939588819,0.0220110337158819,6519.57564718149,0,1.00000781683284,1,107.781384832906,33.6236132822346
257.09348550215,3,26,31,355.199833984708,1.71565659949926,3,0.0581122966311033,468.244568229441,-142.923621162699,0.736571905872937,0,209.204267871972,13.0991310086595,1.06906588421322,1,107.558934206501,33.4646569949224
0,3,10,42,102.290130306733,2.24515939979858,1,0.0261694872424433,1040.69477525485,398.822717369154,0.757848176704308,0.000943661863647804,6140.20384762912,25.0927216199634,44.0898180290358,3,114.519742503915,38.336698866613
10.8494599403237,2,26,30,282.518977597649,2.42650231517277,2,0.0581122966311033,441.145675178272,-167.497518396534,0.75690451484066,0.0203326089677194,17735.4273878643,0,1.00000893807098,1,107.251234983573,33.2436586276823
12.892435939559,2,27,30,506.881698641521,2.31966477085958,2,0.0581122966311033,412.161962740266,-193.780613044042,0.736571905872941,0,209.204267871972,0,1,1,106.924163162139,33.0072890788132
257.668961093076,3,28,29,322.724030625155,1.94767971911736,8,0.0581122966311033,395.943098370333,-208.488250936248,0.736571905872941,0,209.204267871972,0,1,1,106.742053618334,32.8750201135283
222.247283471278,2,28,29,51.0321545817016,1.9696734833972,1,0.0581122966311033,377.348773687122,-225.350010678057,0.736571905872939,0,209.204267871971,0,1,1,106.534079792341,32.7233786650321
58.9790842621649,2,29,29,624.221141763911,1.91659418376307,1,0.0581122966311033,363.811726372694,-237.62571540615,0.736571905872937,0,209.204267871972,83.2423117552558,1.04012283739168,1,106.383213528721,32.6129806001335
0,3,10,42,102.290130306733,1.95814512946757,1,0.0261694872424433,1040.69477525485,398.822717369154,0.754620063522025,0.00032205525762774,26385.8075226747,0,111.07520128748,3,114.519742503915,38.336698866613
24.8306786463167,1,29,28,421.782356837177,1.87502497388885,1,0.0581122966311033,351.306495418959,-248.965745412622,0.754298008264397,0.0177261023914616,20799.8174212919,0,1.00000068778391,1,106.244253037069,32.5109972601677
259.155411478632,3,29,28,286.703049165102,2.08678134946891,2,0.0581122966311033,348.211465379923,-251.772389579647,0.736571905872935,0,209.204267871972,0,1,1,106.209920744851,32.4857565027724
265.55872931738,3,29,28,94.6895504939881,1.83436440165054,1,0.0581122966311033,339.617410552655,-259.565675443703,0.736571905872936,0,209.204267871972,0,1,1,106.114714716636,32.4156697991859
255.455039622843,3,30,28,246.596242393136,1.76414616809451,1,0.0581122966311033,320.762501750991,-276.663738835832,0.736571905872939,0,209.204267871971,0,1,1,105.90648364896,32.2619032209068
95.3473565740411,2,30,28,493.536405711248,2.27395241681392,8,0.0581122966311033,309.272725408945,-287.082931329637,0.73657190587294,0,209.204267871971,0,1,1,105.78002729801,32.1682011716477
256.71250561758,3,30,27,597.288435351109,2.29519836740482,8,0.0581122966311033,304.715616228858,-291.21542236768,0.73657190587294,0,209.204267871976,0,1,1,105.729963082259,32.13103678688
256.911552356936,3,30,27,360.911958624233,1.68132965602332,1,0.0581122966311033,295.957066645728,-299.157875846015,0.736571905872942,0,209.20426787197,0,1,1,105.633887585356,32.0596085867093
317.7269405106,3,31,27,311.444152569955,1.65007237210435,1,0.0581122966311033,288.198263771178,-306.193736098193,0.736571905872938,0,209.204267871973,0,1,1,105.548938611103,31.9963335752992
265.16141376603,3,31,27,179.840127766146,1.63847532213733,1,0.0581122966311033,284.726448107996,-309.342058103847,0.736571905872927,0,209.204267871975,0,1,1,105.510975335182,31.9680200352784
245.508971908911,3,31,27,358.9239492839,1.63636191982884,7,0.0581122966311033,262.895647270073,-329.138728591843,0.73657190587294,0,209.204267871971,0,1,1,105.272951468218,31.7899843003274
224.203977248203,2,31,27,674.765135287879,1.65458095047488,7,0.0581122966311033,257.44286137894,-334.083439797344,0.736571905872944,0,209.204267871972,0,1,1,105.213684778922,31.745515444106
265.78210725088,3,32,26,758.723498738221,2.50503264517029,8,0.0581122966311033,251.523819979295,-339.450962182965,0.736571905872947,0,209.20426787197,0,1,1,105.149434344224,31.6972441555896
226.515305688373,2,32,26,252.043153887839,2.53561883091639,8,0.0581122966311033,242.812868103468,-347.350252969538,0.736571905872939,0,209.204267871971,0,1,1,105.055037151176,31.6262041268316
13.5998692290853,2,32,26,8.99204591868587,2.26297519300478,8,0.0581122966311033,232.337449183568,-356.849602907299,0.736571905872938,0,209.204267871975,0,1,1,104.941769984909,31.5407744204195
256.311626343381,3,32,26,47.7403605256433,2.76078044796051,7,0.0581122966311033,226.461879829678,-362.177703845596,0.736571905872932,0,209.204267871969,0,1,1,104.878359354085,31.4928576574962
256.295416119025,3,32,26,114.172123258716,2.76577518131582,7,0.0581122966311033,223.528581613526,-364.837685889283,0.736571905872953,0,209.204267871966,336.899673731388,1.00757105975227,1,104.846734709868,31.4689358642638
0,3,11,41,61.4287955995346,2.53753690136174,7,0.0261694872424433,994.311227290103,348.12208453799,0.746446908312278,0.000126695835414692,23165.5110369295,185.506924767443,154.882708988611,3,113.914635248132,37.8807371212248
253.034344256093,3,33,26,509.13959842976,2.03966274795709,6,0.0581122966311033,213.419776132154,-374.004582359446,0.746320212476863,0.00974830660394188,53434.2128476014,0,1.00000042950486,1,104.737913634367,31.3864959837154
231.805874686082,3,33,26,629.34198234552,2.78828027507426,7,0.0581122966311033,206.165889474668,-380.582573015017,0.736571905872921,0,209.204267871969,0,1,1,104.659982905662,31.3273386925145
9.590541237175,2,33,25,470.927335554378,2.14070745322352,8,0.0581122966311033,199.883209867157,-386.279850860889,0.73657190587295,0,209.204267871974,0,1,1,104.592592306056,31.2761018418974
299.740883248361,3,33,25,275.411450063146,2.12289196873839,8,0.0581122966311033,195.056133368326,-390.657154450307,0.73657190587294,0,209.204267871971,1851.14740758902,1.01213660738467,1,104.540882040509,31.2367358049611
21.5865741970336,1,11,41,221.889464348227,1.94025477211795,6,0.0470297191534127,988.835443521954,342.136649734624,0.745470109348139,0.000153024764971477,207781.981402488,0,115.296065741919,3,113.843626900843,37.82690881283
260.641159069277,3,33,25,188.749125087861,2.07143869865722,8,0.0581122966311033,181.052710413511,-403.355779296856,0.745317084583167,0.00874517871023994,12907.5002787308,0,1.0000003629432,1,104.391198905654,31.1225343280615
10.9231316848408,2,34,25,203.996369369864,2.19624910312586,6,0.0581122966311033,173.173784569685,-410.500569810387,0.736571905872927,0,209.204267871972,0,1,1,104.307195960303,31.0582796832757
255.190327356647,3,34,25,193.565984254909,2.22038971588011,6,0.0581122966311033,166.681236826463,-416.38816089119,0.736571905872946,0,209.20426787197,0,1,1,104.23809066384,31.0053313046179
247.90152714357,3,34,24,435.58204304312,2.74299212887644,7,0.0581122966311033,141.262968305241,-439.438029287035,0.736571905872943,0,209.204267871972,0,1,1,103.968556456828,30.7980388579982
258.20917943976,3,35,24,35.875383576869,2.39951957630426,6,0.0581122966311033,121.503747673079,-457.35614337083,0.736571905872933,0,209.204267871973,0,1,1,103.760144775407,30.6368973866695
258.936957541599,3,35,24,192.867447333401,2.42443779278584,6,0.0581122966311033,114.838728533264,-463.400135466525,0.736571905872943,0,209.20426787197,0,1,1,103.690064876748,30.5825424598929
22.2436968698317,1,35,24,337.433539030557,1.60894976655185,5,0.0581122966311033,111.394754236994,-466.523210282633,0.736571905872953,0,209.204267871975,0,1,1,103.653896378352,30.5544559733026
252.36670437466,3,36,23,909.347495022821,2.61951570514412,7,0.0581122966311033,101.823114391474,-475.202992644184,0.736571905872938,0,209.20426787197,125.685007607386,1.02165674123169,1,103.553530850467,30.4763968151785
21.2158461301459,1,11,41,221.889464348227,2.25946693080389,6,0.0470297191534127,988.835443521954,342.136649734624,0.744541628827297,0.000228668176417757,28154.9070544339,0,68.7048649938775,3,113.843626900843,37.82690881283
245.647864904622,3,36,23,58.5033373148433,2.58116174364557,6,0.0581122966311033,75.4292162904806,-499.137584301098,0.744312960650879,0.00774105477793674,9741.69811905025,0,1.00000038835105,1,103.277956721666,30.2611478611194
266.393946049392,3,37,23,408.796746082837,2.62984065568479,6,0.0581122966311033,63.1865444506579,-510.239519686107,0.736571905872942,0,209.204267871971,0,1,1,103.150723515865,30.1613057575269
267.119548974275,3,37,23,417.380384510668,1.62884927907009,8,0.0581122966311033,60.7239793791915,-512.47263012658,0.736571905872884,0,209.204267871973,0,1,1,103.125176259619,30.1412229128517
245.302336615163,3,37,23,445.794935175457,2.45520011677422,7,0.0581122966311033,58.3974034912501,-514.582422459021,0.73657190587298,0,209.204267871979,0,1,1,103.10105369641,30.122249094566
5.23251854269992,2,37,22,285.733463289048,1.87735782993294,5,0.0778146137230792,41.9016465603045,-529.541152870996,0.736571905872938,0.736571905872938,165.688450732521,0,1,1,102.930408812055,29.987722
20.4320548940635,1,37,22,285.733463289048,2.76049540194393,6,0.0778146137230792,41.9016465603045,-529.541152870996,0,0,0,0,1,1,102.930408812055,29.987722
251.01447091308,3,37,22,285.733463289048,2.798849844695,6,0.0778146137230792,41.9016465603045,-529.541152870996,0,0,0,0,1,1,102.930408812055,29.987722
278.544536466544,3,37,22,285.733463289048,2.81761227461259,6,0.0778146137230792,41.9016465603045,-529.541152870996,0,0,0,0,1,1,102.930408812055,29.987722
10.6529553607042,2,37,22,285.733463289048,2.46327809844009,8,0.0778146137230792,41.9016465603045,-529.541152870996,0,0,0,0,1,1,102.930408812055,29.987722
219.650034679864,2,37,22,285.733463289048,2.10273174076645,5,0.0778146137230792,41.9016465603045,-529.541152870996,0,0,0,0,1,1,102.930408812055,29.987722
278.123349604387,3,37,22,285.733463289048,2.84572157430793,6,0.0778146137230792,41.9016465603045,-529.541152870996,0,0,0,0,1,1,102.930408812055,29.987722
217.150101877044,2,37,22,285.733463289048,2.30140816644189,8,0.0778146137230792,41.9016465603045,-529.541152870996,0,0,0,0,1,1,102.930408812055,29.987722
251.964723462121,3,37,22,285.733463289048,2.03108619933573,7,0.0778146137230792,41.9016465603045,-529.541152870996,0,0,0,0,1,1,102.930408812055,29.987722
296.481225830753,3,37,22,285.733463289048,2.81933643444175,6,0.0778146137230792,41.9016465603045,-529.541152870996,0,0,0,0,1,1,102.930408812055,29.987722
4.89996335090083,2,37,22,285.733463289048,2.81257283499066,6,0.0778146137230792,41.9016465603045,-529.541152870996,0,0,0,0,1,1,102.930408812055,29.987722
100.657784067736,2,37,22,285.733463289048,2.23188590103633,8,0.0778146137230792,41.9016465603045,-529.541152870996,0,0,0,1431.34447667063,1,1,102.930408812055,29.987722
20.4376206654152,1,11,41,221.889464348227,2.24793331557667,8,0.0470297191534127,988.835443521954,342.136649734624,0.744040744021555,0,23039.681833653,0,257410629724.848,3,113.843626900843,37.82690881283
231.817739286981,3,37,22,285.733463289048,2.74475127641197,6,0.0778146137230792,41.9016465603045,-529.541152870996,0.744040744021555,0.744040744021555,11408.2235620112,0,1,1,102.930408812055,29.987722
451.379620113692,2,37,22,285.733463289048,2.37879314107868,5,0.0778146137230792,41.9016465603045,-529.541152870996,0,0,0,0,1,1,102.930408812055,29.987722
218.308481939566,2,37,22,285.733463289048,1.79098748456353,7,0.0778146137230792,41.9016465603045,-529.541152870996,0,0,0,0,1,1,102.930408812055,29.987722
230.399202950567,2,37,22,285.733463289048,2.60742439471187,6,0.0778146137230792,41.9016465603045,-529.541152870996,0,0,0,0,1,1,102.930408812055,29.987722
9.79882405888231,2,37,22,285.733463289048,1.71631736499607,4,0.0778146137230792,41.9016465603045,-529.541152870996,0,0,0,0,1,1,102.930408812055,29.987722
107.032311428795,2,37,22,285.733463289048,2.59459668625959,5,0.0778146137230792,41.9016465603045,-529.541152870996,0,0,0,0,1,1,102.930408812055,29.987722
20.1214821986949,1,37,22,285.733463289048,1.65609308121488,7,0.0778146137230792,41.9016465603045,-529.541152870996,0,0,0,0,1,1,102.930408812055,29.987722
254.556076589988,3,37,22,285.733463289048,2.44000791459448,6,0.0778146137230792,41.9016465603045,-529.541152870996,0,0,0,0,1,1,102.930408812055,29.987722
258.337317098112,3,37,22,285.733463289048,1.87018211089336,4,0.0778146137230792,41.9016465603045,-529.541152870996,0,0,0,0,1,1,102.930408812055,29.987722
261.640093236504,3,37,22,285.733463289048,2.36013294216507,6,0.0778146137230792,41.9016465603045,-529.541152870996,0,0,0,0,1,1,102.930408812055,29.987722
5.00692201994526,2,37,22,285.733463289048,2.29339233346776,6,0.0778146137230792,41.9016465603045,-529.541152870996,0,0,0,0,1,1,102.930408812055,29.987722
471.043122553826,2,37,22,285.733463289048,1.97511636425022,4,0.0778146137230792,41.9016465603045,-529.541152870996,0,0,0,0,1,1,102.930408812055,29.987722
454.54041816406,2,37,22,285.733463289048,1.66674451968038,8,0.0778146137230792,41.9016465603045,-529.541152870996,0,0,0,0,1,1,102.930408812055,29.987722
219.159413250082,2,37,22,285.733463289048,2.80668238372955,5,0.0778146137230792,41.9016465603045,-529.541152870996,0,0,0,0,1,1,102.930408812055,29.987722
206.49109838694,3,37,22,285.733463289048,2.829444193845,5,0.0778146137230792,41.9016465603045,-529.541152870996,0,0,0,0,1,1,102.930408812055,29.987722
98.6485826007546,2,37,22,285.733463289048,2.06925010194641,4,0.0778146137230792,41.9016465603045,-529.541152870996,0,0,0,0,1,1,102.930408812055,29.987722
19.6181051775827,2,37,22,285.733463289048,2.3134489118891,7,0.0778146137230792,41.9016465603045,-529.541152870996,0,0,0,0,1,1,102.930408812055,29.987722
237.689645083159,3,37,22,285.733463289048,2.28899504934657,7,0.0778146137230792,41.9016465603045,-529.541152870996,0,0,0,0,1,1,102.930408812055,29.987722
262.918332498793,3,37,22,285.733463289048,2.27810937888236,7,0.0778146137230792,41.9016465603045,-529.541152870996,0,0,0,0,1,1,102.930408812055,29.987722
267.905899789941,3,37,22,285.733463289048,2.2221852832355,4,0.0778146137230792,41.9016465603045,-529.541152870996,0,0,0,0,1,1,102.930408812055,29.987722
92.2086615325097,2,37,22,285.733463289048,2.26481357989217,4,0.0778146137230792,41.9016465603045,-529.541152870996,0,0,0,0,1,1,102.930408812055,29.987722
21.4544666955473,1,37,22,285.733463289048,1.98119017938568,6,0.0778146137230792,41.9016465603045,-529.541152870996,0,0,0,0,1,1,102.930408812055,29.987722
250.121675675042,3,37,22,285.733463289048,2.28228787702473,4,0.0778146137230792,41.9016465603045,-529.541152870996,0,0,0,0,1,1,102.930408812055,29.987722
285.931544395222,3,37,22,285.733463289048,2.3302531373387,4,0.0778146137230792,41.9016465603045,-529.541152870996,0,0,0,0,1,1,102.930408812055,29.987722
14.0119658882987,2,37,22,285.733463289048,2.1536001208088,7,0.0778146137230792,41.9016465603045,-529.541152870996,0,0,0,0,1,1,102.930408812055,29.987722
265.796865911398,3,37,22,285.733463289048,2.74178893291041,5,0.0778146137230792,41.9016465603045,-529.541152870996,0,0,0,0,1,1,102.930408812055,29.987722
250.226236369348,3,37,22,285.733463289048,2.3923035001984,4,0.0778146137230792,41.9016465603045,-529.541152870996,0,0,0,0,1,1,102.930408812055,29.987722
272.628032842436,3,37,22,285.733463289048,2.70214616923246,5,0.0778146137230792,41.9016465603045,-529.541152870996,0,0,0,0,1,1,102.930408812055,29.987722
20.9892407850642,1,37,22,285.733463289048,2.64447783874079,5,0.0778146137230792,41.9016465603045,-529.541152870996,0,0,0,0,1,1,102.930408812055,29.987722
271.54206791278,3,37,22,285.733463289048,2.50144764450063,4,0.0778146137230792,41.9016465603045,-529.541152870996,0,0,0,0,1,1,102.930408812055,29.987722
232.355754635286,2,37,22,285.733463289048,1.71948896265927,6,0.0778146137230792,41.9016465603045,-529.541152870996,0,0,0,0,1,1,102.930408812055,29.987722
41.7776099272772,2,37,22,285.733463289048,2.59850310707403,4,0.0778146137230792,41.9016465603045,-529.541152870996,0,0,0,0,1,1,102.930408812055,29.987722
13.0291366970665,2,37,22,285.733463289048,2.47605228405912,5,0.0778146137230792,41.9016465603045,-529.541152870996,0,0,0,0,1,1,102.930408812055,29.987722
99.7606576139972,2,37,22,285.733463289048,2.45971499958445,5,0.0778146137230792,41.9016465603045,-529.541152870996,0,0,0,0,1,1,102.930408812055,29.987722
218.964534671179,2,37,22,285.733463289048,2.71920004819222,4,0.0778146137230792,41.9016465603045,-529.541152870996,0,0,0,219.051764100156,1,1,102.930408812055,29.987722
21.6332312396736,1,11,41,247.402224260247,1.66052687562597,6,0.0470297191534127,982.50830139402,366.26927686895,0.761009725944397,0,98588.2395461855,0,259785850665.377,3,113.803680114639,38.0439387427248
10.4162824062839,2,37,22,285.733463289048,1.89201862713062,3,0.0778146137230792,41.9016465603045,-529.541152870996,0.761009725944397,0.761009725944397,60599.3958885249,0,1,1,102.930408812055,29.987722
101.912239030822,2,37,22,285.733463289048,2.75448432794319,4,0.0778146137230792,41.9016465603045,-529.541152870996,0,0,0,0,1,1,102.930408812055,29.987722
12.0616341715303,2,37,22,285.733463289048,1.93869279665431,3,0.0778146137230792,41.9016465603045,-529.541152870996,0,0,0,0,1,1,102.930408812055,29.987722
224.543106840197,2,37,22,285.733463289048,2.77910175023645,4,0.0778146137230792,41.9016465603045,-529.541152870996,0,0,0,0,1,1,102.930408812055,29.987722
246.671152780689,3,37,22,285.733463289048,2.25816687532592,5,0.0778146137230792,41.9016465603045,-529.541152870996,0,0,0,0,1,1,102.930408812055,29.987722
249.592288060556,3,37,22,285.733463289048,2.17231785263056,5,0.0778146137230792,41.9016465603045,-529.541152870996,0,0,0,0,1,1,102.930408812055,29.987722
264.161917068919,3,37,22,285.733463289048,2.06286559918499,5,0.0778146137230792,41.9016465603045,-529.541152870996,0,0,0,0,1,1,102.930408812055,29.987722
328.570683170351,3,37,22,285.733463289048,2.28542568923361,6,0.0778146137230792,41.9016465603045,-529.541152870996,0,0,0,0,1,1,102.930408812055,29.987722
266.888435946306,3,37,22,285.733463289048,2.20565712876657,3,0.0778146137230792,41.9016465603045,-529.541152870996,0,0,0,0,1,1,102.930408812055,29.987722
222.418103728958,2,37,22,285.733463289048,2.24534037112106,6,0.0778146137230792,41.9016465603045,-529.541152870996,0,0,0,0,1,1,102.930408812055,29.987722
101.386965297495,2,37,22,285.733463289048,2.25715577423834,3,0.0778146137230792,41.9016465603045,-529.541152870996,0,0,0,0,1,1,102.930408812055,29.987722
256.12342596373,3,37,22,285.733463289048,2.29121771436767,3,0.0778146137230792,41.9016465603045,-529.541152870996,0,0,0,0,1,1,102.930408812055,29.987722
255.754499963411,3,37,22,285.733463289048,2.33901015263683,3,0.0778146137230792,41.9016465603045,-529.541152870996,0,0,0,0,1,1,102.930408812055,29.987722
216.415413721903,2,37,22,285.733463289048,2.72912370816354,4,0.0778146137230792,41.9016465603045,-529.541152870996,0,0,0,0,1,1,102.930408812055,29.987722
91.7211065098283,2,37,22,285.733463289048,2.38272328235146,3,0.0778146137230792,41.9016465603045,-529.541152870996,0,0,0,0,1,1,102.930408812055,29.987722
98.0810651438058,2,37,22,285.733463289048,2.0612487841131,6,0.0778146137230792,41.9016465603045,-529.541152870996,0,0,0,0,1,1,102.930408812055,29.987722
20.7318177168487,1,37,22,285.733463289048,2.65949000627235,4,0.0778146137230792,41.9016465603045,-529.541152870996,0,0,0,0,1,1,102.930408812055,29.987722
258.159800507085,3,37,22,285.733463289048,2.51357318853841,3,0.0778146137230792,41.9016465603045,-529.541152870996,0,0,0,0,1,1,102.930408812055,29.987722
242.660084215918,3,37,22,285.733463289048,1.95964262894336,6,0.0778146137230792,41.9016465603045,-529.541152870996,0,0,0,0,1,1,102.930408812055,29.987722
268.202255113003,3,37,22,285.733463289048,2.56434975999703,4,0.0778146137230792,41.9016465603045,-529.541152870996,0,0,0,0,1,1,102.930408812055,29.987722
13.3791682132474,2,37,22,285.733463289048,1.9088634903,6,0.0778146137230792,41.9016465603045,-529.541152870996,0,0,0,0,1,1,102.930408812055,29.987722
235.763866478324,3,37,22,285.733463289048,2.4692707797317,4,0.0778146137230792,41.9016465603045,-529.541152870996,0,0,0,0,1,1,102.930408812055,29.987722
102.253046182777,2,37,22,285.733463289048,2.46253096885859,4,0.0778146137230792,41.9016465603045,-529.541152870996,0,0,0,1.9118085081077,1,1,102.930408812055,29.987722
218.1073853291,2,37,22,462.453382955732,2.41316387758964,4,0.0778146137230792,47.0015100699813,-525.34529109675,0.688453822425095,0,78.9155970048947,0.667902025170931,1,1,102.983065465585,30.0254562914903
4.88606369946525,2,37,23,608.402956007409,2.69923298555972,3,0.0778146137230792,52.2238732830563,-521.048643914841,0.688453822425078,0,280.132609403082,0,1,1,103.03704798893,30.0640969679273
220.336595900538,2,36,23,163.98391120882,2.34359073136123,4,0.0778146137230792,73.0651348720705,-503.901704067827,0.688453822425091,0,280.132609403085,0,1,1,103.253095089786,30.2183031027254
258.038938661139,3,36,23,54.096914804534,2.32207222446794,4,0.0778146137230792,80.9866008642966,-497.384397028196,0.68845382242509,0,280.132609403085,0,1,1,103.335469531491,30.2769146530568
272.656613803811,3,36,23,478.217054289786,2.27841935346343,4,0.0778146137230792,97.0664797240631,-484.154837273472,0.68845382242509,0,280.132609403085,0,1,1,103.503119459189,30.395890942299
197.432654925942,3,35,24,391.777288606067,2.0024326020107,2,0.0778146137230792,112.944711379522,-471.091180742399,0.688453822425088,0,280.132609403085,0,1,1,103.669241652747,30.5133752280059
257.464283256198,3,35,24,322.718900056522,2.79289189355376,3,0.0778146137230792,114.359659711284,-469.927046132423,0.688453822425092,0,280.132609403087,0,1,1,103.684072920696,30.5238445420754
463.661546547607,2,35,24,147.135790470196,2.06685392378832,2,0.0778146137230792,137.530943334996,-450.863103924465,0.688453822425089,0,280.132609403085,0,1,1,103.927595861578,30.6952906932915
262.432019888073,3,34,24,846.746369527674,2.13745592365689,4,0.0778146137230792,152.592371465556,-438.471464336726,0.68845382242509,0,280.132609403085,119.66548676917,1.00009651350166,1,104.086538873585,30.8067313854316
0,3,10,41,634.651802517981,2.56774091475769,3,0.068459842574722,972.88262838317,402.982973667739,0.798133595575613,0,30273.6658255367,0,96.7215311917696,3,113.742101690285,38.3741129503678
257.368954034601,3,34,25,53.816358479229,2.08544140771722,4,0.0778146137230792,171.16604417822,-423.190160593095,0.800420501853345,0.111966679428256,24471.8886517413,0,1.06929867441067,1,104.283254025641,30.9441594516641
10.4242437134389,2,33,25,585.489800176298,2.0130311582726,4,0.0778146137230792,201.037981821383,-398.613322204814,0.688453822425089,0,280.132609403085,0,1,1,104.601268799253,31.1651842693417
100.044635756761,2,32,26,225.643240612641,2.30733352572803,2,0.0778146137230792,237.290708151616,-368.786753644183,0.68845382242509,0,280.132609403085,0,1,1,104.989927781111,31.4334210447116
314.457767079262,3,32,26,223.459987173222,2.31474722393067,2,0.0778146137230792,240.089754891083,-366.483865891173,0.68845382242508,0,280.132609403082,0,1,1,105.020059646204,31.4541314118344
13.6025391322701,2,32,26,308.636649108505,2.33077512896869,2,0.0778146137230792,246.144704713127,-361.502216391126,0.688453822425097,0,280.132609403086,0,1,1,105.085302167393,31.4989324621195
20.5236902985518,1,32,27,424.633282579568,2.66804056565119,3,0.0778146137230792,260.963884078845,-349.309884555512,0.688453822425088,0,280.132609403085,0,1,1,105.245330206537,31.6085807365825
271.874190460935,3,31,27,76.8897325102382,1.61236552425942,1,0.0778146137230792,287.064533486379,-327.835835902195,0.68845382242509,0,280.132609403085,0,1,1,105.528393089167,31.8017014957873
88.8545699077857,2,31,27,178.361316962167,2.44412704226826,2,0.0778146137230792,293.821600056758,-322.276526858944,0.688453822425089,0,280.132609403084,0,1,1,105.601925253749,31.851697563153
242.566204738511,3,31,28,698.827346919931,2.56225486930199,3,0.0778146137230792,307.404968302154,-311.100946281498,0.688453822425089,0,280.132609403085,0,1,1,105.750055906614,31.9522019738729
99.9542615853977,2,31,28,625.787129562111,2.55549826363134,3,0.0778146137230792,310.299961199645,-308.719119785113,0.688453822425092,0,280.132609403084,0,1,1,105.781680685099,31.9736222541704
245.062688728617,3,30,28,248.515001156147,2.53536851855567,3,0.0778146137230792,320.980193328406,-299.932065456284,0.688453822425088,0,280.132609403084,76.4263150600295,1.00012678662563,1,105.898515275151,32.0526461322733
21.5092396166596,1,10,41,634.651802517981,1.76583072768793,4,0.068459842574722,972.88262838317,402.982973667739,0.82303313502074,0,13863.7729812,20.07415348589,56.8961614825865,3,113.742101690285,38.3741129503678
101.117437819378,2,30,28,313.817474569764,1.87498199079681,5,0.0778146137230792,346.558404842441,-278.887847362665,0.827833159816302,0.139379337391213,18861.0305294566,0,1.0422864241326,1,106.17937405982,32.2419013323859
38.786778136509,2,29,29,595.296799431817,1.84137699145326,5,0.0778146137230792,361.437607036669,-266.646132344296,0.688453822425089,0,280.132609403085,0,1,1,106.343435241493,32.3519937204811
256.295664555644,3,29,29,155.41938760259,1.84710140857008,1,0.0778146137230792,389.222984500642,-243.785990506602,0.688453822425088,0,280.132609403085,0,1,1,106.651145075438,32.5575799151711
248.929802871523,3,28,29,507.344565373413,2.65312132350706,2,0.0778146137230792,398.562848378678,-236.10171077085,0.688453822425094,0,280.132609403083,0,1,1,106.754972298074,32.626686303094
257.35820489416,3,28,29,632.252020281416,2.32834665936079,3,0.0778146137230792,405.516354640682,-230.380782933003,0.688453822425088,0,280.132609403086,0,1,1,106.832399719611,32.6781358431988
99.4704291439638,2,28,30,361.980530158667,1.9026099798799,1,0.0778146137230792,414.597215598171,-222.909595263671,0.688453822425091,0,280.132609403084,0,1,1,106.93368016805,32.7453258481278
455.30360689271,2,28,30,151.471251373703,1.69861944087857,5,0.0778146137230792,421.559981179284,-217.181049413494,0.688453822425086,0,280.132609403086,0,1,1,107.011463628968,32.7968438986634
232.815782901008,3,28,30,131.365308490599,2.47572738580501,4,0.0778146137230792,431.409310636309,-209.077611960261,0.688453822425088,0,280.132609403085,0,1,1,107.121681414281,32.8697198625024
278.487389003111,3,27,30,265.476889639439,2.23484296251924,3,0.0778146137230792,442.198030591844,-200.201300355336,0.688453822425093,0,280.132609403085,0,1,1,107.242663492048,32.9495464505742
258.822318724291,3,27,30,295.962106304068,1.64024383910563,5,0.0778146137230792,448.255458372662,-195.217612139453,0.688453822425083,0,280.132609403084,0,1,1,107.310705572882,32.9943658354713
99.8491406153951,2,27,31,297.189814266311,2.72117002899052,2,0.0778146137230792,478.632560523497,-170.225154697167,0.68845382242509,0,280.132609403085,0,1,1,107.653179898146,33.2191284050998
202.580585400189,3,26,31,555.229613449222,2.29246837431511,4,0.0778146137230792,507.262019821973,-146.67055295932,0.688453822425089,0,280.132609403085,0,1,1,107.977864226464,33.4309600277164
262.771422753218,3,26,32,515.406990592316,2.7053936281501,2,0.0778146137230792,518.548315099122,-137.384866227432,0.688453822425088,0,280.132609403085,0,1,1,108.106371341403,33.5144682147542
270.362614316576,3,25,32,106.430266976531,2.69976515713664,2,0.0778146137230792,530.384735490603,-127.646569551396,0.688453822425092,0,280.132609403085,44.428257153665,1.00003943192758,1,108.24145219021,33.6020468208102
0,3,12,41,245.247774594051,2.01226880832371,3,0.0334801715897515,1000.03313301984,307.451248406959,0.747228565970653,0,9031.4255415591,0,30.4112597590556,3,113.924339192925,37.5149755045907
256.737945536883,3,25,33,889.434157540221,2.65626175879459,2,0.0778146137230792,561.865453512127,-101.746123172448,0.751222776625294,0.0627689542002026,8032.67066035633,0,1.10769525324006,1,108.602264054602,33.8349751311255
255.480334579884,3,24,33,6.98628121577964,2.62605768762079,2,0.0778146137230792,585.547442835537,-82.2620029500808,0.688453822425091,0,280.132609403085,0,1,1,108.87517127977,34.0102000340084
98.3796396748316,2,24,33,170.921881952577,2.61114732401238,2,0.0778146137230792,594.765735323247,-74.6777448616807,0.688453822425083,0,280.132609403086,0,1,1,108.981744775145,34.078406905646
256.27772220912,3,23,33,617.241775266816,2.59323521302032,2,0.0778146137230792,607.258949995937,-64.3990772496689,0.688453822425093,0,280.132609403083,0,1,1,109.126487111593,34.1708451842814
15.2815999318275,2,22,34,318.20662912511,2.43770104822246,1,0.0778146137230792,651.300547983562,-28.1642923142765,0.688453822425089,0,280.132609403085,0,1,1,109.639558486436,34.4967124340636
286.546828741209,3,22,34,472.383117616529,1.92396322134305,4,0.0778146137230792,658.510479402994,-22.2323932388737,0.688453822425085,0,280.132609403083,81.2339539201322,1.00005946624987,1,109.723970486328,34.55005928409
20.7926143620527,1,12,41,245.247774594051,1.92924073487787,4,0.0334801715897515,1000.03313301984,307.451248406959,0.767761582029208,0.767761582029208,10026.9154225261,0,1,3,113.924339192925,37.5149755045907
0,3,12,41,245.247774594051,2.41983172401994,2,0.0334801715897515,1000.03313301984,307.451248406959,0,0,0,14.1954312588829,1,3,113.924339192925,37.5149755045907
253.525667839222,3,21,35,513.673544309346,2.54762890352729,1,0.0778146137230792,710.764031768346,20.7586951544419,0.78092472182058,0.0924708993954919,3009.91631744039,0,1.18275939350442,1,110.339260227762,34.9366874306307
20.2408871715318,1,20,36,75.1698493522312,2.30174743174496,2,0.0778146137230792,737.163898223223,42.4789216454137,0.688453822425088,0,280.132609403085,0,1,1,110.652472243082,35.1320221203185
250.350873156459,3,20,36,145.430025939698,2.26873327717142,2,0.0778146137230792,751.077055866594,53.9258331566958,0.688453822425089,0,280.132609403087,29.9640150156338,1.00025807471931,1,110.818175229069,35.2349666687499
101.889958746138,2,12,41,245.247774594051,2.43342821241622,3,0.0334801715897515,1000.03313301984,307.451248406959,0.794491457821717,0,7217.8766775915,0,13.2688738927874,3,113.924339192925,37.5149755045907
237.127439030317,2,19,37,1.42217059547668,2.38022431044893,3,0.0778146137230792,789.554690912276,85.5829231445425,0.811736395026602,0.1232825726015,2377.34122879027,0,1.05916508545597,1,111.278719232249,35.5196657188157
238.529362206797,3,19,37,76.9122035137104,2.36502083369752,3,0.0778146137230792,796.367678254716,91.1882404445695,0.688453822425102,0,280.132609403085,0,1,1,111.360614233462,35.5700755483751
248.423988676546,3,19,37,141.559484441651,2.63199154201202,1,0.0778146137230792,798.799575009682,93.1890592142709,0.688453822425085,0,280.132609403081,0,1,1,111.38987212589,35.5880693438663
269.900814746844,3,18,37,757.680612531361,2.32719245682024,3,0.0778146137230792,815.195093303514,106.678308161328,0.688453822425083,0,280.132609403085,0,1,1,111.587474444577,35.7093810741234
248.942705779486,3,18,38,715.977070588214,2.31600955712692,3,0.0810893510630287,816.84384071548,108.034798629776,0.688453822425107,0.688453822425107,251.486059117131,0,1,1,111.607379194767,35.7215802859884
105.56754883555,2,18,38,715.977070588214,2.62875638611976,1,0.0810893510630287,816.84384071548,108.034798629776,0,0,0,0,1,1,111.607379194767,35.7215802859884
254.231999244413,3,18,38,715.977070588214,1.9856524374934,2,0.0810893510630287,816.84384071548,108.034798629776,0,0,0,0,1,1,111.607379194767,35.7215802859884
14.9688371887047,2,18,38,715.977070588214,1.89680373170318,2,0.0810893510630287,816.84384071548,108.034798629776,0,0,0,0,1,1,111.607379194767,35.7215802859884
96.0695489113017,2,18,38,715.977070588214,2.57353949451861,1,0.0810893510630287,816.84384071548,108.034798629776,0,0,0,0,1,1,111.607379194767,35.7215802859884
265.160944676953,3,18,38,715.977070588214,1.81817645263361,2,0.0810893510630287,816.84384071548,108.034798629776,0,0,0,0,1,1,111.607379194767,35.7215802859884
246.428331703118,3,18,38,715.977070588214,1.99621653303198,3,0.0810893510630287,816.84384071548,108.034798629776,0,0,0,0,1,1,111.607379194767,35.7215802859884
16.3484836973566,2,18,38,715.977070588214,2.49657138017317,1,0.0810893510630287,816.84384071548,108.034798629776,0,0,0,0,1,1,111.607379194767,35.7215802859884
240.449328135781,3,18,38,715.977070588214,2.48005530024111,1,0.0810893510630287,816.84384071548,108.034798629776,0,0,0,0,1,1,111.607379194767,35.7215802859884
263.115387850721,3,18,38,715.977070588214,1.64758713287573,2,0.0810893510630287,816.84384071548,108.034798629776,0,0,0,0,1,1,111.607379194767,35.7215802859884
231.715912678885,3,18,38,715.977070588214,2.37701586133441,1,0.0810893510630287,816.84384071548,108.034798629776,0,0,0,0,1,1,111.607379194767,35.7215802859884
255.393611221204,3,18,38,715.977070588214,2.3403775041543,1,0.0810893510630287,816.84384071548,108.034798629776,0,0,0,0,1,1,111.607379194767,35.7215802859884
6.31068487576936,2,18,38,715.977070588214,2.26262138622088,1,0.0810893510630287,816.84384071548,108.034798629776,0,0,0,0,1,1,111.607379194767,35.7215802859884
217.132329607216,3,18,38,715.977070588214,2.25270429783144,1,0.0810893510630287,816.84384071548,108.034798629776,0,0,0,0,1,1,111.607379194767,35.7215802859884
479.83499964991,2,18,38,715.977070588214,1.69630602707499,3,0.0810893510630287,816.84384071548,108.034798629776,0,0,0,284.882258195227,1,1,111.607379194767,35.7215802859884
0,3,12,41,245.247774594051,2.4274035972541,2,0.0334801715897515,1000.03313301984,307.451248406959,0.827784976752092,0,10067.4454407092,0,54157266273.958,3,113.924339192925,37.5149755045907
257.870382679647,3,18,38,715.977070588214,2.41664497853684,2,0.0810893510630287,816.84384071548,108.034798629776,0.827784976752092,0.827784976752092,9594.48102444565,0,1,1,111.607379194767,35.7215802859884
447.935502274134,2,18,38,715.977070588214,2.38826675262104,2,0.0810893510630287,816.84384071548,108.034798629776,0,0,0,0,1,1,111.607379194767,35.7215802859884
11.6067567799996,2,18,38,715.977070588214,1.62903986547888,3,0.0810893510630287,816.84384071548,108.034798629776,0,0,0,43.4434421635251,1,1,111.607379194767,35.7215802859884
0,3,12,41,245.247774594051,2.34053031966215,2,0.0334801715897515,1000.03313301984,307.451248406959,0.827784976752092,0,2922.79661063166,0,54157266273.958,3,113.924339192925,37.5149755045907
21.2034012590767,1,18,38,715.977070588214,2.07773158843804,1,0.0810893510630287,816.84384071548,108.034798629776,0.827784976752092,0.827784976752092,2639.56835081061,0,1,1,111.607379194767,35.7215802859884
278.708047998411,3,18,38,715.977070588214,1.91153454966529,8,0.0810893510630287,816.84384071548,108.034798629776,0,0,0,17.6106140079338,1,1,111.607379194767,35.7215802859884
19.2838518661576,1,12,41,245.247774594051,2.21839385555165,2,0.0334801715897515,1000.03313301984,307.451248406959,0.827784976752092,0,7567.60567103983,0,54157266273.958,3,113.924339192925,37.5149755045907
253.069443420009,3,18,38,715.977070588214,2.00558900788754,8,0.0810893510630287,816.84384071548,108.034798629776,0.827784976752092,0.827784976752092,1852.51645586277,0,1,1,111.607379194767,35.7215802859884
12.1788944677187,2,18,38,715.977070588214,2.0865458946969,2,0.0810893510630287,816.84384071548,108.034798629776,0,0,0,0,1,1,111.607379194767,35.7215802859884
253.163683351256,3,18,38,715.977070588214,1.84999386701168,1,0.0810893510630287,816.84384071548,108.034798629776,0,0,0,0,1,1,111.607379194767,35.7215802859884
270.923512652793,3,18,38,715.977070588214,1.83787041214449,1,0.0810893510630287,816.84384071548,108.034798629776,0,0,0,817.228750183541,1,1,111.607379194767,35.7215802859884
0,3,12,41,245.247774594051,2.04794345056434,8,0.0334801715897515,1000.03313301984,307.451248406959,0.827784976752092,0,69805.89266751,0,54157266273.958,3,113.924339192925,37.5149755045907
257.552234111966,3,18,38,715.977070588214,1.78117204522228,1,0.0810893510630287,816.84384071548,108.034798629776,0.827784976752092,0.827784976752092,2516.11185079149,0,1,1,111.607379194767,35.7215802859884
250.832956278804,3,18,38,715.977070588214,2.18303860074013,8,0.0810893510630287,816.84384071548,108.034798629776,0,0,0,0,1,1,111.607379194767,35.7215802859884
10.2117858701426,2,18,38,715.977070588214,2.18627825831449,8,0.0810893510630287,816.84384071548,108.034798629776,0,0,0,0,1,1,111.607379194767,35.7215802859884
2.86108020352326,2,18,38,715.977070588214,1.72393400015706,1,0.0810893510630287,816.84384071548,108.034798629776,0,0,0,0,1,1,111.607379194767,35.7215802859884
211.213398103584,2,18,38,715.977070588214,1.67135536533899,1,0.0810893510630287,816.84384071548,108.034798629776,0,0,0,0,1,1,111.607379194767,35.7215802859884
261.078066124498,3,18,38,715.977070588214,1.86961709486988,2,0.0810893510630287,816.84384071548,108.034798629776,0,0,0,0,1,1,111.607379194767,35.7215802859884
250.61327733575,3,18,38,715.977070588214,1.84128123815056,2,0.0810893510630287,816.84384071548,108.034798629776,0,0,0,0,1,1,111.607379194767,35.7215802859884
255.879818683766,3,18,38,715.977070588214,2.31398017549529,8,0.0810893510630287,816.84384071548,108.034798629776,0,0,0,0,1,1,111.607379194767,35.7215802859884
255.41056389979,3,18,38,715.977070588214,2.32523362373461,8,0.0810893510630287,816.84384071548,108.034798629776,0,0,0,0,1,1,111.607379194767,35.7215802859884
274.489600684168,3,18,38,715.977070588214,1.58148441965395,7,0.0810893510630287,816.84384071548,108.034798629776,0,0,0,0,1,1,111.607379194767,35.7215802859884
205.629606449424,3,18,38,715.977070588214,2.34259632594241,8,0.0810893510630287,816.84384071548,108.034798629776,0,0,0,0,1,1,111.607379194767,35.7215802859884
42.9790939581046,2,18,38,715.977070588214,1.59969979542162,7,0.0810893510630287,816.84384071548,108.034798629776,0,0,0,0,1,1,111.607379194767,35.7215802859884
206.571672010803,3,18,38,715.977070588214,2.57030940141623,7,0.0810893510630287,816.84384071548,108.034798629776,0,0,0,0,1,1,111.607379194767,35.7215802859884
97.519562920364,2,18,38,715.977070588214,2.57640186750219,7,0.0810893510630287,816.84384071548,108.034798629776,0,0,0,0,1,1,111.607379194767,35.7215802859884
11.7762993607842,2,18,38,715.977070588214,2.58807077007133,7,0.0810893510630287,816.84384071548,108.034798629776,0,0,0,0,1,1,111.607379194767,35.7215802859884
256.845943525288,3,18,38,715.977070588214,2.61484506199641,7,0.0810893510630287,816.84384071548,108.034798629776,0,0,0,0,1,1,111.607379194767,35.7215802859884
106.268322645414,2,18,38,715.977070588214,2.01205858616895,6,0.0810893510630287,816.84384071548,108.034798629776,0,0,0,0,1,1,111.607379194767,35.7215802859884
38.4737559804967,2,18,38,715.977070588214,2.62537182522398,7,0.0810893510630287,816.84384071548,108.034798629776,0,0,0,0,1,1,111.607379194767,35.7215802859884
12.5410273472148,2,18,38,715.977070588214,2.04966473338558,6,0.0810893510630287,816.84384071548,108.034798629776,0,0,0,0,1,1,111.607379194767,35.7215802859884
0,2,18,38,715.977070588214,2.62814879416522,7,0.0810893510630287,816.84384071548,108.034798629776,0,0,0,21.4786406069727,1,1,111.607379194767,35.7215802859884
0,3,12,41,245.247774594051,2.58836068435248,7,0.0334801715897515,1000.03313301984,307.451248406959,0.827784976752092,0,6397.8059103882,53.3964995115373,54157266273.958,3,113.924339192925,37.5149755045907
246.204161741281,2,18,38,715.977070588214,2.6241327320211,7,0.0810893510630287,816.84384071548,108.034798629776,0.827784976752092,0.827784976752092,14533.8063905006,0,1,1,111.607379194767,35.7215802859884
255.031268427359,3,18,38,715.977070588214,2.15737821477185,6,0.0810893510630287,816.84384071548,108.034798629776,0,0,0,0,1,1,111.607379194767,35.7215802859884
274.799644539699,3,18,38,715.977070588214,2.60556141729374,7,0.0810893510630287,816.84384071548,108.034798629776,0,0,0,0,1,1,111.607379194767,35.7215802859884
1.1858570883057,2,18,38,715.977070588214,2.24196130172032,6,0.0810893510630287,816.84384071548,108.034798629776,0,0,0,0,1,1,111.607379194767,35.7215802859884
102.142909834616,2,18,38,715.977070588214,2.5499716849474,7,0.0810893510630287,816.84384071548,108.034798629776,0,0,0,0,1,1,111.607379194767,35.7215802859884
98.9580157213445,2,18,38,715.977070588214,2.5279802573394,7,0.0810893510630287,816.84384071548,108.034798629776,0,0,0,0,1,1,111.607379194767,35.7215802859884
265.894766486788,3,18,38,715.977070588214,2.3771599759127,6,0.0810893510630287,816.84384071548,108.034798629776,0,0,0,0,1,1,111.607379194767,35.7215802859884
41.1397957000191,2,18,38,715.977070588214,2.39410093439425,6,0.0810893510630287,816.84384071548,108.034798629776,0,0,0,0,1,1,111.607379194767,35.7215802859884
212.147210325675,2,18,38,715.977070588214,1.6707523389754,5,0.0810893510630287,816.84384071548,108.034798629776,0,0,0,41.0936521019831,1,1,111.607379194767,35.7215802859884
0,3,12,41,245.247774594051,2.38106277426053,6,0.0334801715897515,1000.03313301984,307.451248406959,0.827784976752092,0.827784976752092,7845.17298244969,0,1,3,113.924339192925,37.5149755045907
18.1275998693501,1,12,41,245.247774594051,2.39229873389718,6,0.0334801715897515,1000.03313301984,307.451248406959,0,0,0,42.5581126646544,1,3,113.924339192925,37.5149755045907
96.883836349762,2,18,38,715.977070588214,1.7349494662297,5,0.0810893510630287,816.84384071548,108.034798629776,0.827784976752092,0.827784976752092,3987.99765189029,0,1,1,111.607379194767,35.7215802859884
460.371853402615,2,18,38,715.977070588214,1.75360648495156,5,0.0810893510630287,816.84384071548,108.034798629776,0,0,0,46.1792170475445,1,1,111.607379194767,35.7215802859884
20.5422876395085,1,12,41,245.247774594051,2.36023566326528,7,0.0334801715897515,1000.03313301984,307.451248406959,0.827784976752092,0,6161.54461698541,0,54157266273.958,3,113.924339192925,37.5149755045907
231.743491520808,3,18,38,715.977070588214,2.52358560413359,6,0.0810893510630287,816.84384071548,108.034798629776,0.827784976752092,0.827784976752092,5935.40050028823,0,1,1,111.607379194767,35.7215802859884
242.152143874655,3,18,38,715.977070588214,2.33013061345968,7,0.0810893510630287,816.84384071548,108.034798629776,0,0,0,0,1,1,111.607379194767,35.7215802859884
7.57134664600611,2,18,38,715.977070588214,1.8776520410662,5,0.0810893510630287,816.84384071548,108.034798629776,0,0,0,0,1,1,111.607379194767,35.7215802859884
12.3209939574944,2,18,38,715.977070588214,2.23513953100122,7,0.0810893510630287,816.84384071548,108.034798629776,0,0,0,0,1,1,111.607379194767,35.7215802859884
261.347699180935,3,18,38,715.977070588214,2.5914000892536,6,0.0810893510630287,816.84384071548,108.034798629776,0,0,0,0,1,1,111.607379194767,35.7215802859884
272.36687425007,3,18,38,715.977070588214,2.3887398831478,8,0.0810893510630287,816.84384071548,108.034798629776,0,0,0,0.187966460249599,1,1,111.607379194767,35.7215802859884
266.499849872625,3,18,38,639.775286208821,2.6135130291913,6,0.0810893510630287,817.735500972278,109.733953758165,1.08753212864693,0,46.7475895518016,1.6591222775003,1,1,111.619233258251,35.736861155176
249.835999854988,3,18,38,310.176748824054,1.99315939310595,5,0.0810893510630287,824.080804337646,121.825616106308,1.08753212864691,0,291.921663826903,0,1,1,111.70371053286,35.8456040871876
221.671136465847,2,17,38,225.984707775549,2.31821504755774,8,0.0810893510630287,833.496940820953,139.769083333044,1.08753212864691,0,291.921663826903,0,1,1,111.829460178463,36.0069735648086
270.950421591447,3,17,38,1.61700337907898,2.29166516640257,8,0.0810893510630287,840.790349413593,153.66746281015,1.0875321286469,0,291.921663826903,0,1,1,111.927181097725,36.1319646943188
224.455756281701,2,16,38,242.109853791846,2.62660363579085,6,0.0810893510630287,856.795224467545,184.166484516952,1.08753212864691,0,291.921663826903,0,1,1,112.142600890733,36.4062489861219
244.039621172591,3,16,38,328.884701840499,2.62522662782766,6,0.0810893510630287,859.354134095673,189.042763777547,1.08753212864691,0,291.921663826902,0,1,1,112.177167482196,36.4501024190774
246.688885334395,3,15,39,217.440027836757,1.94277016080518,7,0.0810893510630287,879.849599812968,228.099092033508,1.08753212864691,0,291.921663826903,0,1,1,112.455266344198,36.8013444175618
269.769776900488,3,14,39,115.866494689883,2.12352682298544,8,0.0810893510630287,888.343728461141,244.285573536657,1.0875321286469,0,291.921663826903,0,1,1,112.571167355975,36.9469129429576
100.511962669692,2,14,39,10.8777364798826,2.11021506456001,8,0.0810893510630287,891.868040315891,251.001531230623,1.0875321286469,0,291.921663826903,0,1,1,112.619367121875,37.0073110015438
221.219462774293,3,14,39,197.643218972098,2.56074474937502,6,0.0810893510630287,899.836630367067,266.186542055396,1.08753212864691,0,291.921663826902,0,1,1,112.728588664419,37.1438730847521
255.375811247219,3,13,39,306.82816251888,2.54243992613317,6,0.0810893510630287,909.58214975589,284.757684059431,1.08753212864691,0,291.921663826903,0,1,1,112.862618515237,37.3108873772603
11.443374397875,2,13,39,628.412214543018,2.30705995519,5,0.0810893510630287,915.918296081256,296.831896676737,1.0875321286469,0.961948268371644,291.921663826902,3.9151816439747,1.05537422659612,1,112.950026625259,37.4194733800723
19.2345950148307,1,12,41,245.247774594051,2.32947951110102,5,0.0334801715897515,1000.03313301984,307.451248406959,0.125583860275258,0.670387743231788,950.286687394073,0,2.92683741739873,3,113.924339192925,37.5149755045907
98.8835495826394,2,11,40,162.389913599349,1.63831574532241,4,0.0810893510630287,940.44109481009,343.562743885539,-0.54480388295653,0,760.985553293281,0,1.10769020116031,1,113.290307322544,37.8397339856499
261.118326217398,3,11,40,23.3141455306584,2.38794237761357,5,0.0810893510630287,944.477332428101,351.254231529808,1.08753212864691,0,291.921663826903,0,1,1,113.346616894121,37.9089051958514
216.102653063885,3,11,40,69.7922712660338,2.42957526644698,6,0.0810893510630287,949.775252671735,361.349991975723,1.08753212864691,0,291.921663826902,0,1,1,113.420657916725,37.9996985508233
106.123874849014,2,10,40,420.547079594176,2.41305252616723,6,0.0810893510630287,956.429178758819,374.029768323949,1.08753212864691,2.0784986283996,291.921663826903,5.43412550174802,1.2742558102929,1,113.513858379598,38.113730519105
0,3,12,41,245.247774594051,1.83838222155372,8,0.0334801715897515,1000.03313301984,307.451248406959,-0.99096649975269,0.299918664887955,1251.53720531007,2.83557163805301,5.29742150544695,3,113.924339192925,37.5149755045907
104.647116158162,2,10,41,694.910562468405,2.35323075257343,6,0.0810893510630287,972.235931165281,404.151245882106,-1.29088516464064,0,1900.67744474049,0,1.00301635845328,1,113.73619223056,38.3846194748075
18.148164886545,2,10,41,701.409565459978,2.29506630891757,6,0.083299809170824,972.753369691531,405.137280998959,1.08753212864696,1.08753212864696,8.81390779085326,0,1,1,113.743492547912,38.3934871016553
20.1136100472203,1,10,41,701.409565459978,2.44827853060169,7,0.083299809170824,972.753369691531,405.137280998959,0,0,0,0,1,1,113.743492547912,38.3934871016553
254.411973548013,3,10,41,701.409565459978,2.21191483109738,6,0.083299809170824,972.753369691531,405.137280998959,0,0,0,0,1,1,113.743492547912,38.3934871016553
236.237875836562,3,10,41,701.409565459978,2.15762948733502,6,0.083299809170824,972.753369691531,405.137280998959,0,0,0,0,1,1,113.743492547912,38.3934871016553
111.256156897368,2,10,41,701.409565459978,2.14379515137936,6,0.083299809170824,972.753369691531,405.137280998959,0,0,0,0,1,1,113.743492547912,38.3934871016553
7.47484477799281,2,10,41,701.409565459978,2.13916369656099,6,0.083299809170824,972.753369691531,405.137280998959,0,0,0,0,1,1,113.743492547912,38.3934871016553
18.284199586704,1,10,41,701.409565459978,2.5855316225558,5,0.083299809170824,972.753369691531,405.137280998959,0,0,0,0,1,1,113.743492547912,38.3934871016553
101.846422201522,2,10,41,701.409565459978,2.08543393355564,6,0.083299809170824,972.753369691531,405.137280998959,0,0,0,0,1,1,113.743492547912,38.3934871016553
223.574973263292,2,10,41,701.409565459978,2.06805232757698,6,0.083299809170824,972.753369691531,405.137280998959,0,0,0,0,1,1,113.743492547912,38.3934871016553
263.610412623454,3,10,41,701.409565459978,2.58820282279377,5,0.083299809170824,972.753369691531,405.137280998959,0,0,0,0,1,1,113.743492547912,38.3934871016553
268.009087422272,3,10,41,701.409565459978,2.57908137361263,5,0.083299809170824,972.753369691531,405.137280998959,0,0,0,0,1,1,113.743492547912,38.3934871016553
228.762246549384,2,10,41,701.409565459978,2.15632548287553,4,0.083299809170824,972.753369691531,405.137280998959,0,0,0,0,1,1,113.743492547912,38.3934871016553
102.733256896058,2,10,41,701.409565459978,2.56719054859175,5,0.083299809170824,972.753369691531,405.137280998959,0,0,0,0,1,1,113.743492547912,38.3934871016553
312.098245618363,3,10,41,701.409565459978,2.55949644080977,5,0.083299809170824,972.753369691531,405.137280998959,0,0,0,0,1,1,113.743492547912,38.3934871016553
11.9972484828306,2,10,41,701.409565459978,2.26738850632289,4,0.083299809170824,972.753369691531,405.137280998959,0,0,0,0,1,1,113.743492547912,38.3934871016553
260.679232650973,3,10,41,701.409565459978,1.82186071906477,6,0.083299809170824,972.753369691531,405.137280998959,0,0,0,0,1,1,113.743492547912,38.3934871016553
14.8061580978621,2,10,41,701.409565459978,1.61451387424736,3,0.083299809170824,972.753369691531,405.137280998959,0,0,0,0,1,1,113.743492547912,38.3934871016553
253.098573698699,3,10,41,701.409565459978,2.35558596222567,4,0.083299809170824,972.753369691531,405.137280998959,0,0,0,0,1,1,113.743492547912,38.3934871016553
245.433976937204,3,10,41,701.409565459978,2.39132272476313,5,0.083299809170824,972.753369691531,405.137280998959,0,0,0,0,1,1,113.743492547912,38.3934871016553
205.881185096069,2,10,41,701.409565459978,2.38620147913745,5,0.083299809170824,972.753369691531,405.137280998959,0,1.29847431937608,0,47.2919017025218,1,1,113.743492547912,38.3934871016553
19.9157407072531,1,12,41,245.247774594051,2.35533425867298,5,0.0334801715897515,1000.03313301984,307.451248406959,-1.29847431937608,0,2025.40075019204,0,20284719816.4668,3,113.924339192925,37.5149755045907
3.26496179928623,2,10,41,701.409565459978,2.49484451012211,4,0.083299809170824,972.753369691531,405.137280998959,-1.29847431937608,0,808.496696187381,12.6400087431652,20284719816.4668,1,113.743492547912,38.3934871016553
0,3,12,41,245.247774594051,2.5065168291911,4,0.0334801715897515,1000.03313301984,307.451248406959,-1.29847431937608,0,6516.84735087043,0,20284719816.4668,3,113.924339192925,37.5149755045907
99.7917382125408,2,10,41,701.409565459978,1.81907206914189,3,0.083299809170824,972.753369691531,405.137280998959,-1.29847431937608,0,3509.60529301051,0,1,1,113.743492547912,38.3934871016553
241.222799312154,3,10,41,701.409565459978,2.54515876878463,4,0.083299809170824,972.753369691531,405.137280998959,0,0,0,0,1,1,113.743492547912,38.3934871016553
280.124951168406,3,10,41,701.409565459978,2.55391122075654,4,0.083299809170824,972.753369691531,405.137280998959,0,0,0,0,1,1,113.743492547912,38.3934871016553
254.16628834397,3,10,41,701.409565459978,2.19133313410494,5,0.083299809170824,972.753369691531,405.137280998959,0,0,0,0,1,1,113.743492547912,38.3934871016553
241.654541354436,3,10,41,701.409565459978,2.5690823313828,4,0.083299809170824,972.753369691531,405.137280998959,0,0,0,0,1,1,113.743492547912,38.3934871016553
259.92807176717,3,10,41,701.409565459978,2.58127359120876,4,0.083299809170824,972.753369691531,405.137280998959,0,0,0,0,1,1,113.743492547912,38.3934871016553
12.5175749565304,2,10,41,701.409565459978,2.27628937191837,6,0.083299809170824,972.753369691531,405.137280998959,0,0,0,0,1,1,113.743492547912,38.3934871016553
257.538381899866,3,10,41,701.409565459978,2.24769050164523,6,0.083299809170824,972.753369691531,405.137280998959,0,0,0,0,1,1,113.743492547912,38.3934871016553
101.943553322503,2,10,41,701.409565459978,2.23985958782108,6,0.083299809170824,972.753369691531,405.137280998959,0,1.29847431937608,0,8.00203506680208,1,1,113.743492547912,38.3934871016553
0,3,12,41,245.247774594051,2.12238617808287,6,0.0334801715897515,1000.03313301984,307.451248406959,-1.29847431937608,0,466.04622793863,0,1,3,113.924339192925,37.5149755045907
0,3,12,41,245.247774594051,2.11818336200172,6,0.0334801715897515,1000.03313301984,307.451248406959,0,1.29847431937608,0,46.1192190546264,1,3,113.924339192925,37.5149755045907
20.9748047606496,2,10,41,701.409565459978,2.09165411389948,6,0.083299809170824,972.753369691531,405.137280998959,-1.29847431937608,0,1391.95195744282,0,1,1,113.743492547912,38.3934871016553
259.57864098111,3,10,41,701.409565459978,2.53685248560147,4,0.083299809170824,972.753369691531,405.137280998959,0,0,0,0,1,1,113.743492547912,38.3934871016553
24.8681566675169,2,10,41,701.409565459978,2.26315784857665,3,0.083299809170824,972.753369691531,405.137280998959,0,0,0,0,1,1,113.743492547912,38.3934871016553
291.541719476756,3,10,41,701.409565459978,1.74138498395848,5,0.083299809170824,972.753369691531,405.137280998959,0,0,0,0,1,1,113.743492547912,38.3934871016553
266.489042138389,3,10,41,701.409565459978,1.93658198568047,6,0.083299809170824,972.753369691531,405.137280998959,0,0,0,0,1,1,113.743492547912,38.3934871016553
256.467325420617,3,10,41,701.409565459978,2.40119262907002,3,0.083299809170824,972.753369691531,405.137280998959,0,0,0,0,1,1,113.743492547912,38.3934871016553
218.385646880372,2,10,41,701.409565459978,1.66254171868866,5,0.083299809170824,972.753369691531,405.137280998959,0,1.29847431937608,0,24.5865759427801,1,1,113.743492547912,38.3934871016553
0,3,12,41,245.247774594051,2.37252872402391,4,0.0334801715897515,1000.03313301984,307.451248406959,-1.29847431937608,0,5449.65416334958,0,20284719816.4668,3,113.924339192925,37.5149755045907
11.1470640409617,2,10,41,701.409565459978,2.35386928454363,4,0.083299809170824,972.753369691531,405.137280998959,-1.29847431937608,0,1633.77171835493,0,20284719816.4668,1,113.743492547912,38.3934871016553
0,3,12,41,245.247774594051,2.51089363956931,3,0.0334801715897515,1000.03313301984,307.451248406959,-1.29847431937608,0,771.040143713049,3.70010285217923,20284719816.4668,3,113.924339192925,37.5149755045907
20.1174940584319,1,10,41,701.409565459978,2.27423297973029,4,0.083299809170824,972.753369691531,405.137280998959,-1.29847431937608,0,2523.2185545131,0,1,1,113.743492547912,38.3934871016553
102.912797968816,2,10,41,701.409565459978,2.54342692541766,3,0.083299809170824,972.753369691531,405.137280998959,0,0,0,0,1,1,113.743492547912,38.3934871016553
252.852043952446,3,10,41,701.409565459978,2.38346870474868,5,0.083299809170824,972.753369691531,405.137280998959,0,0,0,0,1,1,113.743492547912,38.3934871016553
256.37969426666,3,10,41,701.409565459978,2.56614121396385,3,0.083299809170824,972.753369691531,405.137280998959,0,0,0,0,1,1,113.743492547912,38.3934871016553
276.28516962879,3,10,41,701.409565459978,2.57177059472569,3,0.083299809170824,972.753369691531,405.137280998959,0,0,0,0,1,1,113.743492547912,38.3934871016553
245.238004481008,3,10,41,701.409565459978,1.6119908245629,6,0.083299809170824,972.753369691531,405.137280998959,0,0,0,0,1,1,113.743492547912,38.3934871016553
251.816766909477,3,10,41,701.409565459978,1.59821298767645,6,0.083299809170824,972.753369691531,405.137280998959,0,0,0,0,1,1,113.743492547912,38.3934871016553
274.304839269149,3,10,41,701.409565459978,2.30312102017796,5,0.083299809170824,972.753369691531,405.137280998959,0,1.29847431937608,0,10.6009030658374,1,1,113.743492547912,38.3934871016553
20.3905604174524,1,12,41,245.247774594051,2.27226917176648,5,0.0334801715897515,1000.03313301984,307.451248406959,-1.29847431937608,0,2244.30258476859,0,20284719816.4668,3,113.924339192925,37.5149755045907
259.213621966348,3,10,41,701.409565459978,2.22999755643288,5,0.083299809170824,972.753369691531,405.137280998959,-1.29847431937608,0,941.667065618284,0,1,1,113.743492547912,38.3934871016553
106.04263988111,2,10,41,701.409565459978,2.57902649296377,3,0.083299809170824,972.753369691531,405.137280998959,0,0,0,0,1,1,113.743492547912,38.3934871016553
260.399544466917,3,10,41,701.409565459978,2.57115869618143,3,0.083299809170824,972.753369691531,405.137280998959,0,0,0,0,1,1,113.743492547912,38.3934871016553
267.350741102689,3,10,41,701.409565459978,2.56551954795215,3,0.083299809170824,972.753369691531,405.137280998959,0,0,0,0,1,1,113.743492547912,38.3934871016553
0,2,10,41,701.409565459978,1.88658284452087,4,0.083299809170824,972.753369691531,405.137280998959,0,0,0,0,1,1,113.743492547912,38.3934871016553
99.4664276955987,2,10,41,701.409565459978,1.86222895813628,4,0.083299809170824,972.753369691531,405.137280998959,0,0,0,0,1,1,113.743492547912,38.3934871016553
251.092380387202,3,10,41,701.409565459978,2.27735190656169,2,0.083299809170824,972.753369691531,405.137280998959,0,0,0,0,1,1,113.743492547912,38.3934871016553
100.168535020806,2,10,41,701.409565459978,2.29797218726758,2,0.083299809170824,972.753369691531,405.137280998959,0,0,0,0,1,1,113.743492547912,38.3934871016553
101.667552582442,2,10,41,701.409565459978,1.5958648578799,1,0.083299809170824,972.753369691531,405.137280998959,0,0,0,0,1,1,113.743492547912,38.3934871016553
274.043329349582,3,10,41,701.409565459978,1.73544227974004,4,0.083299809170824,972.753369691531,405.137280998959,0,0,0,0,1,1,113.743492547912,38.3934871016553
259.83036904858,3,10,41,701.409565459978,2.44298660800644,3,0.083299809170824,972.753369691531,405.137280998959,0,1.29847431937608,0,13.0015187745652,1,1,113.743492547912,38.3934871016553
18.140277407663,1,12,41,245.247774594051,1.85853318099686,5,0.0334801715897515,1000.03313301984,307.451248406959,-1.29847431937608,0,850.94332605148,28.5083749919232,20284719816.4668,3,113.924339192925,37.5149755045907
450.808817277459,2,10,41,701.409565459978,2.4253774760543,2,0.083299809170824,972.753369691531,405.137280998959,-1.29847431937608,0,13083.3903830263,0,1,1,113.743492547912,38.3934871016553
250.756476805218,3,10,41,701.409565459978,2.36535161172235,3,0.083299809170824,972.753369691531,405.137280998959,0,0,0,0,1,1,113.743492547912,38.3934871016553
248.710633358603,3,10,41,701.409565459978,2.33124572104617,3,0.083299809170824,972.753369691531,405.137280998959,0,0,0,0,1,1,113.743492547912,38.3934871016553
219.701055754518,2,10,41,701.409565459978,2.28925387754896,3,0.083299809170824,972.753369691531,405.137280998959,0,0,0,0,1,1,113.743492547912,38.3934871016553
13.953903812693,2,10,41,701.409565459978,1.85639905499041,1,0.083299809170824,972.753369691531,405.137280998959,0,0,0,0,1,1,113.743492547912,38.3934871016553
266.85173112445,3,10,41,701.409565459978,2.20892465662337,3,0.083299809170824,972.753369691531,405.137280998959,0,0,0,0,1,1,113.743492547912,38.3934871016553
268.970295080147,3,10,41,701.409565459978,2.55943420919638,2,0.083299809170824,972.753369691531,405.137280998959,0,0,0,0,1,1,113.743492547912,38.3934871016553
258.904723871496,3,10,41,701.409565459978,2.35415813417743,4,0.083299809170824,972.753369691531,405.137280998959,0,0,0,0,1,1,113.743492547912,38.3934871016553
10.4041035787686,2,10,41,701.409565459978,1.59958287215035,5,0.083299809170824,972.753369691531,405.137280998959,0,0,0,0,1,1,113.743492547912,38.3934871016553
97.7011832744851,2,10,41,701.409565459978,2.1187304100243,3,0.083299809170824,972.753369691531,405.137280998959,0,0,0,0,1,1,113.743492547912,38.3934871016553
272.057412930117,3,10,41,701.409565459978,2.03655286522673,3,0.083299809170824,972.753369691531,405.137280998959,0,0,0,0,1,1,113.743492547912,38.3934871016553
9.74819180548135,2,10,41,701.409565459978,2.12609031161882,1,0.083299809170824,972.753369691531,405.137280998959,0,1.29847431937608,0,8.01133862929128,1,1,113.743492547912,38.3934871016553
0,3,12,41,245.247774594051,2.57402579676124,2,0.0334801715897515,1000.03313301984,307.451248406959,-1.29847431937608,0,3018.04643411675,0,1,3,113.924339192925,37.5149755045907
20.0206100690499,1,12,41,245.247774594051,2.16971842697943,1,0.0334801715897515,1000.03313301984,307.451248406959,0,1.27871118543434,0,2.83810247294122,1,3,113.924339192925,37.5149755045907
261.178738094704,3,11,41,106.993058546245,2.24138251442867,1,0.083299809170824,984.517086710204,359.053572765422,-1.27871118543434,0.0421541116718622,345.444099238027,0,1.46290471228206,1,113.817012756225,37.9790463567026
248.509768732738,3,11,41,99.4492661462464,2.5272105645838,2,0.083299809170824,987.023658135026,349.234218387496,-1.3208652971062,0,299.879313014972,0,1,1,113.832485308495,37.8907387812202
14.4578351730332,2,11,41,221.889464348227,2.01963664915999,4,0.059178599503395,988.835443521954,342.136649734624,-1.32086529710621,0,110.906653559345,0,1,1,113.843626900843,37.82690881283
8.62296225991175,2,11,41,221.889464348227,2.48632147235367,2,0.059178599503395,988.835443521954,342.136649734624,0,0,0,0,1,1,113.843626900843,37.82690881283
97.7465795797346,2,11,41,221.889464348227,1.77573762321921,3,0.059178599503395,988.835443521954,342.136649734624,0,0,0,0,1,1,113.843626900843,37.82690881283
258.283955146164,3,11,41,221.889464348227,2.400632225301,2,0.059178599503395,988.835443521954,342.136649734624,0,0,0,0,1,1,113.843626900843,37.82690881283
252.794771946824,3,11,41,221.889464348227,1.66544781334611,3,0.059178599503395,988.835443521954,342.136649734624,0,0,0,0,1,1,113.843626900843,37.82690881283
273.135011756976,3,11,41,221.889464348227,1.61955125068323,3,0.059178599503395,988.835443521954,342.136649734624,0,0,0,0,1,1,113.843626900843,37.82690881283
245.329428139083,3,11,41,221.889464348227,2.28936835093034,2,0.059178599503395,988.835443521954,342.136649734624,0,0,0,0,1,1,113.843626900843,37.82690881283
267.719045887568,3,11,41,221.889464348227,2.27948263579667,2,0.059178599503395,988.835443521954,342.136649734624,0,0,0,0,1,1,113.843626900843,37.82690881283
19.7362235913765,1,11,41,221.889464348227,2.25626361718666,2,0.059178599503395,988.835443521954,342.136649734624,0,0,0,0,1,1,113.843626900843,37.82690881283
217.033778925205,2,11,41,221.889464348227,2.41122673266906,3,0.059178599503395,988.835443521954,342.136649734624,0,0,0,0,1,1,113.843626900843,37.82690881283
261.665994337014,3,11,41,221.889464348227,2.387075860358,3,0.059178599503395,988.835443521954,342.136649734624,0,0,0,0,1,1,113.843626900843,37.82690881283
106.820025682709,2,11,41,221.889464348227,1.64901058563057,4,0.059178599503395,988.835443521954,342.136649734624,0,0,0,0,1,1,113.843626900843,37.82690881283
267.644800021996,3,11,41,221.889464348227,2.56748894511607,1,0.059178599503395,988.835443521954,342.136649734624,0,0,0,0,1,1,113.843626900843,37.82690881283
105.05386825072,2,11,41,221.889464348227,2.57558438668529,1,0.059178599503395,988.835443521954,342.136649734624,0,0,0,0,1,1,113.843626900843,37.82690881283
254.239793758514,3,11,41,221.889464348227,2.32814698118525,3,0.059178599503395,988.835443521954,342.136649734624,0,0,0,0,1,1,113.843626900843,37.82690881283
218.159187069517,2,11,41,221.889464348227,2.3045179515432,3,0.059178599503395,988.835443521954,342.136649734624,0,0,0,0,1,1,113.843626900843,37.82690881283
449.714096085071,2,11,41,221.889464348227,2.27977398917767,3,0.059178599503395,988.835443521954,342.136649734624,0,0,0,0,1,1,113.843626900843,37.82690881283
222.345001896882,2,11,41,221.889464348227,2.58811563673558,1,0.059178599503395,988.835443521954,342.136649734624,0,0,0,0,1,1,113.843626900843,37.82690881283
281.994996727774,3,11,41,221.889464348227,2.58624527253007,1,0.059178599503395,988.835443521954,342.136649734624,0,0,0,0,1,1,113.843626900843,37.82690881283
234.148803959219,3,11,41,221.889464348227,2.57538702361985,1,0.059178599503395,988.835443521954,342.136649734624,0,0,0,0,1,1,113.843626900843,37.82690881283
255.812896494908,3,11,41,221.889464348227,2.14193897891589,3,0.059178599503395,988.835443521954,342.136649734624,0,1.25852311061552,0,1.22737206961963,1,1,113.843626900843,37.82690881283
19.6131158427754,1,12,41,245.247774594051,1.84277116642847,2,0.0334801715897515,1000.03313301984,307.451248406959,-1.25852311061552,0,203.34296908428,0,1,3,113.924339192925,37.5149755045907
18.9362601103128,1,12,41,245.247774594051,1.99992587278662,3,0.0334801715897515,1000.03313301984,307.451248406959,0,1.25852311061552,0,1.65180233680168,1,3,113.924339192925,37.5149755045907
315.212089192387,3,11,41,221.889464348227,1.97156377957575,3,0.059178599503395,988.835443521954,342.136649734624,-1.25852311061552,0,551.224387481083,0,1,1,113.843626900843,37.82690881283
217.301672017107,2,11,41,221.889464348227,2.45972403412389,1,0.059178599503395,988.835443521954,342.136649734624,0,0,0,0,1,1,113.843626900843,37.82690881283
262.755914269643,3,11,41,221.889464348227,2.4233839453627,1,0.059178599503395,988.835443521954,342.136649734624,0,0,0,0.0292549524325899,1,1,113.843626900843,37.82690881283
18.4801392784274,1,11,41,252.066961794083,2.36624837045067,1,0.059178599503395,987.651564463402,341.582363035026,0.437881750256831,0,9.74819392856344,0.421116063011882,1,1,113.829292265079,37.8219239927818
11.1927066868496,2,12,41,472.813600167423,1.61068206543353,2,0.059178599503395,979.210493882414,337.630292830208,0.437881750256791,0,213.042958212224,0,1,1,113.727138514001,37.7863821715487
95.7118660134845,2,12,41,648.993845477701,1.57956619525645,8,0.059178599503395,972.027982119925,334.267474043191,0.4378817502568,0,213.042958212221,0,1,1,113.640288146711,37.7561396156292
12.1037233235578,2,12,40,13.9896387719568,2.45323444587486,2,0.059178599503395,947.094735382582,322.593843240723,0.437881750256797,0,213.042958212222,0,1,1,113.339313329492,37.6511561316274
264.229447377203,3,12,40,1.20994616581125,1.72033190648004,3,0.059178599503395,943.687883899613,320.99877113359,0.437881750256803,0,213.042958212222,0,1,1,113.298250682336,37.636811303538
40.5410028738239,2,13,39,289.297407575509,2.35683099919667,2,0.059178599503395,902.604902774028,301.763909385459,0.437881750256797,0,213.042958212222,0,1,1,112.80425702842,37.4638280359685
29.881740072853,1,13,39,376.412780884819,2.078546187039,1,0.059178599503395,872.99907662453,287.902598513593,0.437881750256797,0,213.042958212222,0,1,1,112.449616706771,37.3391702724342
13.3003100196654,2,13,39,403.327261630651,1.84413337927201,8,0.059178599503395,872.323874136173,287.586471831455,0.437881750256753,0,213.042958212231,0,1,1,112.4415418119,37.3363272768797
7.96383003761275,2,13,38,348.578407693071,1.88288668077682,8,0.059178599503395,858.740760129114,281.226920677263,0.437881750256799,0,213.042958212222,0,1,1,112.279223179479,37.2791344593106
262.687950922707,3,13,38,193.01483673341,2.2288800846901,2,0.059178599503395,849.630012843868,276.961310936866,0.437881750256792,0,213.042958212222,0,1,1,112.170482712327,37.240772909291
225.332868224937,2,13,38,187.122274380179,2.21959433270089,2,0.059178599503395,846.108380062002,275.312498756468,0.4378817502568,0,213.042958212222,0,1,1,112.128479264816,37.2259447851117
216.721223669479,2,14,38,321.953932319506,1.96009999239504,1,0.059178599503395,829.170379689195,267.382205322679,0.4378817502568,0,213.042958212222,0,1,1,111.926678575512,37.1546259428488
303.600170134202,3,14,38,364.466011671484,1.97441527450897,8,0.059178599503395,826.430814624782,266.099553630415,0.437881750256786,0,213.042958212224,0,1,1,111.894073919363,37.1430907790516
248.930515665274,3,14,37,79.0986070942489,1.8830600431712,1,0.059178599503395,799.260616602606,253.378592582619,0.437881750256797,0,213.042958212222,0,1,1,111.571234272162,37.0286884278683
267.295935946911,3,14,37,26.4454191020537,1.85874031105857,1,0.059178599503395,790.164940656308,249.12003917341,0.437881750256801,0,213.042958212221,0,1,1,111.463370906721,36.9903903369597
270.281608268319,3,14,37,493.872893997624,1.81210315766758,1,0.059178599503395,772.638210716312,240.914105279224,0.437881750256795,0,213.042958212223,0,1,1,111.25582646423,36.9165926004819
223.899303896975,2,15,36,562.736681556651,2.17192658748786,8,0.059178599503395,758.582816729491,234.333434822872,0.437881750256799,0,213.042958212222,0,1,1,111.089674246773,36.8574112092536
18.7821023929735,1,15,36,327.159356880887,1.96760396988582,2,0.059178599503395,753.353088725883,231.884900359849,0.437881750256794,0,213.042958212222,0,1,1,111.027917361391,36.8353910097992
261.282540563375,3,15,35,510.321679871401,1.85036835706112,2,0.059178599503395,709.047440123931,211.141200604598,0.437881750256797,0,213.042958212222,0,1,1,110.5061345633,36.6488384360334
257.930703333804,3,16,35,241.081295253969,2.3686070582728,8,0.059178599503395,689.415986946565,201.949845025332,0.437881750256797,0,213.042958212222,0,1,1,110.275745973486,36.5661785894322
257.749850807949,3,16,35,214.262575432252,2.39867959206716,8,0.059178599503395,677.774121803873,196.499177610873,0.437881750256796,0,213.042958212222,0,1,1,110.139355318281,36.5171595597072
244.012891647598,3,16,34,69.7399868587269,2.22634445786379,8,0.059178599503395,638.688866214766,178.199641719145,0.437881750256797,0,213.042958212222,0,1,1,109.682728451021,36.35258787965
102.055453819996,2,16,34,189.723740980074,2.65967335426573,7,0.059178599503395,630.677052401334,174.448547547521,0.437881750256796,0,213.042958212223,0,1,1,109.589370866934,36.3188534793063
266.522705111092,3,17,33,401.462532315607,2.69410675448043,7,0.059178599503395,604.1006705667,162.005608492245,0.437881750256798,0,213.042958212222,0,1,1,109.280282225588,36.2069514399709
269.395227359805,3,17,33,105.47879547356,2.69463880236569,7,0.059178599503395,576.72955091869,149.190576868526,0.437881750256796,0,213.042958212222,0,1,1,108.962902217405,36.0917030917734
256.176879026931,3,17,33,359.672521809727,2.69102204363337,7,0.059178599503395,568.831940229099,145.492952071278,0.437881750256794,0,213.042958212223,0,1,1,108.871505498314,36.058449553066
95.8507475459758,2,17,32,468.59754981483,2.20397403655001,6,0.059178599503395,550.305523315415,136.818969359711,0.437881750256796,0,213.042958212223,0,1,1,108.657420224121,35.9804425524472
218.824300698241,2,18,32,124.283500078193,2.66791321359334,7,0.059178599503395,535.315450171384,129.800686444983,0.437881750256798,0,213.042958212221,0,1,1,108.484523573028,35.9173256178306
254.115005555378,3,18,32,209.711206842149,1.89727706066724,8,0.059178599503395,521.780146691691,123.463519958573,0.4378817502568,0,213.042958212222,0,1,1,108.328655167436,35.8603341104152
257.251340908741,3,18,32,512.342784965307,2.31471491067263,6,0.059178599503395,512.81253621811,119.264926211368,0.437881750256794,0,213.042958212223,0,1,1,108.225516962018,35.8225752497019
288.876709722692,3,18,31,329.564746270316,2.42093023912084,6,0.059178599503395,476.569869266486,102.296277172317,0.437881750256797,0,213.042958212222,0,1,1,107.809739061898,35.6699725226612
476.743714852706,2,19,31,589.459537563772,2.46295730416347,6,0.059178599503395,462.866823650356,95.880574593459,0.437881750256796,0,213.042958212224,0,1,1,107.652978022091,35.612274723198
11.0380704833334,2,19,31,685.224187885237,2.46999761746709,6,0.059178599503395,460.205284247276,94.6344541549503,0.437881750256813,0,213.042958212216,0,1,1,107.622558430221,35.6010680928587
222.209757039402,3,19,30,7.60758215951981,1.65522340849691,8,0.059178599503395,433.226630029587,82.0031730304976,0.437881750256795,0,213.042958212222,0,1,1,107.314726027592,35.4874722526022
269.762936497522,3,19,30,492.000124108152,2.59301546749836,6,0.059178599503395,414.495274730792,73.2332391148922,0.437881750256801,0,213.042958212222,0,1,1,107.101548909407,35.4086023420744
20.5003686062347,1,19,29,709.687637893287,2.37800430570459,7,0.059178599503395,403.079351693449,67.8883567491423,0.437881750256794,0,213.042958212222,0,1,1,106.971848785469,35.3605346601482
271.357533938776,3,20,29,547.066272106084,2.64019766180912,6,0.059178599503395,399.921019214391,66.4096400902023,0.437881750256806,0,213.042958212222,246.687380719969,1.01052820590659,1,106.93599557682,35.3472362417441
0,3,10,41,634.651802517981,2.49175854944952,6,0.0727840201957452,972.88262838317,402.982973667739,0.53112362689001,0.00429867336518852,14750.177324404,0,42.3231428865839,3,113.742101690285,38.3741129503678
263.965837578405,3,20,29,139.64456312983,2.69689877935667,6,0.059178599503395,370.796919401619,52.7738712611351,0.526824953524822,0.088943203268024,6577.4750463814,0,1.00003273473874,1,106.605986378046,35.2246068265311
100,2,20,29,288.359114910941,2.48551937076954,8,0.059178599503395,365.484858984599,50.2867891429519,0.437881750256798,0,213.042958212223,0,1,1,106.545912574318,35.2022399596854
262.319768685981,3,20,29,346.644120494377,2.70800127319063,6,0.059178599503395,363.884639969795,49.5375740014703,0.437881750256807,0,213.042958212228,0,1,1,106.52782291243,35.1955021060432
46.1401085635414,2,20,28,504.125694986651,2.73594699581931,6,0.059178599503395,352.977608848595,44.4309524771577,0.4378817502568,0,213.042958212221,0,1,1,106.40461238784,35.1495771553426
263.999839070227,3,20,28,365.610602069768,2.74143860403252,6,0.059178599503395,348.60656146723,42.384448309944,0.437881750256786,0,213.042958212227,0,1,1,106.355278189615,35.1311725012008
13.752005064965,2,21,28,666.117671034484,2.3181713445582,8,0.059178599503395,306.270802362187,22.5630417061149,0.437881750256796,0,213.042958212222,0,1,1,105.878726351295,34.9529143090155
258.375337925093,3,21,27,379.388987647822,2.30400521089418,8,0.059178599503395,299.775590735862,19.5220136639845,0.437881750256803,0,213.042958212221,0,1,1,105.805817496607,34.9255656867906
221.742239191028,2,21,27,238.082962880315,2.77476272842998,6,0.059178599503395,295.879994341877,17.6981134500309,0.437881750256802,0,213.042958212218,0,1,1,105.762115450789,34.9091629580961
279.564483791999,3,21,27,53.8086053610349,2.26622500193592,8,0.059178599503395,286.950717165114,13.5174671750991,0.437881750256794,0,213.042958212224,0,1,1,105.662017764686,34.8715655028786
22.2759567509064,2,21,27,52.7504017902501,2.24297651541341,8,0.059178599503395,279.063380378623,9.82465257176403,0.437881750256797,0,213.042958212222,0,1,1,105.573685765796,34.8383552232843
4.61074546382108,2,22,26,750.028169288481,2.29399969472291,5,0.059178599503395,252.738329174269,-2.50061464485651,0.437881750256796,0,213.042958212222,0,1,1,105.279446212719,34.727511432218
460.75538866615,2,22,26,535.664405611654,2.3055082127798,5,0.059178599503395,248.864500955333,-4.31432309993335,0.437881750256812,0,213.042958212221,0,1,1,105.236223169867,34.7112003602132
255.17274671816,3,22,26,10.8121126772017,2.67897683953818,6,0.059178599503395,227.512979888063,-14.3110065096837,0.437881750256796,0,213.042958212222,0,1,1,104.998336238374,34.621298026434
195.167464963461,3,22,26,131.305529823359,2.65689088753129,6,0.059178599503395,218.148729988022,-18.6953050018412,0.437881750256795,0,213.042958212222,0,1,1,104.894190266896,34.581869082826
101.492004644311,2,22,26,492.963079709466,2.63229495852949,6,0.059178599503395,208.212663877315,-23.3473251990977,0.437881750256798,0,213.042958212222,0,1,1,104.783808337038,34.5400324600804
263.420204026873,3,22,25,471.828149694186,2.61087966560898,6,0.059178599503395,196.735998408075,-28.7206468905194,0.437881750256798,0,213.042958212223,0,1,1,104.656469923037,34.4917090171539
245.843910531086,3,22,25,352.595727219863,1.65753641391677,4,0.059178599503395,189.671678438927,-32.0281288265492,0.437881750256798,0,213.042958212222,0,1,1,104.578172741208,34.4619641174914
13.8371454717355,2,23,25,178.544123693879,1.69457883055012,4,0.059178599503395,177.988053749735,-37.4983478675354,0.437881750256798,0,213.042958212222,0,1,1,104.448818794147,34.4127692557647
39.5969612650768,2,23,25,222.343172080715,1.68851889450618,7,0.059178599503395,165.631749148169,-43.283512532251,0.437881750256794,0,213.042958212222,0,1,1,104.312208776121,34.3607420199969
275.07380642361,3,23,25,247.355870673199,1.68513001378703,7,0.059178599503395,164.388875021591,-43.865420449838,0.437881750256798,0,213.042958212223,0,1,1,104.298478581587,34.3555087963675
260.548789165973,3,23,25,345.558330676744,2.57405505535122,5,0.059178599503395,160.641909657502,-45.6197323030349,0.437881750256799,0,213.042958212221,0,1,1,104.257097409686,34.3397318908365
271.488289417892,3,23,24,166.516736541222,2.63960044573134,5,0.059178599503395,139.519768923835,-55.5090209015106,0.437881750256797,0,213.042958212222,0,1,1,104.024164776002,34.2507953817988
255.353229397316,3,23,24,120.947143465826,2.64703785969196,5,0.059178599503395,136.723771561949,-56.818093934444,0.437881750256788,0,213.042958212226,0,1,1,103.993373923538,34.2390226051763
270.8771135009,3,24,24,495.773841619026,1.88350471605598,4,0.059178599503395,112.791909156624,-68.0228812242113,0.437881750256798,0,213.042958212222,0,1,1,103.730237094003,34.1382555321822
21.6328764466077,1,24,23,771.5744090098,2.74717066830356,5,0.059178599503395,101.749180899596,-73.1930355198991,0.437881750256796,0,213.042958212221,0,1,1,103.609068422294,34.0917592175418
103.497139462214,2,24,23,473.413149889334,2.7589417954344,5,0.059178599503395,96.2976467806741,-75.7454185802262,0.437881750256795,0,213.042958212225,0,1,1,103.549308259063,34.0688050852144
220.842950974737,2,24,23,0.409467111193082,1.65667011827273,8,0.059178599503395,77.1303781159795,-84.7194451175816,0.437881750256797,0,213.042958212221,0,1,1,103.339499189748,33.9880997256431
224.02879886792,2,24,23,16.2270187513684,2.80166308735728,5,0.059178599503395,72.95196415493,-86.675759208362,0.437881750256792,0,213.042958212223,0,1,1,103.293824231093,33.9705061703451
11.5927259912433,2,24,23,76.7423961558742,2.80789061435225,5,0.059178599503395,68.6628824796827,-88.6838874110753,0.437881750256815,0,213.04295821222,0,1,1,103.246962949591,33.9524466395436
266.920490349966,3,24,23,436.438870608476,2.43612208412187,7,0.059178599503395,57.6748113830539,-93.8284514770617,0.437881750256796,0,213.042958212222,0,1,1,103.127018603842,33.9061804633678
249.12399700264,3,24,23,737.813417169868,2.8262452519795,5,0.059178599503395,51.99463216606,-96.4878851147885,0.437881750256787,0,213.042958212225,0,1,1,103.065075526438,33.8822636020687
95.5812196365137,2,25,22,193.337533956438,2.1170940119593,6,0.059178599503395,31.4706955361137,-106.097097318685,0.437881750256798,0,213.042958212221,0,1,1,102.841605976156,33.7958458805604
272.200121790589,3,25,22,529.418626680846,2.26603877465293,7,0.059178599503395,2.50989277175586,-119.656411224958,0.437881750256796,0,213.042958212222,0,1,1,102.527197370296,33.673904040987
286.886225167687,3,25,21,513.168773912038,2.83223518427166,5,0.059178599503395,-3.13959655839574,-122.30147599961,0.437881750256803,0,213.042958212223,0,1,1,102.4659905469,33.650116401978
13.4240189023743,2,25,21,173.153458357561,1.95777936499793,6,0.059178599503395,-22.8994714802982,-131.552958045699,0.437881750256794,0,213.042958212223,0,1,1,102.252234734462,33.5669158250698
96.3867335831189,2,25,21,239.86203991662,1.9428711395175,6,0.059178599503395,-27.9937000469048,-133.938052299023,0.437881750256809,0,213.042958212218,0,1,1,102.197208644366,33.5454661571282
282.259664779297,3,26,21,544.143572928206,2.73625052492203,5,0.059178599503395,-46.6215673900581,-142.659533632444,0.437881750256799,0,213.042958212221,0,1,1,101.996281658317,33.4670319911405
101.222759003585,2,26,20,203.883489105012,2.70247195450827,5,0.059178599503395,-62.4317264617439,-150.061776985481,0.437881750256794,0,213.042958212224,0,1,1,101.826098386233,33.400462017344
9.94663394909175,2,26,20,16.0469595202589,2.67087875308804,5,0.059178599503395,-73.5399644490888,-155.262602633911,0.437881750256804,0,213.042958212218,0,1,1,101.706720101583,33.3536898686015
101.619363257357,2,26,20,54.7523267038415,2.64996685499101,5,0.059178599503395,-80.7216060800658,-158.625014029379,0.437881750256793,0,213.042958212225,0,1,1,101.629624908052,33.3234509764422
204.982533996722,2,26,20,94.7734965196378,1.78034598117512,6,0.059178599503395,-83.0739413936735,-159.726366543311,0.437881750256776,0,213.042958212231,0,1,1,101.604386952908,33.3135462753271
253.686486878462,3,26,20,175.336542759957,1.99663325647092,7,0.059178599503395,-86.4338457002932,-161.299458199616,0.437881750256808,0,213.042958212218,0,1,1,101.56835126591,33.299399122181
313.268637047242,3,26,20,546.533558129154,2.53771639828404,4,0.059178599503395,-95.8254202188948,-165.696549951803,0.437881750256789,0,213.042958212226,0,1,1,101.467701812083,33.2598551260215
258.038938661139,3,26,20,631.95578285019,1.73992497496904,6,0.059178599503395,-97.4389277637126,-166.451986721575,0.437881750256817,0,213.04295821221,0,1,1,101.450421303674,33.2530613199319
255.533914287915,3,27,19,749.674089433155,2.57568250569016,5,0.059178599503395,-105.450404266453,-170.202922965894,0.4378817502568,0,213.042958212223,0,1,1,101.364668865384,33.2193283398625
247.959136392429,3,27,19,44.7157880240096,2.48863997608222,5,0.059178599503395,-133.36720928712,-183.273441957215,0.437881750256794,0.00142085505387501,213.042958212222,77.5386661709679,1.05263071048296,1,101.066502151464,33.1017823385678
17.1717862832942,1,12,40,170.475808242877,2.40602974553258,5,0.0727840201957452,956.128306285363,324.937221951104,0.436460895202919,0,40601.5745428689,0,31.1882793644628,3,113.445784807298,37.6722306426784
263.544514621815,3,28,17,585.742249844669,2.51012202135582,6,0.059178599503395,-205.499328848124,-217.045366713947,0.436549179177551,0,3723.66216668132,0,1.00000001273961,1,100.300742555336,32.7980641224959
272.886896858821,3,28,17,68.8174505891948,2.4552956422555,6,0.059178599503395,-222.652397044169,-225.076353907857,0.437881750256798,0,213.042958212225,0,1,1,100.119631371365,32.7258397194925
98.189367448682,2,28,17,105.636699510081,2.91304998774033,4,0.059178599503395,-233.105942679937,-229.970655625327,0.437881750256802,0,213.042958212219,0,1,1,100.009443275965,32.6818242066885
264.963396812114,3,29,16,670.649002932283,2.339723375896,6,0.059178599503395,-257.889384667501,-241.574148536817,0.437881750256794,0,213.042958212223,0,1,1,99.7487702760726,32.5774714878942
258.976307942075,3,29,16,116.842074093741,2.90905167233714,4,0.059178599503395,-271.643802998395,-248.013903583121,0.437881750256792,0,213.042958212223,0,1,1,99.6044424833755,32.5195573793945
10.2538021984616,2,29,16,3.87921775281892,2.89142067030397,4,0.059178599503395,-281.706840177117,-252.725371047162,0.437881750256807,0,213.042958212222,0,1,1,99.4990035311643,32.4771861345346
290.676344212662,3,29,16,143.846880858611,2.86961563834013,4,0.059178599503395,-292.002059438307,-257.545545088339,0.437881750256795,0,213.04295821222,0,1,1,99.3912668823297,32.4338372679394
259.784904011683,3,29,16,498.607669226025,2.31920032176874,3,0.059178599503395,-301.427437469878,-261.958463488952,0.4378817502568,0,213.042958212225,0,1,1,99.2927526696778,32.3941509393111
285.312243959316,3,29,15,396.105622383848,2.3834768909412,3,0.059178599503395,-320.608357271951,-270.938881425689,0.437881750256795,0,213.042958212222,0,1,1,99.092626972356,32.3133881005042
9.71384055384301,2,30,15,156.484019335147,2.76804992271468,4,0.059178599503395,-330.71463935277,-275.670595952878,0.437881750256804,0,213.042958212223,0,1,1,98.9873729972798,32.2708347694308
257.431138365644,3,30,15,174.102110147376,2.46132394880835,3,0.059178599503395,-342.733953401099,-281.297983199199,0.437881750256788,0,213.042958212221,0,1,1,98.8623667339437,32.220226460076
99.197091131596,2,30,14,425.995279478421,2.67607278369975,4,0.059178599503395,-361.926786701962,-290.283978980969,0.437881750256802,0,213.042958212222,0,1,1,98.6631387049504,32.1394134585036
97.7114208412002,2,30,14,218.723729944917,2.54935971933812,3,0.059178599503395,-368.637469918135,-293.425889824878,0.437881750256794,0,213.042958212226,0,1,1,98.5935915931283,32.1111575754456
244.059088671643,3,31,14,432.157247314643,2.55918690852861,4,0.059178599503395,-395.868853972831,-306.175497890104,0.437881750256798,0,213.042958212222,0,1,1,98.3119709602105,31.996497595445
262.303780925624,3,31,14,557.123503514009,1.66376318333526,5,0.059178599503395,-402.215602046086,-309.147015983353,0.437881750256781,0.165263659969716,213.042958212216,643.434275574928,1.01036314112667,1,98.2464717089136,31.9697740912087
21.2657370607308,1,20,39,44.341837102187,2.42297407857782,4,0.0581852237094535,898.046688746083,54.3787669262557,0.272618090287065,0,76408.5697902942,0,128.088477256072,3,112.446423172539,35.23904
105.31693490995,2,31,13,159.112441531862,1.83171223754397,6,0.059178599503395,-421.455940808032,-318.155253602282,0.275167189702422,0,16710.201087498,121.034946648711,274216614073.72,1,98.0482262178607,31.8887610639892
0,3,20,39,44.341837102187,2.47487325630026,3,0.0581852237094535,898.046688746083,54.3787669262557,0.275167189702422,0,52461.7923133999,121.247999998771,270.494384965197,3,112.446423172539,35.23904
255.438500914693,3,31,13,7.89807247850885,1.80500873525724,6,0.059178599503395,-430.670704568114,-322.469563375106,0.276360624088187,0,63869.4827871937,0,1.00013601496079,1,97.9534496038141,31.8499615440559
254.467000529668,3,31,13,156.053107263222,2.80388167250298,3,0.059178599503395,-444.019070866039,-328.719206737625,0.437881750256794,0,213.042958212221,0,1,1,97.8163517408473,31.7937571510039
270.733786064349,3,31,12,705.947587486507,1.71366392359576,6,0.059178599503395,-462.848068500854,-337.534856343344,0.437881750256795,0,213.042958212223,0,1,1,97.6233540799133,31.7144761093976
264.803047790414,3,31,12,630.235968151167,2.87702592011326,3,0.059178599503395,-465.87515781915,-338.952125561434,0.437881750256786,0,213.042958212217,0,1,1,97.5923689812778,31.7017303011052
19.1644638195115,1,32,12,109.285521642366,2.28034011699486,4,0.059178599503395,-481.068662826646,-346.065654333734,0.437881750256803,0,213.042958212223,0,1,1,97.4370276111012,31.6377567999127
37.4725832723967,2,32,12,56.6837194119803,2.51411415529622,5,0.059178599503395,-487.693675606133,-349.167454675425,0.43788175025679,0,213.042958212222,0,1,1,97.3693853367574,31.6098616392674
215.460553712927,3,32,12,312.367389215671,2.07816888271649,2,0.059178599503395,-502.118919120276,-355.921286969861,0.437881750256805,0,213.04295821222,0,1,1,97.2222973438531,31.549122966216
247.440282107612,3,32,12,569.840991087057,2.97759361322148,3,0.059178599503395,-508.153121525133,-358.746472626735,0.437881750256783,0,213.042958212225,0,1,1,97.1608487429647,31.5237154611964
253.779993659411,3,32,11,389.986375316936,2.16762082905039,4,0.059178599503395,-516.935449707099,-362.858318061964,0.437881750256793,0,213.042958212225,0,1,1,97.0714987795191,31.4867367467954
273.221576325194,3,32,11,251.559512480696,2.14891708121655,4,0.059178599503395,-522.874995947288,-365.63918614034,0.437881750256812,0,213.042958212215,0,1,1,97.0111271635784,31.4617277993345
267.738850718697,3,32,11,203.977593854024,2.1581997657085,2,0.059178599503395,-527.371252443495,-367.744312636013,0.437881750256767,0,213.042958212226,0,1,1,96.965455885884,31.442795941927
254.140887565722,3,33,11,342.478334602017,2.96841822374666,3,0.059178599503395,-549.874774286604,-378.280357480837,0.437881750256799,0,213.042958212222,0,1,1,96.7372651581144,31.3480430142282
269.665226897657,3,33,10,667.815617974793,2.27419681904048,2,0.059178599503395,-561.34812367723,-383.652126599589,0.4378817502568,0,213.042958212224,0,1,1,96.6211740616634,31.2997335339232
231.455901543205,3,33,10,173.492735300083,2.23182683290813,5,0.059178599503395,-573.276563236849,-389.236966830604,0.437881750256796,0,213.04295821222,0,1,1,96.5006581096421,31.2495078590697
250.511107985486,3,33,10,78.2160079263476,2.32734359544159,2,0.059178599503395,-577.709532235587,-391.312462412675,0.437881750256803,0,213.042958212227,0,1,1,96.4559174775406,31.2308424788702
260.660191522077,3,33,10,593.563098071554,2.12839595980012,5,0.059178599503395,-605.899430739915,-404.510842509948,0.437881750256796,0,213.042958212221,0,1,1,96.1719979078958,31.1121465950242
10.8556028202224,2,33,10,871.11682454304,2.11352988383137,5,0.059178599503395,-610.648731435169,-406.734443129248,0.437881750256783,0,213.042958212222,0,1,1,96.124265298551,31.0921492742254
263.826918748113,3,34,9,137.146174423851,2.73308396684609,3,0.059178599503395,-629.205048273717,-415.422424847344,0.437881750256799,0,213.042958212223,0,1,1,95.9380446650942,31.0140163775163
311.148638473089,3,34,9,67.1387365756412,2.67727933295437,3,0.059178599503395,-645.594456752503,-423.095870093671,0.437881750256798,0,213.042958212221,0,1,1,95.7739389910758,30.9450074264978
253.781084738453,3,34,9,123.159063300519,1.99173636412841,5,0.059178599503395,-648.503500254024,-424.457870806327,0.437881750256798,0,213.042958212222,0,1,1,95.7448471792505,30.9327586598161
6.55509508317476,2,34,9,608.088802026855,2.62420421673216,3,0.059178599503395,-661.178802753256,-430.392388811317,0.437881750256794,0,213.042958212225,0,1,1,95.6182154569328,30.8793882571901
227.953811581119,3,34,8,308.523222358131,1.89329365639395,5,0.059178599503395,-681.444046112962,-439.880482022582,0.437881750256796,0,213.042958212221,0,1,1,95.4161871613333,30.7940597849515
5.07303763330706,2,35,8,305.404413153603,2.70063609465093,2,0.059178599503395,-683.566582590212,-440.874243784185,0.437881750256853,0,213.042958212221,0,1,1,95.3950577907952,30.785122670718
288.168524589817,3,35,8,184.491334667732,1.80825555802793,1,0.059178599503395,-690.898378983191,-444.306956944734,0.437881750256789,0,213.042958212224,0,1,1,95.322116087375,30.754251539596
98.177021985591,2,35,8,175.199534955667,2.74126690777811,2,0.059178599503395,-695.400155542544,-446.41466790844,0.437881750256799,0.0422955522873456,213.042958212214,661.692740390191,1.00542303833284,1,95.2773636795416,30.735296439509
0,3,14,41,86.0380630452629,2.40934335438013,2,0.052490059145587,1000.04806175892,261.604658160892,0.395586197969453,0,55792.5038383797,0,221.751782136196,3,113.861401195393,37.1026672129307
261.484249556464,3,35,8,503.922571410221,2.79290482288894,2,0.059178599503395,-710.475803860875,-453.473016723977,0.395965841281377,0,41013.9145981537,0,1.00001333044946,1,95.1276860359425,30.6718191835898
4.45519349032183,2,35,7,72.9473485085454,2.36676020054531,3,0.059178599503395,-736.762145952232,-465.780160512928,0.437881750256795,0,213.042958212223,0,1,1,94.8674043900801,30.5611383804243
223.861483204401,2,35,7,127.428554774094,1.71037396144954,5,0.059178599503395,-742.572063052371,-468.500336827487,0.437881750256808,0,213.042958212219,0,1,1,94.8099960281126,30.5366752471084
20.5703122540146,1,36,6,157.299153610046,3.03495078534409,2,0.059178599503395,-779.320190805418,-485.705640275933,0.437881750256795,0,213.042958212222,0,1,1,94.4478920348938,30.3819442358326
285.811056078563,3,36,6,26.126760372754,2.13163605783126,1,0.059178599503395,-795.26262103202,-493.169812371929,0.437881750256801,0,213.042958212223,0,1,1,94.2913419040985,30.3148173234704
254.269708217413,3,36,6,264.181619525,2.39276983798172,4,0.059178599503395,-805.375736214152,-497.904726125548,0.4378817502568,0.0396741227351116,213.042958212222,81.1898589152159,1.01146305477111,1,94.192203802786,30.2722352210625
18.8987249573626,1,14,41,86.0380630452629,2.58651893052074,2,0.052490059145587,1000.04806175892,261.604658160892,0.398207627521688,0,15533.1134909189,22.790600878427,91.3752752097744,3,113.861401195393,37.1026672129307
212.998280828771,2,37,5,94.681381063106,2.01124544775214,3,0.059178599503395,-844.631229577376,-516.283966555742,0.399066386552796,0,25878.8698167578,0,1.00000413940884,1,93.8086341095472,30.10694674087
9.58953311431633,2,37,5,196.853177923765,2.9344216552977,2,0.059178599503395,-854.706312477792,-521.001073770968,0.437881750256793,0,213.042958212223,0,1,1,93.7105096757205,30.0645247765091
95.4096386942057,2,37,5,520.988829034005,2.90125314534026,2,0.059178599503395,-864.229725686459,-525.45989178807,0.437881750256794,0,213.042958212222,0,1,1,93.6178784108998,30.0244256627127
258.377267670225,3,37,4,398.998490469658,1.92586284738168,3,0.059178599503395,-872.833387433478,-529.488086424815,0.437881750256808,0,213.042958212219,0,1,1,93.5342937886704,29.988199238016
231.204722453304,3,37,4,145.592227907249,2.81667422853001,2,0.059178599503395,-888.907224058986,-537.013782389004,0.437881750256794,0,213.042958212224,0,1,1,93.3783920032849,29.9205190282143
265.606098017541,3,37,4,182.645236418117,2.80195216889876,2,0.059178599503395,-893.068080762963,-538.961876253228,0.437881750256788,0,213.042958212225,0,1,1,93.3380896869307,29.9029993991897
8.58207851115906,2,38,4,438.817800114515,2.51970427289786,1,0.059178599503395,-908.792600967724,-546.324023884865,0.437881750256806,0,213.042958212218,0,1,1,93.1859825189195,29.8367900148788
254.746506497275,3,38,4,559.797624915415,2.72337713574918,2,0.059178599503395,-913.409246512206,-548.485515976122,0.437881750256775,0,213.042958212224,0,1,1,93.141385084942,29.8173512494919
90.6781545375666,2,38,3,81.1430437950765,2.65062101434867,2,0.059178599503395,-934.444198570092,-558.333983239857,0.437881750256795,0,213.042958212224,0,1,1,92.938532271959,29.7287818555373
465.310675449614,2,38,3,25.6271659851786,1.70646657210332,3,0.059178599503395,-945.96217517801,-563.726646615338,0.437881750256803,0,213.042958212219,0,1,1,92.8276990625192,29.6802844686671
254.46020031379,3,38,3,88.7410039930275,2.595387464834,2,0.059178599503395,-950.308338623652,-565.761500238938,0.437881750256767,0,213.04295821223,0,1,1,92.7859219799226,29.6619845903813
259.873189900021,3,38,3,96.5650614679823,2.57481934272556,2,0.0499761239734417,-950.693936224662,-565.942035252285,0.437881750257192,0.437881750257192,13.8296268093145,0,1,1,92.7822166355012,29.660361
248.303101341779,3,38,3,96.5650614679823,2.42101669603747,2,0.0499761239734417,-950.693936224662,-565.942035252285,0,0,0,0,1,1,92.7822166355012,29.660361
285.627274308116,3,38,3,96.5650614679823,2.86041641922984,1,0.0499761239734417,-950.693936224662,-565.942035252285,0,0,0,1668.61884673902,1,1,92.7822166355012,29.660361
20.0780421779012,1,14,41,86.0380630452629,1.82871834136538,4,0.052490059145587,1000.04806175892,261.604658160892,0.401211064846624,0,138446.210042746,0,423803155838.938,3,113.861401195393,37.1026672129307
9.17651334214828,2,38,3,96.5650614679823,1.72203445261181,4,0.0499761239734417,-950.693936224662,-565.942035252285,0.401211064846624,0.401211064846624,41600.4985532902,0,1,1,92.7822166355012,29.660361
249.997851356155,3,38,3,96.5650614679823,2.95808166218763,1,0.0499761239734417,-950.693936224662,-565.942035252285,0,0,0,0,1,1,92.7822166355012,29.660361
218.244033033855,2,38,3,96.5650614679823,2.55365881101772,3,0.0499761239734417,-950.693936224662,-565.942035252285,0,0,0,0,1,1,92.7822166355012,29.660361
279.951742608304,3,38,3,96.5650614679823,2.50212490339543,3,0.0499761239734417,-950.693936224662,-565.942035252285,0,0,0,0,1,1,92.7822166355012,29.660361
259.460413527904,3,38,3,96.5650614679823,2.47589519097998,3,0.0499761239734417,-950.693936224662,-565.942035252285,0,0,0,0,1,1,92.7822166355012,29.660361
99.0310503537728,2,38,3,96.5650614679823,1.57809304453392,4,0.0499761239734417,-950.693936224662,-565.942035252285,0,0,0,152.99731447866,1,1,92.7822166355012,29.660361
0,3,14,41,181.667194389363,2.3490455008226,3,0.052490059145587,1000.94029277183,266.034809563199,0.402969150686616,0,19219.0008025107,185.045757172683,424314111671.995,3,113.877641315575,37.1425085216666
7.40570876285994,2,38,3,96.5650614679823,3.08875957977149,1,0.0499761239734417,-950.693936224662,-565.942035252285,0.402969150686616,0,92756.407031067,0,469.021750893588,1,92.7822166355012,29.660361
0,3,13,41,244.964803640072,2.13630588745011,2,0.052490059145587,1002.72861219361,274.914265309051,0.406480178503407,0,84860.765150791,0,425342166772.242,3,113.91022452911,37.222363385677
98.9406511145432,2,38,3,96.5650614679823,3.04811597570798,1,0.0499761239734417,-950.693936224662,-565.942035252285,0.406480178503407,0.406480178503407,55301.5090845845,0,1,1,92.7822166355012,29.660361
225.634543866772,2,38,3,96.5650614679823,2.00310065126384,2,0.0499761239734417,-950.693936224662,-565.942035252285,0,0,0,0,1,1,92.7822166355012,29.660361
284.489765471252,3,38,3,96.5650614679823,2.96104095084816,1,0.0499761239734417,-950.693936224662,-565.942035252285,0,0,0,0,1,1,92.7822166355012,29.660361
248.496014732333,3,38,3,96.5650614679823,2.93237242631943,1,0.0499761239734417,-950.693936224662,-565.942035252285,0,0,0,0,1,1,92.7822166355012,29.660361
101.877959289815,2,38,3,96.5650614679823,2.18884700521425,3,0.0499761239734417,-950.693936224662,-565.942035252285,0,0,0,0,1,1,92.7822166355012,29.660361
92.0194823147442,2,38,3,96.5650614679823,2.83206486835535,1,0.0499761239734417,-950.693936224662,-565.942035252285,0,0,0,0,1,1,92.7822166355012,29.660361
13.1543836944141,2,38,3,96.5650614679823,2.06269943782555,3,0.0499761239734417,-950.693936224662,-565.942035252285,0,0,0,0,1,1,92.7822166355012,29.660361
98.8027830089204,2,38,3,96.5650614679823,1.97983191191872,3,0.0499761239734417,-950.693936224662,-565.942035252285,0,0,0,0,1,1,92.7822166355012,29.660361
4.87778428454047,2,38,3,96.5650614679823,1.93872183331856,3,0.0499761239734417,-950.693936224662,-565.942035252285,0,0,0,0,1,1,92.7822166355012,29.660361
109.256016306382,2,38,3,96.5650614679823,2.59300397768364,1,0.0499761239734417,-950.693936224662,-565.942035252285,0,0,0,0,1,1,92.7822166355012,29.660361
4.91355811248746,2,38,3,96.5650614679823,1.6750308884546,2,0.0499761239734417,-950.693936224662,-565.942035252285,0,0,0,0,1,1,92.7822166355012,29.660361
296.059170007463,3,38,3,96.5650614679823,1.89301467425128,3,0.0499761239734417,-950.693936224662,-565.942035252285,0,0,0,0,1,1,92.7822166355012,29.660361
275.408903549887,3,38,3,96.5650614679823,2.53656196605897,1,0.0499761239734417,-950.693936224662,-565.942035252285,0,0,0,0,1,1,92.7822166355012,29.660361
259.635334811658,3,38,3,96.5650614679823,1.86425883623288,3,0.0499761239734417,-950.693936224662,-565.942035252285,0,0,0,0,1,1,92.7822166355012,29.660361
278.983089568876,3,38,3,96.5650614679823,1.62331005391531,8,0.0499761239734417,-950.693936224662,-565.942035252285,0,0,0,0,1,1,92.7822166355012,29.660361
99.3330714220745,2,38,3,96.5650614679823,2.45736111254456,1,0.0499761239734417,-950.693936224662,-565.942035252285,0,0,0,0,1,1,92.7822166355012,29.660361
8.3410527337586,2,38,3,96.5650614679823,2.39472155572873,1,0.0499761239734417,-950.693936224662,-565.942035252285,0,0,0,0,1,1,92.7822166355012,29.660361
268.201038627168,3,38,3,96.5650614679823,1.72478245355224,8,0.0499761239734417,-950.693936224662,-565.942035252285,0,0,0,0,1,1,92.7822166355012,29.660361
262.262491578275,3,38,3,96.5650614679823,1.75958524891651,8,0.0499761239734417,-950.693936224662,-565.942035252285,0,0,0,0,1,1,92.7822166355012,29.660361
9.57970402634188,2,38,3,96.5650614679823,1.79912759334101,8,0.0499761239734417,-950.693936224662,-565.942035252285,0,0,0,0,1,1,92.7822166355012,29.660361
223.179280790701,3,38,3,96.5650614679823,2.20722175041693,1,0.0499761239734417,-950.693936224662,-565.942035252285,0,0,0,610.776642138151,1,1,92.7822166355012,29.660361
22.9724265058437,1,12,41,453.563432395044,2.41010908613007,2,0.0101666335758622,1011.8501758026,334.248948148011,0.430053462409718,0,240303.795315474,0,431829744146.837,3,114.096659403528,37.7559730082512
100.305972955045,2,38,3,96.5650614679823,1.8832443188942,8,0.0499761239734417,-950.693936224662,-565.942035252285,0.430053462409718,0.430053462409718,72492.6668044808,0,1,1,92.7822166355012,29.660361
108.012814682444,2,38,3,96.5650614679823,2.12905552339707,1,0.0499761239734417,-950.693936224662,-565.942035252285,0,0,0,0,1,1,92.7822166355012,29.660361
2.27758695306749,2,38,3,96.5650614679823,2.10885836827232,1,0.0499761239734417,-950.693936224662,-565.942035252285,0,0,0,0,1,1,92.7822166355012,29.660361
20.7018200073086,1,38,3,96.5650614679823,2.07383542029634,1,0.0499761239734417,-950.693936224662,-565.942035252285,0,0,0,0,1,1,92.7822166355012,29.660361
239.263582963854,3,38,3,96.5650614679823,2.06528840493461,1,0.0499761239734417,-950.693936224662,-565.942035252285,0,0,0,0,1,1,92.7822166355012,29.660361
255.726320015161,3,38,3,96.5650614679823,2.29872526587373,2,0.0499761239734417,-950.693936224662,-565.942035252285,0,0,0,0,1,1,92.7822166355012,29.660361
458.984722021018,2,38,3,96.5650614679823,2.03148333095822,8,0.0499761239734417,-950.693936224662,-565.942035252285,0,0,0,0,1,1,92.7822166355012,29.660361
218.425977161518,2,38,3,96.5650614679823,2.19266135811938,2,0.0499761239734417,-950.693936224662,-565.942035252285,0,0,0,0,1,1,92.7822166355012,29.660361
11.0047674511468,2,38,3,96.5650614679823,2.15951436928474,2,0.0499761239734417,-950.693936224662,-565.942035252285,0,0,0,170.568759331981,1,1,92.7822166355012,29.660361
0,3,11,41,81.0402491271187,1.95998255566888,1,0.0101666335758622,1002.13784298778,351.38032478725,0.439147555958663,0,32995.1242208773,0,431510475892.79,3,114.008978733142,37.9100391797592
11.0490506621538,2,38,3,96.5650614679823,1.81367366360161,1,0.0499761239734417,-950.693936224662,-565.942035252285,0.439147555958663,0.439147555958663,18391.5769060622,0,1,1,92.7822166355012,29.660361
21.0807928018315,1,38,3,96.5650614679823,2.35004119437697,8,0.0499761239734417,-950.693936224662,-565.942035252285,0,0,0,0,1,1,92.7822166355012,29.660361
286.036543648699,3,38,3,96.5650614679823,1.70747254127166,1,0.0499761239734417,-950.693936224662,-565.942035252285,0,0,0,0,1,1,92.7822166355012,29.660361
234.153926999576,3,38,3,96.5650614679823,2.38411839180525,8,0.0499761239734417,-950.693936224662,-565.942035252285,0,0,0,0,1,1,92.7822166355012,29.660361
253.20009694938,3,38,3,96.5650614679823,1.66210936366676,1,0.0499761239734417,-950.693936224662,-565.942035252285,0,0,0,0,1,1,92.7822166355012,29.660361
254.160456442991,3,38,3,96.5650614679823,1.60702664616363,7,0.0499761239734417,-950.693936224662,-565.942035252285,0,0,0,0,1,1,92.7822166355012,29.660361
283.116306067275,3,38,3,96.5650614679823,1.81566269322923,2,0.0499761239734417,-950.693936224662,-565.942035252285,0,0,0,0,1,1,92.7822166355012,29.660361
218.624004320559,2,38,3,96.5650614679823,1.5820556899938,1,0.0499761239734417,-950.693936224662,-565.942035252285,0,0,0,0,1,1,92.7822166355012,29.660361
257.251638160462,3,38,3,96.5650614679823,2.57153712492351,8,0.0499761239734417,-950.693936224662,-565.942035252285,0,0,0,0,1,1,92.7822166355012,29.660361
39.876623045249,2,38,3,96.5650614679823,2.59391259745518,8,0.0499761239734417,-950.693936224662,-565.942035252285,0,0,0,0,1,1,92.7822166355012,29.660361
248.661645156415,3,38,3,96.5650614679823,1.72706399727104,2,0.0499761239734417,-950.693936224662,-565.942035252285,0,0,0,0,1,1,92.7822166355012,29.660361
269.836376349681,3,38,3,96.5650614679823,2.6395634055994,8,0.0499761239734417,-950.693936224662,-565.942035252285,0,0,0,0,1,1,92.7822166355012,29.660361
261.351650128524,3,38,3,96.5650614679823,2.29294346051969,8,0.0499761239734417,-950.693936224662,-565.942035252285,0,0,0,0,1,1,92.7822166355012,29.660361
85.0706144636134,2,38,3,96.5650614679823,3.04760379977222,7,0.0499761239734417,-950.693936224662,-565.942035252285,0,0,0,0,1,1,92.7822166355012,29.660361
226.014293361693,3,38,3,96.5650614679823,3.07245163259322,7,0.0499761239734417,-950.693936224662,-565.942035252285,0,0,0,146.10398215852,1,1,92.7822166355012,29.660361
0,3,10,41,150.238741456688,1.92206640172813,6,0.0101666335758622,983.382698463607,384.462124072062,0.45674351209321,0,19952.0832953181,424.414450389495,430995150548.501,3,113.838365393827,38.2075509483541
1.49827414985123,2,38,3,96.5650614679823,2.13480547919569,8,0.0499761239734417,-950.693936224662,-565.942035252285,0.45674351209321,0.45674351209321,184975.96627515,0,1,1,92.7822166355012,29.660361
220.07523077874,2,38,3,96.5650614679823,2.2074546118271,6,0.0499761239734417,-950.693936224662,-565.942035252285,0,0,0,0,1,1,92.7822166355012,29.660361
100,2,38,3,96.5650614679823,2.06011980590641,8,0.0499761239734417,-950.693936224662,-565.942035252285,0,0,0,0,1,1,92.7822166355012,29.660361
254.790753812191,3,38,3,96.5650614679823,3.02902166663949,7,0.0499761239734417,-950.693936224662,-565.942035252285,0,0,0,0,1,1,92.7822166355012,29.660361
246.264441032875,3,38,3,96.5650614679823,2.31731709271121,6,0.0499761239734417,-950.693936224662,-565.942035252285,0,0,0,0,1,1,92.7822166355012,29.660361
7.6755582314477,2,38,3,96.5650614679823,2.93259957610343,7,0.0499761239734417,-950.693936224662,-565.942035252285,0,0,0,0,1,1,92.7822166355012,29.660361
232.580260764215,3,38,3,96.5650614679823,2.84125261514808,7,0.0499761239734417,-950.693936224662,-565.942035252285,0,0,0,0,1,1,92.7822166355012,29.660361
240.872979639064,3,38,3,96.5650614679823,2.79623612332418,7,0.0499761239734417,-950.693936224662,-565.942035252285,0,0,0,245.446011965134,1,1,92.7822166355012,29.660361
22.3087143202407,1,10,41,532.347146134922,2.18093735935079,6,0.0101666335758622,974.095999833912,400.842733653079,0.465470475972496,0,57963.210919807,0,430789465393.005,3,113.753253129224,38.3548653094974
287.407744299929,3,38,3,96.5650614679823,2.5536264634848,6,0.0499761239734417,-950.693936224662,-565.942035252285,0.465470475972496,0.465470475972496,22880.9891600604,0,1,1,92.7822166355012,29.660361
220.033377195303,2,38,3,96.5650614679823,2.63589464625957,6,0.0499761239734417,-950.693936224662,-565.942035252285,0,0,0,0,1,1,92.7822166355012,29.660361
462.405371926335,2,38,3,96.5650614679823,2.682846645509,6,0.0499761239734417,-950.693936224662,-565.942035252285,0,0,0,118.079675014672,1,1,92.7822166355012,29.660361
20.5758472278264,1,10,41,634.651802517981,2.3521272232127,6,0.075464098633755,972.88262838317,402.982973667739,0.46661130913864,0.46661130913864,29564.8907545405,0,1,3,113.742101690285,38.3741129503678
20.701863037088,1,10,41,634.651802517981,2.43992378984243,7,0.075464098633755,972.88262838317,402.982973667739,0,0,0,328.649270225772,1,3,113.742101690285,38.3741129503678
304.044367066137,3,38,3,96.5650614679823,2.47136339744284,7,0.0499761239734417,-950.693936224662,-565.942035252285,0.46661130913864,0.46661130913864,60938.3179002659,0,1,1,92.7822166355012,29.660361
246.847287154594,3,38,3,96.5650614679823,1.92223331905326,5,0.0499761239734417,-950.693936224662,-565.942035252285,0,0,0,0,1,1,92.7822166355012,29.660361
268.442978836448,3,38,3,96.5650614679823,2.91318651104322,6,0.0499761239734417,-950.693936224662,-565.942035252285,0,0,0,0,1,1,92.7822166355012,29.660361
274.352069630134,3,38,3,96.5650614679823,2.93548846320575,6,0.0499761239734417,-950.693936224662,-565.942035252285,0,0,0,0,1,1,92.7822166355012,29.660361
244.923516290912,3,38,3,96.5650614679823,2.97756823652826,6,0.0499761239734417,-950.693936224662,-565.942035252285,0,0,0,0,1,1,92.7822166355012,29.660361
9.91799151371344,2,38,3,96.5650614679823,2.27254009963478,7,0.0499761239734417,-950.693936224662,-565.942035252285,0,0,0,0,1,1,92.7822166355012,29.660361
227.535109475489,3,38,3,96.5650614679823,2.25865046089201,7,0.0499761239734417,-950.693936224662,-565.942035252285,0,0,0,0,1,1,92.7822166355012,29.660361
247.790664245792,3,38,3,96.5650614679823,2.46095128659786,8,0.0499761239734417,-950.693936224662,-565.942035252285,0,0,0,0,1,1,92.7822166355012,29.660361
6.86430805672054,2,38,3,96.5650614679823,2.13271946350554,5,0.0499761239734417,-950.693936224662,-565.942035252285,0,0,0,0,1,1,92.7822166355012,29.660361
460.199527955174,2,38,3,96.5650614679823,3.10556533124948,6,0.0499761239734417,-950.693936224662,-565.942035252285,0,0,0,75.148286162046,1,1,92.7822166355012,29.660361
0,3,10,41,634.651802517981,2.58250057425073,6,0.075464098633755,972.88262838317,402.982973667739,0.46661130913864,0,17589.9565509973,42.0357838641815,430765015887.741,3,113.742101690285,38.3741129503678
98.4189608325771,2,38,3,96.5650614679823,2.98919523175064,6,0.0499761239734417,-950.693936224662,-565.942035252285,0.46661130913864,0.46661130913864,36119.6107277417,0,1,1,92.7822166355012,29.660361
11.0608225530321,2,38,3,96.5650614679823,2.91258869175858,6,0.0499761239734417,-950.693936224662,-565.942035252285,0,0,0,0,1,1,92.7822166355012,29.660361
12.3607923937771,2,38,3,96.5650614679823,2.83472342383438,6,0.0499761239734417,-950.693936224662,-565.942035252285,0,0,0,0,1,1,92.7822166355012,29.660361
97.6473692035483,2,38,3,96.5650614679823,2.46146655287379,5,0.0499761239734417,-950.693936224662,-565.942035252285,0,0,0,0,1,1,92.7822166355012,29.660361
210.011429840383,2,38,3,96.5650614679823,1.84887550543741,7,0.0499761239734417,-950.693936224662,-565.942035252285,0,0,0,0,1,1,92.7822166355012,29.660361
257.909755568303,3,38,3,96.5650614679823,2.07406006745991,8,0.0499761239734417,-950.693936224662,-565.942035252285,0,0,0,0,1,1,92.7822166355012,29.660361
260.657298216204,3,38,3,96.5650614679823,2.03742912068826,8,0.0499761239734417,-950.693936224662,-565.942035252285,0,0,0,0,1,1,92.7822166355012,29.660361
461.65908796095,2,38,3,96.5650614679823,1.78103767250459,7,0.0499761239734417,-950.693936224662,-565.942035252285,0,0,0,0,1,1,92.7822166355012,29.660361
270.043026831126,3,38,3,96.5650614679823,1.99436656206763,8,0.0499761239734417,-950.693936224662,-565.942035252285,0,0,0,0,1,1,92.7822166355012,29.660361
237.039363863497,3,38,3,96.5650614679823,1.97503825456905,8,0.0499761239734417,-950.693936224662,-565.942035252285,0,0,0,0,1,1,92.7822166355012,29.660361
263.520081526851,3,38,3,96.5650614679823,2.64892322226329,6,0.0499761239734417,-950.693936224662,-565.942035252285,0,0,0,0,1,1,92.7822166355012,29.660361
255.125416100836,3,38,3,96.5650614679823,2.67430873598508,5,0.0499761239734417,-950.693936224662,-565.942035252285,0,0,0,0,1,1,92.7822166355012,29.660361
246.313775680917,3,38,3,96.5650614679823,1.89515412757193,8,0.0499761239734417,-950.693936224662,-565.942035252285,0,0,0,0,1,1,92.7822166355012,29.660361
95.3197846678517,2,38,3,96.5650614679823,1.877701496677,8,0.0499761239734417,-950.693936224662,-565.942035252285,0,0,0,0,1,1,92.7822166355012,29.660361
222.187450198346,2,38,3,96.5650614679823,2.7459101756693,5,0.0499761239734417,-950.693936224662,-565.942035252285,0,0,0,0,1,1,92.7822166355012,29.660361
210.682904497785,2,38,3,96.5650614679823,2.50384300265835,6,0.0499761239734417,-950.693936224662,-565.942035252285,0,0,0,0,1,1,92.7822166355012,29.660361
250.039601650264,3,38,3,96.5650614679823,2.48348795794515,6,0.0499761239734417,-950.693936224662,-565.942035252285,0,0,0,228.651903539597,1,1,92.7822166355012,29.660361
19.5772329927512,1,12,40,286.125089741548,2.43500525939427,5,0.0323839554326281,948.395133596948,338.217174244225,0.444346701311027,0,25454.1232888354,9.75799045809575,420668190916.939,3,113.374591107369,37.7916601229061
82.524028113891,2,38,3,96.5650614679823,2.88667615426148,5,0.0499761239734417,-950.693936224662,-565.942035252285,0.444346701311027,0.444346701311027,28356.9053110417,0,1,1,92.7822166355012,29.660361
102.094010286341,2,38,3,96.5650614679823,2.92428235509467,5,0.0499761239734417,-950.693936224662,-565.942035252285,0,0,0,0,1,1,92.7822166355012,29.660361
267.874539539406,3,38,3,96.5650614679823,2.55006889716799,7,0.0499761239734417,-950.693936224662,-565.942035252285,0,0,0,0,1,1,92.7822166355012,29.660361
256.171169718563,3,38,3,96.5650614679823,2.52845722471212,7,0.0499761239734417,-950.693936224662,-565.942035252285,0,0,0,0,1,1,92.7822166355012,29.660361
239.668678464865,3,38,3,96.5650614679823,2.50898636789143,7,0.0499761239734417,-950.693936224662,-565.942035252285,0,0,0,0,1,1,92.7822166355012,29.660361
211.839141512616,2,38,3,96.5650614679823,2.08360567152924,4,0.0499761239734417,-950.693936224662,-565.942035252285,0,0,0,0,1,1,92.7822166355012,29.660361
9.86235376093598,2,38,3,96.5650614679823,2.19046819144876,6,0.0499761239734417,-950.693936224662,-565.942035252285,0,0,0,0,1,1,92.7822166355012,29.660361
271.498756758782,3,38,3,96.5650614679823,3.1013510045337,5,0.0499761239734417,-950.693936224662,-565.942035252285,0,0,0,0,1,1,92.7822166355012,29.660361
256.186534357473,3,38,3,96.5650614679823,3.10842874863658,5,0.0499761239734417,-950.693936224662,-565.942035252285,0,0,0,0,1,1,92.7822166355012,29.660361
281.486795291865,3,38,3,96.5650614679823,3.11345747217224,5,0.0499761239734417,-950.693936224662,-565.942035252285,0,0,0,0,1,1,92.7822166355012,29.660361
258.173878124088,3,38,3,96.5650614679823,2.18377942240444,4,0.0499761239734417,-950.693936224662,-565.942035252285,0,0,0,0,1,1,92.7822166355012,29.660361
21.6345388373316,1,38,3,96.5650614679823,3.09054677139141,5,0.0499761239734417,-950.693936224662,-565.942035252285,0,0,0,0,1,1,92.7822166355012,29.660361
231.180012425139,3,38,3,96.5650614679823,2.08449125698835,6,0.0499761239734417,-950.693936224662,-565.942035252285,0,0,0,0,1,1,92.7822166355012,29.660361
275.607599037312,3,38,3,96.5650614679823,3.04587434006286,5,0.0499761239734417,-950.693936224662,-565.942035252285,0,0,0,660.83420948649,1,1,92.7822166355012,29.660361
19.7527683138274,1,12,40,286.125089741548,2.30242986044006,7,0.0323839554326281,948.395133596948,338.217174244225,0.444346701311027,0,44546.2776761766,0,420668190916.939,3,113.374591107369,37.7916601229061
16.531781105834,2,38,3,96.5650614679823,2.2395913473249,7,0.0499761239734417,-950.693936224662,-565.942035252285,0.444346701311027,0.444346701311027,24396.2196426528,0,1,1,92.7822166355012,29.660361
100.50632439283,2,38,3,96.5650614679823,2.90386643404748,5,0.0499761239734417,-950.693936224662,-565.942035252285,0,0,0,0,1,1,92.7822166355012,29.660361
262.667272807179,3,38,3,96.5650614679823,2.8577960612237,5,0.0499761239734417,-950.693936224662,-565.942035252285,0,0,0,0,1,1,92.7822166355012,29.660361
262.771400223229,3,38,3,96.5650614679823,2.12125103561615,7,0.0499761239734417,-950.693936224662,-565.942035252285,0,0,0,0,1,1,92.7822166355012,29.660361
266.629293141495,3,38,3,96.5650614679823,2.78098414628377,5,0.0499761239734417,-950.693936224662,-565.942035252285,0,0,0,0,1,1,92.7822166355012,29.660361
261.338067488639,3,38,3,96.5650614679823,2.04653372737032,7,0.0499761239734417,-950.693936224662,-565.942035252285,0,0,0,0,1,1,92.7822166355012,29.660361
222.162696418584,2,38,3,96.5650614679823,1.78132400633275,6,0.0499761239734417,-950.693936224662,-565.942035252285,0,0,0,0,1,1,92.7822166355012,29.660361
19.7818234111887,1,38,3,96.5650614679823,2.6040203721471,4,0.0499761239734417,-950.693936224662,-565.942035252285,0,0,0,0,1,1,92.7822166355012,29.660361
98.0803764561699,2,38,3,96.5650614679823,2.67649887699496,4,0.0499761239734417,-950.693936224662,-565.942035252285,0,0,0,0,1,1,92.7822166355012,29.660361
223.592247241033,3,38,3,96.5650614679823,2.45032165143896,5,0.0499761239734417,-950.693936224662,-565.942035252285,0,0,0,0,1,1,92.7822166355012,29.660361
15.214822489752,2,38,3,96.5650614679823,2.83360259855965,4,0.0499761239734417,-950.693936224662,-565.942035252285,0,0,0,0,1,1,92.7822166355012,29.660361
219.782853096843,2,38,3,96.5650614679823,2.90718879131821,4,0.0499761239734417,-950.693936224662,-565.942035252285,0,0,0,0,1,1,92.7822166355012,29.660361
267.496698861172,3,38,3,96.5650614679823,2.98609793727413,4,0.0499761239734417,-950.693936224662,-565.942035252285,0,0,0,0,1,1,92.7822166355012,29.660361
45.5643184287404,2,38,3,96.5650614679823,3.05787436027952,4,0.0499761239734417,-950.693936224662,-565.942035252285,0,0,0,0,1,1,92.7822166355012,29.660361
8.90613633935203,2,38,3,96.5650614679823,2.18680364420798,3,0.0499761239734417,-950.693936224662,-565.942035252285,0,0,0,131.176265588136,1,1,92.7822166355012,29.660361
0,3,12,40,286.125089741548,1.96834014340063,3,0.0323839554326281,948.395133596948,338.217174244225,0.444346701311027,0,79371.0988317533,0,420668190916.939,3,113.374591107369,37.7916601229061
11.4848883101832,2,38,3,96.5650614679823,3.05361328838166,4,0.0499761239734417,-950.693936224662,-565.942035252285,0.444346701311027,0.444346701311027,56154.0060510106,0,1,1,92.7822166355012,29.660361
226.03918686139,2,38,3,96.5650614679823,2.24439165796211,6,0.0499761239734417,-950.693936224662,-565.942035252285,0,0,0,0,1,1,92.7822166355012,29.660361
282.420477164004,3,38,3,96.5650614679823,2.91197531495094,4,0.0499761239734417,-950.693936224662,-565.942035252285,0,0,0,0,1,1,92.7822166355012,29.660361
102.20983581437,2,38,3,96.5650614679823,2.36010254135296,3,0.0499761239734417,-950.693936224662,-565.942035252285,0,0,0,0,1,1,92.7822166355012,29.660361
253.226036998839,3,38,3,96.5650614679823,2.3948165286154,3,0.0499761239734417,-950.693936224662,-565.942035252285,0,0,0,0,1,1,92.7822166355012,29.660361
223.33249686155,2,38,3,96.5650614679823,2.8507771533558,4,0.0499761239734417,-950.693936224662,-565.942035252285,0,0,0,0,1,1,92.7822166355012,29.660361
269.587883392331,3,38,3,96.5650614679823,2.78496456142903,4,0.0499761239734417,-950.693936224662,-565.942035252285,0,0,0,0,1,1,92.7822166355012,29.660361
265.719089034673,3,38,3,96.5650614679823,2.51209501023736,3,0.0499761239734417,-950.693936224662,-565.942035252285,0,0,0,0,1,1,92.7822166355012,29.660361
266.515433077308,3,38,3,96.5650614679823,1.79355571357946,5,0.0499761239734417,-950.693936224662,-565.942035252285,0,0,0,0,1,1,92.7822166355012,29.660361
260.764300794731,3,38,3,96.5650614679823,2.59897949991049,3,0.0499761239734417,-950.693936224662,-565.942035252285,0,0,0,208.449415750845,1,1,92.7822166355012,29.660361
0,3,12,40,286.125089741548,2.29306914887677,3,0.0323839554326281,948.395133596948,338.217174244225,0.444346701311027,0.444346701311027,61811.5051595897,0,1,3,113.374591107369,37.7916601229061
0,3,12,40,286.125089741548,2.49673616030806,4,0.0323839554326281,948.395133596948,338.217174244225,0,0,0,0,1,3,113.374591107369,37.7916601229061
0,3,12,40,286.125089741548,2.38430812554274,3,0.0323839554326281,948.395133596948,338.217174244225,0,0,0,248.687689989109,1,3,113.374591107369,37.7916601229061
247.658353333911,3,38,3,96.5650614679823,2.76771317766919,3,0.0499761239734417,-950.693936224662,-565.942035252285,0.444346701311027,0.444346701311027,112484.416016035,0,1,1,92.7822166355012,29.660361
92.1908791611796,2,38,3,96.5650614679823,2.81703466426638,3,0.0499761239734417,-950.693936224662,-565.942035252285,0,0,0,453.016420082944,1,1,92.7822166355012,29.660361
21.3996361819499,1,12,40,286.125089741548,2.40339639462129,4,0.0323839554326281,948.395133596948,338.217174244225,0.444346701311027,0,117452.02698513,0,420668190916.939,3,113.374591107369,37.7916601229061
261.824913680312,3,38,3,96.5650614679823,2.39219539375441,4,0.0499761239734417,-950.693936224662,-565.942035252285,0.444346701311027,0.444346701311027,31550.7593613729,0,1,1,92.7822166355012,29.660361
40.6921637620189,2,38,3,96.5650614679823,2.53036160889722,5,0.0499761239734417,-950.693936224662,-565.942035252285,0,0,0,0,1,1,92.7822166355012,29.660361
111.001118827715,2,38,3,96.5650614679823,2.51212280021187,5,0.0499761239734417,-950.693936224662,-565.942035252285,0,0,0,0,1,1,92.7822166355012,29.660361
105.631817380555,2,38,3,96.5650614679823,2.06712475111213,2,0.0499761239734417,-950.693936224662,-565.942035252285,0,0,0,0,1,1,92.7822166355012,29.660361
274.340236343638,3,38,3,96.5650614679823,3.04519979559437,3,0.0499761239734417,-950.693936224662,-565.942035252285,0,0,0,0,1,1,92.7822166355012,29.660361
255.807551945791,3,38,3,96.5650614679823,2.2002866059334,4,0.0499761239734417,-950.693936224662,-565.942035252285,0,0,0,0.818983290128011,1,1,92.7822166355012,29.660361
228.746198816317,3,38,3,277.296918212774,2.20191763566853,2,0.0499761239734417,-926.866147187427,-557.324908218601,0.347008347698872,0,161.657858288557,0.0323542010119347,1,1,93.0147854348684,29.7378566852234
255.133909725056,3,38,3,401.842926330512,2.34424746837461,5,0.0499761239734417,-923.607009575571,-556.146267482034,0.347008347698892,0,179.914046304388,0,1,1,93.0466398722631,29.7484564560235
99.7279578517435,2,38,4,418.670279876135,3.01474621230389,3,0.0499761239734417,-911.380288981843,-551.724572947268,0.347008347698875,0,179.914046304391,0,1,1,93.1662366883179,29.7882217103224
250.012328835855,3,38,4,186.052497206044,1.99834016640229,4,0.0499761239734417,-897.042499755108,-546.539427529206,0.347008347698871,0,179.91404630439,0,1,1,93.3066727138186,29.8348528433653
10.1330066019432,2,38,4,239.008208170948,2.93047437231377,3,0.0499761239734417,-890.194255236526,-544.062815331485,0.347008347698884,0,179.914046304389,0,1,1,93.3738222392167,29.8571255519542
58.923388316491,2,37,4,422.129612331499,2.38041169590977,2,0.0499761239734417,-877.302574643071,-539.400643395269,0.347008347698868,0,179.914046304391,0,1,1,93.5003565267519,29.8990534714817
275.245141059313,3,37,4,517.294776539647,2.16402073445064,5,0.0499761239734417,-873.418873808861,-537.996134424801,0.347008347698883,0,179.914046304391,0,1,1,93.538508217024,29.9116845241102
217.944738197241,2,37,5,13.7915835942375,2.03584586409581,5,0.0499761239734417,-837.71047583871,-525.082481336917,0.347008347698876,0,179.91404630439,0,1,1,93.8899948399325,30.0278197964429
267.324542174438,3,37,6,574.796366376574,1.72506842533708,1,0.0499761239734417,-812.409186646097,-515.932474899139,0.347008347698872,0,179.914046304389,0,1,1,94.1398100961875,30.1101077812808
281.907803159473,3,37,6,277.89738841786,1.88248761053427,5,0.0499761239734417,-793.433067467488,-509.069914998476,0.347008347698877,0,179.914046304391,0,1,1,94.327591284877,30.1718242651866
254.693653862786,3,36,6,242.97432455041,1.8671620185471,5,0.0499761239734417,-787.204117916143,-506.817265812835,0.347008347698872,0,179.91404630439,0,1,1,94.3893089926504,30.1920828260186
38.24819108346,2,36,6,283.889959776321,2.49741386078676,3,0.0499761239734417,-778.808152231629,-503.780932783327,0.347008347698877,0,179.91404630439,0,1,1,94.4725590628178,30.2193892249806
255.788448230983,3,36,6,384.184582443171,2.47805112497273,3,0.0499761239734417,-773.800809017712,-501.970067641448,0.347008347698873,0,179.91404630439,0,1,1,94.5222427069758,30.2356747264556
250.117953617981,3,36,7,233.843255585052,2.40218862603,3,0.0499761239734417,-754.332839075789,-494.929633893469,0.347008347698873,0,179.91404630439,0,1,1,94.7156441412886,30.2989908683016
99.8482491505171,2,36,7,72.3292576805721,1.73628106857715,5,0.0499761239734417,-747.858736583168,-492.588327130982,0.347008347698878,0,179.914046304392,0,1,1,94.7800436805063,30.3200467458775
278.986500399798,3,36,7,5.60946230883867,2.35317554980988,3,0.0499761239734417,-741.385558864174,-490.247354805391,0.347008347698873,0,179.914046304389,0,1,1,94.8444757398792,30.3410996157901
257.157896775428,3,36,7,3.85577047769931,1.70950905405437,5,0.0499761239734417,-739.624235696738,-489.61038653874,0.347008347698882,0,179.914046304382,0,1,1,94.8620146392909,30.3468280090349
9.24012120184488,2,36,7,7.52472435065048,2.3412234710392,3,0.0499761239734417,-738.210305193114,-489.099050017022,0.347008347698885,0,179.914046304401,0,1,1,94.8760965077427,30.3514265688537
260.045241493411,3,36,7,192.349756862581,2.56103141006281,4,0.0499761239734417,-727.146166609414,-485.09779385578,0.347008347698873,0,179.91404630439,0,1,1,94.9863571702247,30.3874107300199
9.16929206266763,2,36,8,637.437503857989,2.23648239686488,3,0.0499761239734417,-710.331617324197,-479.016948210452,0.347008347698876,0,179.91404630439,0,1,1,95.1541574087426,30.4420970887309
96.8933208821751,2,35,8,322.881618026323,3.03286264989749,2,0.0499761239734417,-696.145122456895,-473.886517172843,0.347008347698873,0,179.91404630439,0,1,1,95.2959499876173,30.4882361635288
265.060483145368,3,35,8,160.064097103468,2.4030825197959,4,0.0499761239734417,-684.808313392068,-469.786651939204,0.347008347698876,0,179.91404630439,0,1,1,95.4094042801767,30.5251071373885
99.6802891805458,2,35,8,334.127370373978,3.02946843324465,2,0.0499761239734417,-671.700690984365,-465.046386393785,0.347008347698873,0,179.91404630439,0,1,1,95.5407396643814,30.5677373696164
254.136981148539,3,35,8,660.669467963704,2.22890974991236,1,0.0499761239734417,-663.074696952496,-461.926865474397,0.347008347698875,0,179.914046304392,0,1,1,95.6272634765272,30.5957918952456
265.130297661432,3,35,9,515.502775011776,2.23934256635216,1,0.0499761239734417,-659.916603623333,-460.784766584773,0.347008347698881,0,179.914046304389,0,1,1,95.6589595419431,30.606063037321
226.647443138165,2,35,9,195.284351374786,2.96395161662775,2,0.0499761239734417,-651.402036652452,-457.705542360056,0.347008347698871,0,179.914046304391,0,1,1,95.7444650938814,30.6337551660685
269.251887270666,3,35,9,119.344126642066,2.95388423170342,2,0.0499761239734417,-648.298766079238,-456.583269676363,0.347008347698887,0,179.914046304383,0,1,1,95.7756469111396,30.6438480067903
21.2265204304067,1,35,9,22.2161624107022,2.92174476419021,2,0.0499761239734417,-638.906671543187,-453.186694710762,0.34700834769887,0,179.914046304391,0,1,1,95.87007756325,30.6743941393172
102.577645687308,2,35,9,43.0263593477462,2.21532108286663,4,0.0499761239734417,-634.738345494392,-451.679253335309,0.347008347698883,0,179.91404630439,0,1,1,95.9120151745505,30.6879508853032
98.936084691469,2,35,9,359.427858505286,2.85909724558062,2,0.0499761239734417,-621.760820673003,-446.986036528918,0.347008347698875,0,179.914046304391,0,1,1,96.0426930717227,30.7301579980556
255.248804591901,3,34,10,353.903267234226,2.08878908369394,4,0.0499761239734417,-598.177610410451,-438.457359429381,0.347008347698872,0,179.91404630439,0,1,1,96.2805946966355,30.8068582339108
211.95195679024,2,34,10,246.938940925027,2.47578802042086,1,0.0499761239734417,-594.623898189498,-437.172188169838,0.34700834769887,0,179.914046304391,0,1,1,96.3164916759837,30.818416056721
44.7402696706157,2,34,10,235.642314897409,2.47746998052786,1,0.0499761239734417,-594.182304440041,-437.012489364782,0.347008347698875,0,179.914046304415,0,1,1,96.3209532085227,30.8198522625792
103.72562272966,2,34,10,129.857298993489,2.69271728708321,2,0.0499761239734417,-577.664827634478,-431.039077577099,0.347008347698875,0,179.91404630439,0,1,1,96.4879728635301,30.8735724453964
10.9366229303554,2,34,10,173.710711443183,2.68180554921499,2,0.0499761239734417,-574.831418284061,-430.014398020266,0.347008347698879,0,179.914046304386,0,1,1,96.5166507219637,30.8827876100424
255.910210739858,3,34,10,590.348541686842,2.63309888299545,2,0.0499761239734417,-562.19476209252,-425.444453594733,0.347008347698877,0,179.91404630439,0,1,1,96.6446477443677,30.9238861076397
254.693868669314,3,34,11,229.408094051809,1.92184368452921,4,0.0499761239734417,-550.361321153077,-421.164985463576,0.347008347698874,0,179.91404630439,0,1,1,96.7646531187926,30.9623722891616
217.39656611107,2,34,11,235.204911786654,2.73724088340352,1,0.0499761239734417,-525.423936228381,-412.146582058704,0.347008347698874,0,179.91404630439,0,1,1,97.0180047521332,31.0434767394905
110.135637561443,2,34,11,827.47586542292,1.57371346292171,3,0.0499761239734417,-511.88388668318,-407.249932739246,0.347008347698874,0,179.91404630439,0,1,1,97.155824370255,31.0875133647865
258.071860400134,3,33,12,781.708919034141,2.79233790228484,1,0.0499761239734417,-507.506998052243,-405.667066394151,0.347008347698876,0,179.914046304391,0,1,1,97.2004142863148,31.1017484238207
248.412670891502,3,33,12,729.056029629472,2.79572638715376,1,0.0499761239734417,-506.575137742304,-405.330066655911,0.347008347698839,0,179.914046304401,0,1,1,97.2099101530674,31.1047791352786
270.112476406378,3,33,12,406.75060996755,2.39703275505187,2,0.0499761239734417,-499.836473171092,-402.893083159172,0.347008347698874,0,179.91404630439,0,1,1,97.2786043949388,31.1266954543975
216.815667546733,2,33,12,54.7771100086029,2.88850754742329,1,0.0499761239734417,-479.856798493961,-395.667595535647,0.347008347698875,0,179.91404630439,0,1,1,97.4825438016606,31.1916758257288
223.705822515025,2,33,12,365.312876000137,2.52477442981267,3,0.0499761239734417,-465.340013204935,-390.417717640523,0.347008347698878,0,179.914046304391,0,1,1,97.6309708967382,31.238889111924
262.302405433668,3,33,13,554.39340759692,2.23663571195919,2,0.0499761239734417,-456.862390292935,-387.351853935661,0.347008347698871,0,179.914046304388,0,1,1,97.7177475194948,31.2664610866298
222.338555639538,2,33,13,117.102500368221,2.17588905783508,2,0.0499761239734417,-440.02002000461,-381.260947049754,0.347008347698876,0,179.914046304391,0,1,1,97.8903576537462,31.3212379282512
248.535741363959,3,33,13,437.52017796907,2.35174490045868,3,0.0499761239734417,-419.85181054735,-373.967277349071,0.347008347698872,0,179.91404630439,0,1,1,98.0974244311935,31.3868314757338
248.877488638859,3,32,13,681.941800057426,2.9594360675635,1,0.0499761239734417,-412.261593578299,-371.222336820458,0.347008347698877,0,179.91404630439,0,1,1,98.1754579814879,31.4115173189772
0,2,32,13,831.987129020497,2.31466438528432,3,0.0499761239734417,-408.098988894738,-369.716964530432,0.347008347698867,0,179.914046304394,0,1,1,98.2182772665209,31.4250554572309
280.501774868232,3,32,14,517.21602487634,2.92782964456583,1,0.0499761239734417,-402.038423439968,-367.52521009035,0.347008347698874,0,179.91404630439,0,1,1,98.2806510639477,31.4447663784593
239.635768488439,3,32,14,29.3040881714095,2.20260461936346,3,0.0499761239734417,-377.830486640596,-358.770605695557,0.347008347698877,0,179.91404630439,0,1,1,98.5301577329005,31.5234984272944
269.61113084651,3,32,14,51.723457909109,2.19439527023468,3,0.0499761239734417,-375.543869340113,-357.94366905763,0.347008347698866,0,179.914046304393,0,1,1,98.5537556260583,31.5309352471465
258.432026653813,3,32,14,97.0462787560536,2.84656288833871,1,0.0499761239734417,-372.650144987846,-356.897177068592,0.34700834769886,0,179.91404630439,0,1,1,98.5836263266734,31.5403465757081
268.858568680549,3,32,14,235.20575312918,2.82865569250274,1,0.0499761239734417,-367.156114609544,-354.910305453153,0.347008347698874,0,179.91404630439,0,1,1,98.6403618328771,31.5582149414276
103.562763270244,2,32,14,583.037836134785,2.80000392648213,1,0.0499761239734417,-358.664520741919,-351.839389265276,0.347008347698876,0,179.914046304389,0,1,1,98.7281115598012,31.5858323542049
274.919304243575,3,32,15,611.321036741355,2.12177514179418,3,0.0499761239734417,-355.63060255143,-350.74219730943,0.34700834769887,0,179.914046304397,0,1,1,98.7594806175962,31.5956996385222
270.533412650111,3,32,15,301.083335581772,2.09003646842503,3,0.0499761239734417,-346.598954124787,-347.475974761701,0.34700834769888,0,179.914046304389,335.396257986447,1.00006326062594,1,98.8529171759694,31.6250734835913
0,3,12,40,286.125089741548,1.90122795907421,2,0.0323839554326281,948.395133596948,338.217174244225,0.486964396595939,0,64634.3274431072,0,166.673715928828,3,113.374591107369,37.7916601229061
272.907245016752,3,32,15,209.85605375532,2.69287700145484,1,0.0499761239734417,-330.161469731804,-341.531491582536,0.488648324877031,0.141639977178169,19440.9964271652,0,1.00392427062094,1,99.0231789103671,31.6785335051817
39.9517870066863,2,32,15,252.919706468009,1.79345001048005,2,0.0499761239734417,-327.481368831762,-340.562254785842,0.347008347698862,0,179.914046304394,0,1,1,99.0509652706542,31.6872500611069
253.924393690274,3,31,16,426.79695539923,1.93204072021307,3,0.0499761239734417,-299.370087647299,-330.396037489408,0.347008347698874,0,179.914046304391,101.406002719069,1.00021232011536,1,99.3428441954271,31.7786770497584
0,3,12,40,286.125089741548,2.47762606296127,1,0.0323839554326281,948.395133596948,338.217174244225,0.491913511369142,0,60835.6290908306,0,84.1419855801775,3,113.374591107369,37.7916601229061
258.038938661139,3,31,16,161.927760714727,1.60840262297659,2,0.0499761239734417,-268.095206033233,-319.085729705052,0.49538661204291,0.148378264344036,8557.39956404608,0,1.02694680872765,1,99.6684952540156,31.880393091359
47.8727505376571,2,31,17,536.738271277227,2.39999902965057,1,0.0499761239734417,-250.710620898749,-312.798735208935,0.347008347698874,0,179.914046304391,337.822631955929,1.00014888421083,1,99.8499340851133,31.9369333912255
18.7009836148453,1,12,40,286.125089741548,2.36187446202855,1,0.0323839554326281,948.395133596948,338.217174244225,0.497389598736083,0,125142.641643781,0,510.636854041372,3,113.374591107369,37.7916601229061
26.9704577019917,1,31,17,385.742239572398,1.678756392129,8,0.0499761239734417,-245.694824641856,-310.984813092486,0.497977514498064,0.150969166799187,72515.9847716932,0,1.02201785537287,1,99.9023387009897,31.9532463847333
264.91425768444,3,31,17,265.317625665792,2.33100293553981,1,0.0499761239734417,-231.695662994909,-305.922129597668,0.347008347698877,0,179.914046304391,0,1,1,100.048733266374,31.9987761912415
260.056915480067,3,30,17,274.709577364175,2.29423609598307,1,0.0499761239734417,-219.812190526986,-301.624567969212,0.347008347698876,0,179.91404630439,0,1,1,100.173156369695,32.0374250914939
219.352396689103,2,30,18,588.076824415309,1.81392837649645,8,0.0499761239734417,-201.720479607329,-295.081847156645,0.347008347698876,0,179.91404630439,58.0892173191413,1.00017359853652,1,100.362851321688,32.0962651933762
19.4065876362389,1,12,40,286.125089741548,1.71500839929815,8,0.0323839554326281,948.395133596948,338.217174244225,0.503334013996851,0,22541.4993104544,41.8652483300648,145.549622758178,3,113.374591107369,37.7916601229061
100.633392231076,2,30,18,41.5106793787565,1.86932815085525,8,0.0499761239734417,-184.868939469042,-288.987624068724,0.50548796695825,0,31320.0140131792,0,259050058353.895,1,100.539835970107,32.1510718583188
22.1676719472166,1,12,40,286.125089741548,1.7803677453532,8,0.0323839554326281,948.395133596948,338.217174244225,0.50548796695825,0,14408.6932974021,278.712298915807,140.033054013191,3,113.374591107369,37.7916601229061
98.6827635770336,2,30,18,147.842063792676,2.34960370788096,2,0.0499761239734417,-167.594183027777,-282.740348230512,0.507757970615045,0.160749622916173,104604.788428381,0,1.0318201726443,1,100.721558935638,32.2072549597131
267.104727669982,3,30,19,598.766343728048,2.2786502229851,2,0.0499761239734417,-148.659621318476,-275.892817252241,0.347008347698872,0,179.91404630439,0,1,1,100.921083617585,32.2688362852727
253.742842047435,3,30,19,497.403180922471,2.00072343952004,8,0.0499761239734417,-145.235850930689,-274.654638404862,0.347008347698876,0,179.914046304391,0,1,1,100.957200017395,32.2799714951671
12.9725127986207,2,30,19,367.033162871182,2.23948943132074,2,0.0499761239734417,-137.623603760961,-271.901730832496,0.347008347698869,0,179.914046304392,0,1,1,101.037541309782,32.3047289877564
224.096251246729,3,29,19,321.178604622329,2.23433341314714,2,0.0499761239734417,-134.469817347589,-270.761189504105,0.347008347698894,0,179.914046304384,0,1,1,101.070843950857,32.314986122347
243.663734065033,3,29,19,235.046713112451,1.93334457640542,1,0.0499761239734417,-115.595770662321,-263.935543294443,0.347008347698876,0,179.914046304391,0,1,1,101.270352798827,32.3763706334541
93.8698527566617,2,29,19,305.597227393179,2.15592656601813,2,0.0499761239734417,-112.178206274212,-262.699608796613,0.347008347698882,0,179.914046304386,0,1,1,101.306516219246,32.3874856594281
19.7095460116624,1,29,20,416.821133087401,1.86921553952948,1,0.0499761239734417,-96.707872866408,-257.104887942733,0.34700834769887,0,179.914046304391,0,1,1,101.470363100239,32.4378001928579
247.893945068409,3,29,20,258.521214247032,2.17436857902373,8,0.0499761239734417,-92.5146689756721,-255.588449697114,0.347008347698872,0,179.914046304391,0,1,1,101.514814523529,32.4514378496411
268.066303579402,3,29,20,29.277279476512,1.81825796193537,1,0.0499761239734417,-81.1301939789869,-251.471346465046,0.347008347698878,0,179.914046304389,0,1,1,101.635587636353,32.4884638485451
244.21384298993,3,29,21,651.083475800723,2.33577242334426,8,0.0499761239734417,-45.6868386222656,-238.653543892949,0.347008347698874,0,179.914046304391,0,1,1,102.012417490249,32.60373711648
20.1399704307084,1,28,21,527.659587754985,2.34537120137226,8,0.0499761239734417,-41.2693370605431,-237.055990210172,0.347008347698889,0,179.914046304384,0,1,1,102.059471532843,32.6181042619153
20.1259755146596,1,28,21,443.469003711253,1.63023375732305,7,0.0499761239734417,-4.72887703509116,-223.841428615032,0.347008347698873,0,179.91404630439,0,1,1,102.449435710473,32.7369456694679
272.257739752343,3,28,22,292.540295506916,1.75329809229442,2,0.0499761239734417,8.44104880866269,-219.078631536273,0.347008347698874,0,179.914046304391,0,1,1,102.5903126295,32.7797785326432
241.285961229189,3,28,22,56.835446948158,1.70826827918798,7,0.0499761239734417,20.4873242457671,-214.722193531804,0.347008347698871,0,179.914046304391,0,1,1,102.719321218643,32.8189569208659
103.195805852963,2,28,22,282.991201808449,2.80453067987803,7,0.0499761239734417,37.500293743514,-208.569590822708,0.34700834769888,0,179.914046304389,0,1,1,102.901766301861,32.8742886063551
94.3406606948147,2,28,22,473.286535865112,2.24877951252639,8,0.0499761239734417,42.4859171657284,-206.766580467689,0.34700834769886,0,179.914046304391,0,1,1,102.955286135915,32.8905034680347
0,2,27,23,563.260533788908,2.82144130226143,7,0.0499761239734417,57.8909009250549,-201.195492785215,0.347008347698874,0,179.91404630439,0,1,1,103.120812423218,32.9406054632479
239.704167143388,3,27,23,510.958774516855,2.05056104804446,6,0.0499761239734417,59.0134215122492,-200.789542300985,0.347008347698858,0,179.914046304389,0,1,1,103.132883122828,32.9442562636619
243.568617964976,3,27,23,346.419697850493,2.06420013440416,6,0.0499761239734417,63.0503018696966,-199.329637195835,0.347008347698895,0,179.914046304388,0,1,1,103.17630291282,32.9573855056984
270.567752722221,3,27,23,209.797647314124,2.83008144196822,7,0.0499761239734417,67.4221343797764,-197.748599355921,0.347008347698878,0,179.914046304389,0,1,1,103.223343673091,32.9716041205905
232.499521633231,3,27,23,57.7907417068943,2.1153667035646,6,0.0499761239734417,78.115712629616,-193.881353339956,0.347008347698869,0,179.914046304391,0,1,1,103.33848638393,33.0063830995661
261.197841232504,3,27,24,251.587010942102,1.93250407364767,8,0.0499761239734417,135.874459715313,-172.99336997876,0.347008347698876,0,179.91404630439,0,1,1,103.962369660678,33.1942332469741
264.334116942323,3,26,25,563.871920451292,2.37657514257295,6,0.0499761239734417,158.206103797482,-164.917311657682,0.347008347698872,0,179.914046304392,0,1,1,104.204476060912,33.2668629843621
220.383639086686,2,26,25,126.24662720296,2.41831567044297,6,0.0499761239734417,170.505239424702,-160.469428812209,0.347008347698872,0,179.914046304391,0,1,1,104.338027992252,33.3068637557974
219.933392663354,2,26,25,51.5659797381127,2.60848105137361,7,0.0499761239734417,185.168599413362,-155.166543363397,0.347008347698879,0,179.914046304389,0,1,1,104.4974489969,33.3545537503757
9.2593750305265,2,25,26,480.892709584847,1.82460014748792,5,0.0499761239734417,245.871473765495,-133.213840207235,0.347008347698874,0,179.91404630439,0,1,1,105.159691924958,33.5519791529423
16.3211809797297,2,25,26,703.578269303793,2.38584925770507,7,0.0499761239734417,253.168961900832,-130.574762691871,0.347008347698879,0,179.914046304388,0,1,1,105.239551478437,33.5757129472349
220.975630447428,2,25,27,662.13794699823,2.66570878529808,6,0.0499761239734417,256.993193867092,-129.191760156133,0.347008347698886,0,179.914046304384,0,1,1,105.281422866453,33.5881505878492
263.747527590138,3,25,27,496.12644797513,2.6740095532441,6,0.0499761239734417,260.255799920942,-128.011865085594,0.347008347698857,0,179.914046304399,0,1,1,105.317156540611,33.5987616391457
12.9573510181543,2,25,27,104.911527051802,2.31867968151224,7,0.0499761239734417,271.663392409316,-123.886401599779,0.347008347698869,0,179.91404630439,0,1,1,105.442181436743,33.6358628236179
258.864890331738,3,25,27,56.7697821361037,2.53410933742878,8,0.0499761239734417,274.273684949955,-122.942410431206,0.347008347698908,0,179.91404630439,0,1,1,105.47080792691,33.6443523401549
255.944105631065,3,25,27,76.9994643908115,2.48683069249556,8,0.0499761239734417,289.173986751732,-117.553836893582,0.347008347698872,0,179.91404630439,22.9834362485683,1.00062937689527,1,105.634346057386,33.6928129462296
99.2497189570312,2,12,40,286.125089741548,1.91322306315327,5,0.0323839554326281,948.395133596948,338.217174244225,0.604915931541838,0,7466.72410751429,0,34.9351962301958,3,113.374591107369,37.7916601229061
229.105120475353,2,25,28,265.24151960591,2.0977511148574,5,0.0499761239734417,331.160704154731,-102.369680402031,0.619933069826033,0.272924722127149,5384.91904476107,0,1.01558088530182,1,106.096359853789,33.8293673462346
270.793699291748,3,24,28,271.17833367192,2.1107334154673,5,0.0499761239734417,336.779095824068,-100.33783453232,0.347008347698885,0,179.914046304388,0,1,1,106.15831669838,33.8476401751399
241.603447077121,3,24,28,290.969875330662,2.31555420230227,8,0.0499761239734417,341.254967012052,-98.7191719466729,0.347008347698852,0,179.914046304396,0,1,1,106.207696882259,33.8621971574995
100.426475429059,2,24,28,462.512100654022,2.76088574393124,6,0.0499761239734417,350.072758661536,-95.5302889713609,0.347008347698882,0,179.914046304388,0,1,1,106.305037784938,33.8908754710839
251.756251244605,3,24,28,619.618593563304,2.27109611234818,8,0.0499761239734417,354.618026493153,-93.8865296512681,0.347008347698867,0,179.914046304393,0,1,1,106.355243901587,33.9056581537989
236.27800330353,3,24,29,31.6197168599111,2.1926868683715,8,0.0499761239734417,376.934967169258,-85.815788697978,0.347008347698874,0,179.91404630439,0,1,1,106.602050762696,33.9782400709495
100.518701623678,2,24,29,0.777023899241958,2.70943104820431,6,0.0499761239734417,382.081044921554,-83.9547513332668,0.347008347698882,0,179.914046304389,0,1,1,106.659032465989,33.9949767820646
462.130442865997,2,24,29,67.2030351473779,1.92683435301926,7,0.0499761239734417,389.822932679034,-81.1549602917028,0.347008347698871,0,179.914046304393,0,1,1,106.744806829295,34.020155907822
11.1666674844297,2,24,29,276.52247262991,2.67902283163894,6,0.0499761239734417,397.774116877819,-78.2794788862701,0.347008347698865,0,179.914046304392,0,1,1,106.832962154106,34.0460157333752
97.4979819782196,2,24,29,363.436423400201,2.1163429617176,8,0.0499761239734417,400.06680539859,-77.4503466406688,0.347008347698912,0,179.914046304373,0,1,1,106.858393039964,34.0534722988015
252.981079341134,3,24,30,367.536257232487,1.82359838944926,7,0.0499761239734417,421.646286377363,-69.6463020176252,0.347008347698872,0,179.914046304391,0,1,1,107.098012696497,34.1236557582321
330.84689183045,3,23,30,196.924551822777,1.98488839497947,8,0.0499761239734417,441.118272522379,-62.6044158423059,0.347008347698877,0,179.914046304391,0,1,1,107.314628526642,34.1869849620709
219.637087793322,2,23,30,587.696239825861,1.93408192976828,8,0.0499761239734417,456.930110861687,-56.886192494224,0.347008347698871,0,179.91404630439,0,1,1,107.490804808611,34.2384101801149
268.476851157524,3,23,31,92.2749649765979,1.87476684797878,8,0.0499761239734417,474.84939245433,-50.4058293520603,0.347008347698874,0,179.914046304389,0,1,1,107.690763205099,34.2966894859944
258.135831364979,3,23,31,351.266658408178,2.59917848599962,5,0.0499761239734417,500.474195701758,-41.1388266750106,0.347008347698876,0,179.914046304391,0,1,1,107.977261714154,34.3800296432902
264.780059930953,3,23,31,423.154635038322,2.37260164885333,6,0.0499761239734417,502.224877133391,-40.5057069059745,0.347008347698907,0,179.914046304367,0,1,1,107.996859091545,34.3857234261645
240.876665435996,3,23,32,605.641476294726,2.32210174443058,6,0.0499761239734417,516.260717764629,-35.4297587533819,0.347008347698872,0,179.914046304391,0,1,1,108.154088588506,34.431372524606
21.1654832990139,1,22,32,444.851357318959,1.87833127694394,4,0.0499761239734417,522.125519640931,-33.3088006268641,0.347008347698872,0,179.91404630439,0,1,1,108.219844201157,34.4504467592902
279.804469072406,3,22,32,220.078506063058,2.28498834380302,6,0.0499761239734417,529.622517253165,-30.5975721240895,0.347008347698874,0,179.914046304392,0,1,1,108.30394970493,34.4748294230015
221.168548208047,2,22,32,135.361290328321,2.26716810596003,6,0.0499761239734417,535.194895122359,-28.5823667727458,0.347008347698871,0,179.914046304386,0,1,1,108.366500002373,34.4929526001298
97.7103245188099,2,22,32,189.922664284955,2.44376047813873,7,0.0499761239734417,547.115056188686,-24.2715370096487,0.347008347698876,0,179.914046304391,0,1,1,108.500408365991,34.5317208235837
265.181260164044,3,22,33,486.685991495856,2.68596203890807,5,0.0499761239734417,564.39850727886,-18.0211168220368,0.34700834769888,0,179.914046304391,0,1,1,108.694817953281,34.5879322027916
260.571607295343,3,22,33,269.457323738998,2.69032355388856,5,0.0499761239734417,570.047125746383,-15.9783396754292,0.347008347698859,0,179.914046304391,0,1,1,108.758419835498,34.6063033390318
8.02417571461208,2,22,33,253.823015832191,2.69065547276305,5,0.0499761239734417,570.543319167241,-15.7988953411633,0.347008347698731,0,179.914046304387,0,1,1,108.764008353973,34.6079171207004
255.212562145493,3,22,33,146.996698411304,2.0415810461812,4,0.0499761239734417,574.59501832292,-14.3336311375817,0.347008347698903,0,179.914046304388,0,1,1,108.809650931964,34.621094558267
121.776519952017,2,22,33,91.94564012591,2.12661230283392,6,0.0499761239734417,577.586723350733,-13.2517052303272,0.347008347698887,0,179.914046304387,0,1,1,108.843363116333,34.630824551711
228.358818223039,3,22,33,47.1226356340314,2.69676470480102,5,0.0499761239734417,586.339034172402,-10.0865028663668,0.347008347698872,0,179.914046304391,0,1,1,108.942040153611,34.6592899004411
207.013204895506,2,22,33,53.6602440073728,2.31291558286544,7,0.0499761239734417,587.427460130874,-9.69288242863956,0.347008347698812,0,179.914046304421,0,1,1,108.954316832963,34.6628298140829
109.454610604046,2,22,33,330.663732719184,2.69486462835428,5,0.0499761239734417,600.202536403027,-5.07287950138061,0.347008347698875,0,179.914046304388,0,1,1,109.09849886975,34.7043784986019
100,2,22,33,413.057541945663,2.69396835654933,5,0.0499761239734417,602.340076976572,-4.29985525506436,0.347008347698887,0,179.914046304394,0,1,1,109.122639442765,34.711330472668
254.487173138658,3,21,34,815.997077047597,2.01125578866679,6,0.0499761239734417,614.39164652418,0.0584973216155049,0.347008347698878,0,179.91404630439,68.8237099715301,1.00249441052894,1,109.258830422364,34.7505260790522
21.0322802864005,1,12,40,286.125089741548,2.22613847909837,7,0.0323839554326281,948.395133596948,338.217174244225,0.79157991111171,0,17828.4675094056,0,41.1410268971702,3,113.374591107369,37.7916601229061
40.282782804998,2,21,34,87.8130003967503,2.65052071866364,5,0.0499761239734417,635.656023386076,7.74858709136868,0.81295534108264,0.465946993383774,4594.75037225279,0,1.03262972226826,1,109.49948507644,34.8196847178661
223.31849656839,2,21,34,73.42395197506,2.63950415797495,5,0.0499761239734417,642.924671873995,10.3772349816834,0.347008347698866,0,179.914046304392,0,1,1,109.581849558366,34.8433247162872
244.355165307196,3,21,34,378.903586017336,2.09349615477811,7,0.0499761239734417,656.831816376289,15.406641220961,0.34700834769888,0,179.914046304389,0,1,1,109.739584561683,34.8885552532465
260.515227718326,3,21,34,451.755047038956,2.29807394702753,4,0.0499761239734417,658.663940437058,16.0692140575951,0.347008347698859,0,179.9140463044,0,1,1,109.760378889406,34.8945139139213
261.735396641017,3,21,35,218.004750903038,2.56686638546593,5,0.0499761239734417,674.471109464867,21.7857487869686,0.347008347698871,0,179.91404630439,0,1,1,109.939926634067,34.9459239458524
204.549206483625,3,21,35,171.7668179936,1.57709421812096,3,0.0499761239734417,676.569872685857,22.5447495176126,0.347008347698878,0,179.914046304394,0,1,1,109.963784410478,34.9527498034121
457.551905791048,2,21,35,87.617015710079,2.00351222042764,7,0.0499761239734417,684.196408226988,25.3028243638407,0.347008347698874,0,179.914046304391,0,1,1,110.050516284565,34.9775537664117
11.9465959581584,2,21,35,99.256628608804,1.98959341629761,7,0.0499761239734417,688.642625558473,26.910762872315,0.347008347698877,0,179.914046304386,64.1844313810716,1.00155775991473,1,110.101107085654,34.9920143048283
0,3,12,40,286.125089741548,2.49220618139935,5,0.0323839554326281,948.395133596948,338.217174244225,0.875431829894412,0,6252.13839750292,5.11199099251857,37.7037257759322,3,113.374591107369,37.7916601229061
8.9300183285284,2,20,35,681.715980077848,2.43475160181345,4,0.0499761239734417,708.418088480053,34.0623989674165,0.902800957492829,0.555792609793955,7445.55619731963,0,1.09031635861059,1,110.32635847803,35.0563305134082
258.780466343344,3,20,36,303.876329121243,1.71565034325388,3,0.0499761239734417,725.567281686674,40.2642658781783,0.347008347698874,0,179.914046304391,0,1,1,110.522010689803,35.112105242507
39.8219930984278,2,20,36,163.339721089829,2.48530787149826,4,0.0499761239734417,730.240885457776,41.9544368519836,0.347008347698862,0,179.91404630439,0,1,1,110.575381805079,35.1273053152514
286.264335846932,3,20,36,138.156290260024,1.79252560289695,3,0.0499761239734417,751.091578889415,49.494921357703,0.347008347698876,0,179.91404630439,0,1,1,110.813755219737,35.1951185216023
261.567512749244,3,20,36,167.594799227902,1.79567471277634,7,0.0499761239734417,752.330037509572,49.9427998931047,0.34700834769886,0,179.914046304387,0,1,1,110.82792738849,35.1991463900394
262.888707898397,3,20,37,430.193337509282,2.29517325465716,5,0.0499761239734417,770.45225290802,56.4965524035107,0.347008347698881,0,179.91404630439,0,1,1,111.035481672894,35.258085702364
246.78536214199,3,20,37,255.628860653735,2.27719893286681,5,0.0499761239734417,776.464583039592,58.6708629293946,0.34700834769887,0,179.914046304391,0,1,1,111.104413303394,35.277639746703
258.038938661139,3,20,37,343.732981692639,2.61385373067214,4,0.0499761239734417,799.509550510384,67.0048888800439,0.347008347698871,0,179.91404630439,0,1,1,111.36895820011,35.3525894427201
468.028344425696,2,20,37,376.859473178286,2.20410713995735,5,0.0499761239734417,800.575156079888,67.3902565088187,0.347008347698826,0,179.914046304408,0,1,1,111.381203617342,35.3560551370679
261.698218876536,3,19,37,487.03834304508,2.19167024031332,5,0.0499761239734417,806.334819665972,69.4731922237106,0.347008347698895,0,179.914046304389,0,1,1,111.447410418402,35.3747874279893
259.441469777602,3,19,38,73.7941501912518,2.62832250297961,4,0.0468013434366007,834.489751809776,79.6551955362617,0.347008347698872,0.347008347698872,160.90879344846,0,1,1,111.77152407696,35.4663563836944
222.789535451755,2,19,38,73.7941501912518,2.08350894149824,3,0.0468013434366007,834.489751809776,79.6551955362617,0,0,0,0,1,1,111.77152407696,35.4663563836944
204.522715562332,3,19,38,73.7941501912518,2.02334343695666,5,0.0468013434366007,834.489751809776,79.6551955362617,0,0,0,0,1,1,111.77152407696,35.4663563836944
12.3773325959646,2,19,38,73.7941501912518,2.62009693247094,4,0.0468013434366007,834.489751809776,79.6551955362617,0,0,0,0,1,1,111.77152407696,35.4663563836944
242.31537054047,3,19,38,73.7941501912518,2.19390859824035,6,0.0468013434366007,834.489751809776,79.6551955362617,0,0,0,0,1,1,111.77152407696,35.4663563836944
16.9287483968242,2,19,38,73.7941501912518,2.61239413584983,4,0.0468013434366007,834.489751809776,79.6551955362617,0,0,0,0,1,1,111.77152407696,35.4663563836944
261.364854420117,3,19,38,73.7941501912518,2.1783497885998,3,0.0468013434366007,834.489751809776,79.6551955362617,0,0,0,0,1,1,111.77152407696,35.4663563836944
96.3079071831124,2,19,38,73.7941501912518,2.13149365233396,6,0.0468013434366007,834.489751809776,79.6551955362617,0,0,0,0,1,1,111.77152407696,35.4663563836944
257.275335564885,3,19,38,73.7941501912518,2.10059937149371,6,0.0468013434366007,834.489751809776,79.6551955362617,0,0,0,0,1,1,111.77152407696,35.4663563836944
262.278942172951,3,19,38,73.7941501912518,1.8258022638306,5,0.0468013434366007,834.489751809776,79.6551955362617,0,0,0,0,1,1,111.77152407696,35.4663563836944
268.877168170442,3,19,38,73.7941501912518,2.49287134096773,4,0.0468013434366007,834.489751809776,79.6551955362617,0,0,0,0,1,1,111.77152407696,35.4663563836944
273.926264757119,3,19,38,73.7941501912518,2.48186805364193,4,0.0468013434366007,834.489751809776,79.6551955362617,0,0,0,0,1,1,111.77152407696,35.4663563836944
249.029237595405,3,19,38,73.7941501912518,2.41334027606194,3,0.0468013434366007,834.489751809776,79.6551955362617,0,0,0,0,1,1,111.77152407696,35.4663563836944
263.560395513603,3,19,38,73.7941501912518,1.67261708733092,2,0.0468013434366007,834.489751809776,79.6551955362617,0,0,0,0,1,1,111.77152407696,35.4663563836944
288.611965435585,3,19,38,73.7941501912518,1.7779980419366,2,0.0468013434366007,834.489751809776,79.6551955362617,0,0,0,26.7699278091468,1,1,111.77152407696,35.4663563836944
0,3,11,41,221.889464348227,2.45264647358123,3,0.0455192474590226,988.835443521954,342.136649734624,1.03922840985698,0,20242.2118427213,0,60899624415.3272,3,113.843626900843,37.82690881283
248.931740667507,3,19,38,73.7941501912518,2.21208752455508,4,0.0468013434366007,834.489751809776,79.6551955362617,1.03922840985698,1.03922840985698,1124.25391936243,0,1,1,111.77152407696,35.4663563836944
262.901805083797,3,19,38,73.7941501912518,2.18813795190998,4,0.0468013434366007,834.489751809776,79.6551955362617,0,0,0,0,1,1,111.77152407696,35.4663563836944
301.790521064188,3,19,38,73.7941501912518,2.13289908623981,4,0.0468013434366007,834.489751809776,79.6551955362617,0,0,0,0,1,1,111.77152407696,35.4663563836944
469.155672540912,2,19,38,73.7941501912518,2.6271129910382,3,0.0468013434366007,834.489751809776,79.6551955362617,0,0,0,0,1,1,111.77152407696,35.4663563836944
260.008725349053,3,19,38,73.7941501912518,2.28184298028309,5,0.0468013434366007,834.489751809776,79.6551955362617,0,0,0,0,1,1,111.77152407696,35.4663563836944
44.6800588764238,2,19,38,73.7941501912518,2.04638547278608,4,0.0468013434366007,834.489751809776,79.6551955362617,0,0,0,0,1,1,111.77152407696,35.4663563836944
256.393889584376,3,19,38,73.7941501912518,2.23568204185992,5,0.0468013434366007,834.489751809776,79.6551955362617,0,0,0,0,1,1,111.77152407696,35.4663563836944
114.143886953311,2,19,38,73.7941501912518,2.12652896043193,2,0.0468013434366007,834.489751809776,79.6551955362617,0,0,0,0,1,1,111.77152407696,35.4663563836944
214.901103127353,2,19,38,73.7941501912518,2.62238080966775,3,0.0468013434366007,834.489751809776,79.6551955362617,0,0,0,0,1,1,111.77152407696,35.4663563836944
254.616677955884,3,19,38,73.7941501912518,2.61038762899407,3,0.0468013434366007,834.489751809776,79.6551955362617,0,0,0,0,1,1,111.77152407696,35.4663563836944
237.549407317873,3,19,38,73.7941501912518,2.60188109392525,3,0.0468013434366007,834.489751809776,79.6551955362617,0,0,0,0,1,1,111.77152407696,35.4663563836944
238.498233091038,3,19,38,73.7941501912518,2.59298091924554,3,0.0468013434366007,834.489751809776,79.6551955362617,0,0,0,0,1,1,111.77152407696,35.4663563836944
9.76779189714097,2,19,38,73.7941501912518,2.22357395580308,2,0.0468013434366007,834.489751809776,79.6551955362617,0,0,0,0,1,1,111.77152407696,35.4663563836944
92.1248263786218,2,19,38,73.7941501912518,2.5873155591596,3,0.0468013434366007,834.489751809776,79.6551955362617,0,0,0,0,1,1,111.77152407696,35.4663563836944
234.135858708962,3,19,38,73.7941501912518,2.10707872007376,5,0.0468013434366007,834.489751809776,79.6551955362617,0,0,0,0,1,1,111.77152407696,35.4663563836944
458.464451600465,2,19,38,73.7941501912518,2.57905487446829,3,0.0468013434366007,834.489751809776,79.6551955362617,0,0,0,0,1,1,111.77152407696,35.4663563836944
18.3907379010849,1,19,38,73.7941501912518,2.57587769711775,3,0.0468013434366007,834.489751809776,79.6551955362617,0,0,0,0,1,1,111.77152407696,35.4663563836944
268.261121429578,3,19,38,73.7941501912518,2.55895982787589,3,0.0468013434366007,834.489751809776,79.6551955362617,0,0,0,0,1,1,111.77152407696,35.4663563836944
111.90252885946,2,19,38,73.7941501912518,1.8357401635544,4,0.0468013434366007,834.489751809776,79.6551955362617,0,0,0,0,1,1,111.77152407696,35.4663563836944
18.9644009447038,1,19,38,73.7941501912518,2.31305372069881,2,0.0468013434366007,834.489751809776,79.6551955362617,0,0,0,0,1,1,111.77152407696,35.4663563836944
3.06209849509402,2,19,38,73.7941501912518,1.79207143248509,4,0.0468013434366007,834.489751809776,79.6551955362617,0,0,0,0.762457091378522,1,1,111.77152407696,35.4663563836944
14.1695075225281,2,19,38,10.399772554059,1.77284070133693,4,0.0468013434366007,838.2128734845,84.2907145609413,0.894123889288401,0,156.586770604067,0.0870434788195197,1,1,111.818237753976,35.5080446078298
11.6428371100554,2,19,38,135.720068446217,1.64825288441829,1,0.0468013434366007,846.853744316418,95.0491384403121,0.894123889288405,0,168.484836371762,0,1,1,111.926837084203,35.6047974382333
11.5470730875319,2,19,38,300.537916427523,2.41329303838737,2,0.0468013434366007,850.457881405577,99.5365142243946,0.89412388928841,0,168.484836371761,48.5421948982482,1.00003821051692,1,111.972209873262,35.6451533781983
0,3,10,42,67.3322462728469,2.36380826734071,2,0.0494808881705709,1046.87500163216,381.79171610065,0.962837547417818,0,6138.12088192828,9.805941684596,41.3475706841963,3,114.566581273817,38.183535392501
235.562617196782,2,18,38,411.203707719766,2.41889906049797,3,0.0468013434366007,860.628274846201,112.199289282903,0.966240751885417,0.0721168625970069,8115.78571896493,0,1.01290172301908,1,112.100485908791,35.7590324502084
5.77433634911461,2,18,38,445.093715619889,1.66513536479965,4,0.0468013434366007,861.945163445424,113.838897839486,0.89412388928841,0,168.484836371762,0,1,1,112.11712134345,35.7737778042103
244.432843350329,3,18,39,438.437996024598,2.49469075389323,2,0.0468013434366007,874.384475230819,129.326617949894,0.894123889288403,0,168.484836371762,0,1,1,112.274552688376,35.9130622174274
250.502382951666,3,17,39,249.245070012016,2.31681331765323,3,0.0468013434366007,882.907397484797,139.938188482869,0.894123889288406,0,168.484836371761,0,1,1,112.382724572042,36.0084943639577
265.390179770501,3,17,39,35.7854542556175,1.74183260086255,5,0.0468013434366007,889.055710569036,147.593222285595,0.894123889288398,0,168.484836371762,0,1,1,112.460912794818,36.077337736886
6.50667337962473,2,17,39,34.3603140201324,2.44275890758839,4,0.0468013434366007,896.445874673419,156.794438172236,0.894123889288407,0,168.484836371761,0,1,1,112.555065127242,36.1600862593618
233.454345336148,3,17,39,227.020034172082,1.90029359997093,1,0.0468013434366007,902.218508128753,163.981727372685,0.8941238892884,0,168.484836371763,0,1,1,112.628739978622,36.2247231040213
12.6535657873035,2,17,39,364.06921535856,2.21462201907426,3,0.0468013434366007,904.732809940586,167.112190167297,0.894123889288414,0,168.484836371759,0,1,1,112.660865167518,36.2528760322985
459.618333295498,2,16,39,485.927441154639,2.18649170948626,3,0.0468013434366007,911.664899052104,175.743074077261,0.894123889288396,0,168.484836371762,17.6435109176906,1.00018927132635,1,112.749548567938,36.3304954360826
0,3,10,42,67.3322462728469,1.92873882365925,1,0.0494808881705709,1046.87500163216,381.79171610065,0.990071585749078,0,4341.75297943984,0,10.9778512590902,3,114.566581273817,38.183535392501
8.04848049857726,2,15,40,191.97345157465,2.60211284437691,2,0.0468013434366007,937.445637187666,207.841703275711,1.0092647900944,0.115140900805998,1095.50666601141,0,1.05751102182338,1,113.080811278438,36.619165343668
260.113560458697,3,15,40,69.7809417320348,2.24828896276051,4,0.0468013434366007,941.05536633844,212.336041525774,0.894123889288406,0,168.484836371762,0,1,1,113.127375345425,36.6595838985939
460.684045265383,2,14,40,656.393032134514,2.1949136084699,1,0.0468013434366007,967.275234736154,244.981415327908,0.894123889288402,0,168.484836371762,0,1,1,113.466941579049,36.9531707985294
242.854550018614,3,14,41,311.831654244142,2.51083919385386,2,0.0468013434366007,987.923695418253,270.69003854375,0.894123889288406,0,168.484836371762,0,1,1,113.736012570344,37.1843740016937
257.690167934437,3,13,41,228.210847165581,2.01909003887431,4,0.0468013434366007,990.277511821545,273.620686981092,0.894123889288394,0,168.484836371761,0,1,1,113.766778043144,37.2107299562842
260.02471528769,3,13,41,34.8856802188392,2.47972408727585,2,0.0468013434366007,998.799617052339,284.231240269171,0.894123889288401,0,168.484836371762,0,1,1,113.87832475526,37.3061529545114
240.527923960115,3,13,41,654.492814999228,1.68141095477018,3,0.0826661774223813,1014.5748010256,303.872329606197,0.894123889288404,0.894123889288404,132.708431483535,0,1,1,114.08546463759,37.4827895145571
278.195280243886,3,13,41,654.492814999228,2.39473493925184,2,0.0826661774223813,1014.5748010256,303.872329606197,0,0,0,0,1,1,114.08546463759,37.4827895145571
8.30536203556182,2,13,41,654.492814999228,2.43462765553635,1,0.0826661774223813,1014.5748010256,303.872329606197,0,0,0,0,1,1,114.08546463759,37.4827895145571
9.88969475507279,2,13,41,654.492814999228,2.356941294056,2,0.0826661774223813,1014.5748010256,303.872329606197,0,0.241318615655262,0,0.773609713500564,1,1,114.08546463759,37.4827895145571
0,3,12,41,245.247774594051,1.58342296298714,3,0.0458422481514263,1000.03313301984,307.451248406959,-0.241318615655262,0,150.703695033609,0.0420591601705399,2995121153.95742,3,113.924339192925,37.5149755045907
11.8939085235943,2,13,41,654.492814999228,2.52041495925416,1,0.0826661774223813,1014.5748010256,303.872329606197,-0.241318615655262,0,165.749782959288,0,1,1,114.08546463759,37.4827895145571
270.13300005812,3,13,41,654.492814999228,2.21003265138967,2,0.0826661774223813,1014.5748010256,303.872329606197,0,0,0,0,1,1,114.08546463759,37.4827895145571
283.046841527487,3,13,41,654.492814999228,2.39437999750247,3,0.0826661774223813,1014.5748010256,303.872329606197,0,0,0,0,1,1,114.08546463759,37.4827895145571
266.074146997518,3,13,41,654.492814999228,2.56244442143107,1,0.0826661774223813,1014.5748010256,303.872329606197,0,0,0,0,1,1,114.08546463759,37.4827895145571
99.2273927726556,2,13,41,654.492814999228,2.34291566960437,3,0.0826661774223813,1014.5748010256,303.872329606197,0,0,0,0,1,1,114.08546463759,37.4827895145571
266.330655602537,3,13,41,654.492814999228,2.10328485651257,2,0.0826661774223813,1014.5748010256,303.872329606197,0,0.241318615655262,0,1.36123921909572,1,1,114.08546463759,37.4827895145571
18.9884700909993,1,12,41,245.247774594051,2.58666224831549,1,0.0458422481514263,1000.03313301984,307.451248406959,-0.241318615655262,0,442.091420776888,0,2995121153.95742,3,113.924339192925,37.5149755045907
276.337656442005,3,13,41,654.492814999228,2.18418101874655,3,0.0826661774223813,1014.5748010256,303.872329606197,-0.241318615655262,0,71.8409468399931,0,1,1,114.08546463759,37.4827895145571
222.199669511318,2,13,41,654.492814999228,1.94288055556537,2,0.0826661774223813,1014.5748010256,303.872329606197,0,0,0,0,1,1,114.08546463759,37.4827895145571
246.528256265361,3,13,41,654.492814999228,2.1203841918681,3,0.0826661774223813,1014.5748010256,303.872329606197,0,0,0,0,1,1,114.08546463759,37.4827895145571
19.2715598689486,1,13,41,654.492814999228,2.54967104485511,1,0.0826661774223813,1014.5748010256,303.872329606197,0,0,0,0,1,1,114.08546463759,37.4827895145571
263.610397808453,3,13,41,654.492814999228,2.07651938015077,3,0.0826661774223813,1014.5748010256,303.872329606197,0,0,0,0,1,1,114.08546463759,37.4827895145571
102.488217833793,2,13,41,654.492814999228,2.01638278396579,3,0.0826661774223813,1014.5748010256,303.872329606197,0,0,0,0,1,1,114.08546463759,37.4827895145571
39.4858797481029,2,13,41,654.492814999228,2.41126249242704,1,0.0826661774223813,1014.5748010256,303.872329606197,0,0,0,0,1,1,114.08546463759,37.4827895145571
263.666414832765,3,13,41,654.492814999228,1.85209105795807,3,0.0826661774223813,1014.5748010256,303.872329606197,0,0,0,0,1,1,114.08546463759,37.4827895145571
8.31079258834928,2,13,41,654.492814999228,2.36228423183623,1,0.0826661774223813,1014.5748010256,303.872329606197,0,0,0,0,1,1,114.08546463759,37.4827895145571
460.324960266625,2,13,41,654.492814999228,1.61799144559708,2,0.0826661774223813,1014.5748010256,303.872329606197,0,0,0,0,1,1,114.08546463759,37.4827895145571
256.591728548675,3,13,41,654.492814999228,1.78124623723124,3,0.0826661774223813,1014.5748010256,303.872329606197,0,0.241318615655262,0,0.32474159823147,1,1,114.08546463759,37.4827895145571
0,3,12,41,245.247774594051,2.23625281202718,1,0.0458422481514263,1000.03313301984,307.451248406959,-0.241318615655262,0,84.2875000695556,0.902392617349581,1.31347015684852,3,113.924339192925,37.5149755045907
104.152500921066,2,11,42,261.572760295046,2.19230287623092,1,0.0826661774223813,1029.26029625777,357.256511939121,1.0401178262635,0,661.478114016231,0,1.00644983429068,1,114.328789502571,37.9628850004201
4.47515665112713,2,10,42,322.87517997076,2.355367040419,2,0.0826661774223813,1034.33140744679,375.690832339309,1.30234574000369,0,297.59823872056,0,1,1,114.413314355063,38.1286688266833
24.9373049927471,2,10,42,155.587560955507,2.15558103129947,1,0.0826661774223813,1035.97558722614,381.667695341994,1.30234574000372,0,297.59823872056,0,1,1,114.440774650282,38.1824200470226
240.021830819365,3,10,42,116.225040524508,2.34310056801735,2,0.0826661774223813,1036.53447575868,383.69934676762,1.30234574000365,0,297.598238720564,0,1,1,114.450115096965,38.2006911272502
10.5508771750719,2,10,42,102.290130306733,1.82335574376481,8,0.0559269883523645,1040.69477525485,398.822717369154,1.3023457400037,1.71966601586921,101.11176694532,0.0941535225290992,1.30202935482039,1,114.519742503915,38.336698866613
9.36284819568909,2,9,41,874.575711682159,1.89670206161656,8,0.0559269883523645,1019.53723839216,408.203170448361,-0.417320275865509,0,153.692482386627,0.0262694090435127,1,1,114.288542667307,38.4210593078874
239.038310860963,3,9,41,187.512972307009,2.0858228749055,2,0.0549126182346823,980.789948760123,425.382255835224,-0.417320275865508,0,167.933281321598,0,1,1,113.863713580551,38.5755545344707
40.9911993187424,2,9,41,187.512972307009,2.03391487348522,2,0.0549126182346823,980.789948760123,425.382255835224,0,0,0,0.517856300545126,1,1,113.863713580551,38.5755545344707
264.357467921097,3,10,41,660.119645887537,1.76858119108146,1,0.0549126182346823,973.5623032627,404.908307242577,1.23143656784415,0,191.796518799366,0,1,1,113.752535703942,38.3914278911923
101.001940595823,2,10,41,634.651802517981,2.1898094979443,8,0.0832671822672085,972.88262838317,402.982973667739,1.23143656784412,1.23143656784412,19.5864111874583,0,1,1,113.742101690285,38.3741129503678
265.423245065084,3,10,41,634.651802517981,1.89526659513842,2,0.0832671822672085,972.88262838317,402.982973667739,0,0,0,0,1,1,113.742101690285,38.3741129503678
247.830457324232,3,10,41,634.651802517981,1.85103279499791,2,0.0832671822672085,972.88262838317,402.982973667739,0,1.29389346607667,0,2.3762834823202,1,1,113.742101690285,38.3741129503678
22.1102779421457,1,12,41,245.247774594051,2.32732288727746,8,0.0458422481514263,1000.03313301984,307.451248406959,-1.29389346607667,0,752.883246853773,5.15468583971444,19862991147.6868,3,113.924339192925,37.5149755045907
98.5877500921421,2,10,41,634.651802517981,2.33235493631687,8,0.0832671822672085,972.88262838317,402.982973667739,-1.29389346607667,0,3200.7722566863,0,1,1,113.742101690285,38.3741129503678
264.893066727345,3,10,41,634.651802517981,1.80726040859307,6,0.0832671822672085,972.88262838317,402.982973667739,0,0,0,0,1,1,113.742101690285,38.3741129503678
274.327850846269,3,10,41,634.651802517981,2.50509896820199,7,0.0832671822672085,972.88262838317,402.982973667739,0,0,0,0,1,1,113.742101690285,38.3741129503678
245.418955402472,3,10,41,634.651802517981,1.82015659306133,6,0.0832671822672085,972.88262838317,402.982973667739,0,0,0,0,1,1,113.742101690285,38.3741129503678
259.988122044091,3,10,41,634.651802517981,2.51656128342649,7,0.0832671822672085,972.88262838317,402.982973667739,0,0,0,0,1,1,113.742101690285,38.3741129503678
41.6449589896901,2,10,41,634.651802517981,2.19423468546444,8,0.0832671822672085,972.88262838317,402.982973667739,0,0,0,0,1,1,113.742101690285,38.3741129503678
257.493731909273,3,10,41,634.651802517981,2.12260882846958,8,0.0832671822672085,972.88262838317,402.982973667739,0,0,0,0,1,1,113.742101690285,38.3741129503678
273.582721720058,3,10,41,634.651802517981,2.09705506607572,8,0.0832671822672085,972.88262838317,402.982973667739,0,0,0,0,1,1,113.742101690285,38.3741129503678
11.3973582337801,2,10,41,634.651802517981,2.58792719519502,7,0.0832671822672085,972.88262838317,402.982973667739,0,0,0,0,1,1,113.742101690285,38.3741129503678
256.156549704427,3,10,41,634.651802517981,2.58853043103981,7,0.0832671822672085,972.88262838317,402.982973667739,0,0,0,0,1,1,113.742101690285,38.3741129503678
266.342494661909,3,10,41,634.651802517981,2.58539097809423,7,0.0832671822672085,972.88262838317,402.982973667739,0,0,0,0,1,1,113.742101690285,38.3741129503678
39.1027467833338,2,10,41,634.651802517981,2.1612639703165,6,0.0832671822672085,972.88262838317,402.982973667739,0,0,0,0,1,1,113.742101690285,38.3741129503678
243.831022663752,3,10,41,634.651802517981,1.93501518930402,8,0.0832671822672085,972.88262838317,402.982973667739,0,0,0,0,1,1,113.742101690285,38.3741129503678
25.1417888606195,2,10,41,634.651802517981,2.55447360058267,7,0.0832671822672085,972.88262838317,402.982973667739,0,0,0,0,1,1,113.742101690285,38.3741129503678
216.679352604162,2,10,41,634.651802517981,2.20600704992159,6,0.0832671822672085,972.88262838317,402.982973667739,0,0,0,0,1,1,113.742101690285,38.3741129503678
6.19279909510267,2,10,41,634.651802517981,2.23439208331305,6,0.0832671822672085,972.88262838317,402.982973667739,0,1.05504618336199,0,3.598847858346,1,1,113.742101690285,38.3741129503678
0,3,12,41,454.609529626591,2.29693408519251,6,0.0515327735382263,1013.93719518877,330.567699179345,-1.05504618336199,0,752.515680619229,4.07079606461526,16648662931.0886,3,114.115440738764,37.7228667409083
98.5547632585556,2,10,41,634.651802517981,2.497071496674,7,0.0832671822672085,972.88262838317,402.982973667739,-1.05504618336199,0,2373.6375245306,0,1,1,113.742101690285,38.3741129503678
12.9487409326666,2,10,41,634.651802517981,2.45383065783446,7,0.0832671822672085,972.88262838317,402.982973667739,0,0,0,0,1,1,113.742101690285,38.3741129503678
263.196384877737,3,10,41,634.651802517981,2.41357589775073,7,0.0832671822672085,972.88262838317,402.982973667739,0,0,0,0,1,1,113.742101690285,38.3741129503678
256.935463385333,3,10,41,634.651802517981,1.68215521005095,8,0.0832671822672085,972.88262838317,402.982973667739,0,0,0,0,1,1,113.742101690285,38.3741129503678
105.217986893199,2,10,41,634.651802517981,2.42038904979694,6,0.0832671822672085,972.88262838317,402.982973667739,0,0,0,0,1,1,113.742101690285,38.3741129503678
266.993050346626,3,10,41,634.651802517981,1.64890384540644,8,0.0832671822672085,972.88262838317,402.982973667739,0,0,0,0,1,1,113.742101690285,38.3741129503678
220.303193959541,2,10,41,634.651802517981,1.75232870828708,5,0.0832671822672085,972.88262838317,402.982973667739,0,0,0,0,1,1,113.742101690285,38.3741129503678
213.135418590855,2,10,41,634.651802517981,2.29528176675294,7,0.0832671822672085,972.88262838317,402.982973667739,0,0,0,0,1,1,113.742101690285,38.3741129503678
266.233608087065,3,10,41,634.651802517981,2.44884477738157,8,0.0832671822672085,972.88262838317,402.982973667739,0,0,0,0,1,1,113.742101690285,38.3741129503678
249.571861737439,3,10,41,634.651802517981,2.53760866398127,6,0.0832671822672085,972.88262838317,402.982973667739,0,0,0,0,1,1,113.742101690285,38.3741129503678
254.372141598136,3,10,41,634.651802517981,1.91923122230695,5,0.0832671822672085,972.88262838317,402.982973667739,0,0,0,0,1,1,113.742101690285,38.3741129503678
266.20793287838,3,10,41,634.651802517981,2.57374032703978,6,0.0832671822672085,972.88262838317,402.982973667739,0,0,0,0,1,1,113.742101690285,38.3741129503678
221.326411658397,2,10,41,634.651802517981,2.13944876630389,7,0.0832671822672085,972.88262838317,402.982973667739,0,1.05504618336199,0,12.0557237521884,1,1,113.742101690285,38.3741129503678
0,3,12,41,454.609529626591,2.0138737450273,5,0.0515327735382263,1013.93719518877,330.567699179345,-1.05504618336199,0,1253.26040821226,2.15760600115943,16648662931.0886,3,114.115440738764,37.7228667409083
9.04964210879461,2,10,41,634.651802517981,2.58752424996671,6,0.0832671822672085,972.88262838317,402.982973667739,-1.05504618336199,0,1769.18079210717,0,1,1,113.742101690285,38.3741129503678
99.8940019745726,2,10,41,634.651802517981,2.25523442722911,8,0.0832671822672085,972.88262838317,402.982973667739,0,0,0,0,1,1,113.742101690285,38.3741129503678
313.550014306088,3,10,41,634.651802517981,2.03016854921754,7,0.0832671822672085,972.88262838317,402.982973667739,0,0,0,0,1,1,113.742101690285,38.3741129503678
15.18451296601,2,10,41,634.651802517981,2.58759429919096,6,0.0832671822672085,972.88262838317,402.982973667739,0,0,0,0,1,1,113.742101690285,38.3741129503678
256.363946712422,3,10,41,634.651802517981,2.14701830213688,8,0.0832671822672085,972.88262838317,402.982973667739,0,0,0,0,1,1,113.742101690285,38.3741129503678
284.322434564965,3,10,41,634.651802517981,2.19328586729917,5,0.0832671822672085,972.88262838317,402.982973667739,0,0,0,0,1,1,113.742101690285,38.3741129503678
247.181719350862,3,10,41,634.651802517981,2.09711933429718,8,0.0832671822672085,972.88262838317,402.982973667739,0,0,0,0.54732285353244,1,1,113.742101690285,38.3741129503678
264.269215646692,3,10,41,590.970983556038,2.03342031832872,8,0.0832671822672085,970.191646157441,392.215380788514,1.32589773071156,0,87.8711737039316,0.465995134359495,1,1,113.696626910201,38.2772776611675
268.103583996665,3,11,40,308.350307910343,2.47988825976711,6,0.0832671822672085,960.93549757671,355.178183517566,1.32589773071156,0,299.761856161966,0,1,1,113.540816760158,37.9441941438832
249.752859447017,3,12,40,81.9437096337061,2.42910190826193,6,0.0832671822672085,952.372869650314,320.916013144908,1.32589773071156,0,299.761856161966,0,1.00182938114095,1,113.3975210843,37.6360670430652
110.687386250739,2,13,40,313.037361017802,2.36878370371246,6,0.0298008703333057,950.456746703784,304.379190464915,1.45544066286259,2.99958032327837,129.873518567892,0,1.00242673958619,1,113.353961467912,37.4873478237715
219.673955063777,2,13,40,80.0212518080061,1.79286337642256,4,0.0298008703333057,950.753725367182,293.240951583559,-1.54413966041578,0,107.283133199901,2.27786343282489,1.23092190474503,1,113.342776668458,37.3871792349926
23.7869910353312,1,12,41,454.609529626591,2.51213087165327,5,0.0515327735382263,1013.93719518877,330.567699179345,0.533603321887848,0,958.949665508126,4.65096806596904,12.7360711393128,3,114.115440738764,37.7228667409083
251.500944811136,3,13,40,107.308251891318,2.26692070990267,6,0.0298008703333057,951.074568690623,281.20766427909,0.665654134671007,2.20979379508681,2240.27826279645,0,1.00760483325193,1,113.330682845944,37.2789612823613
245.938820222928,3,13,40,131.833194984852,2.25989053464078,6,0.0298008703333057,951.115806037497,279.661050070991,-1.5441396604158,0,107.283133199901,0,1,1,113.329127680457,37.2650522466276
250.690100972204,3,13,40,345.95056293391,1.67922570814479,8,0.0298008703333057,951.337671033118,271.339962985594,-1.54413966041578,0,107.283133199901,0,1,1,113.320757572359,37.1902189126213
254.773105073652,3,14,40,201.476341380037,2.38485870926825,7,0.0298008703333057,951.482173726204,265.920363152491,-1.54413966041578,0,107.283133199901,0,1,1,113.315303311663,37.1414792803679
94.7233385192119,2,14,40,181.203657238745,2.38102291135296,7,0.0298008703333057,951.506773817704,264.997732238527,-1.54413966041574,0,107.283133199899,0,1,1,113.314374565342,37.1331818612157
215.887495673984,2,14,40,111.924032243166,2.10751132020455,6,0.0298008703333057,951.958713499033,248.047652145214,-1.54413966041578,0,107.283133199901,3.47175186526638,1.32718156338087,1,113.297301018158,36.980746128716
26.3889809887374,1,12,41,454.609529626591,2.58704627138761,5,0.0515327735382263,1013.93719518877,330.567699179345,0.926609607763547,0,2082.64107456679,25.2676982779477,29.9156227810375,3,114.115440738764,37.7228667409083
261.394975856173,3,14,40,253.393542027478,2.07392165197351,6,0.0298008703333057,952.147638706517,240.961977815686,0.967103662425606,2.51124332284141,6590.2549866154,0,1.00689522133309,1,113.290157480244,36.9170231285456
98.7012753581681,2,15,40,348.901294976506,2.25240955718126,7,0.0298008703333057,952.258699836088,236.796609915372,-1.5441396604158,0,107.283133199901,9.65624878260958,1.06945496706944,1,113.285956376845,36.879563075052
18.4279096996607,1,12,41,454.609529626591,2.222970217935,7,0.0515327735382263,1013.93719518877,330.567699179345,0.98898805148576,0,1457.44918101245,0,7.1332322352185,3,114.115440738764,37.7228667409083
244.015482327225,3,16,40,308.48641325506,2.24289662808502,4,0.0298008703333057,953.212686200388,201.017177502461,1.13247431014922,2.67661397056499,557.554825084274,0,1.00302787694419,1,113.249817533674,36.5577909088876
220.018933324536,2,16,40,203.82781712995,2.05953418251798,7,0.0298008703333057,953.327574350665,196.708276493296,-1.54413966041578,0,107.2831331999,0,1,1,113.245459009511,36.5190400311346
252.935432611113,3,16,40,104.924897966665,2.30347881768862,4,0.0298008703333057,953.569928005116,187.618758525397,-1.54413966041577,0,107.283133199901,0,1,1,113.236260343206,36.4372960321754
258.456344183038,3,16,40,116.409882949299,1.99542333061416,7,0.0298008703333057,953.687113068833,183.223711359131,-1.54413966041579,0,107.283133199901,0,1,1,113.231810344583,36.3977704234188
299.294111967193,3,17,40,281.580992724455,2.43168135416016,5,0.0298008703333057,954.161728775206,165.423162814889,-1.54413966041578,0,107.283133199901,0,1,1,113.213772735004,36.2376862443884
269.866748683016,3,17,40,257.742539904996,2.40686611205265,4,0.0298008703333057,954.188018010394,164.437180259179,-1.54413966041575,0,107.2831331999,0,1,1,113.212772941696,36.2288190902343
461.286786698196,2,17,40,228.814715559404,2.42265073815632,5,0.0298008703333057,954.223290716169,163.114271002245,-1.54413966041577,0,107.283133199902,0,1,1,113.211431390224,36.21692188146
301.27424332986,3,17,40,129.41070541778,2.39116268888133,5,0.0298008703333057,954.431544031927,155.303692450246,-1.54413966041578,0,107.2831331999,0,1,1,113.203508128192,36.1466796609946
99.9202796247321,2,17,40,126.043204233391,1.85415305642889,7,0.0298008703333057,954.453518686825,154.479529014411,-1.54413966041581,0,107.283133199901,0,1,1,113.202671813347,36.1392677811481
464.606573244235,2,17,40,168.392773243432,1.75861721485213,3,0.0298008703333057,954.675774845555,146.143771285354,-1.54413966041578,0,107.283133199901,0,1,1,113.19421035154,36.0643025108736
216.048763752193,2,17,40,257.917342956545,2.33149320121183,5,0.0298008703333057,954.806112178522,141.255445864506,-1.54413966041579,0,107.283133199901,0,1,1,113.189245937236,36.0203407441963
234.544631096345,3,17,40,402.866023070373,1.76822390192175,7,0.0298008703333057,954.942548672527,136.138370297623,-1.54413966041577,0,107.283133199901,0,1,1,113.184047333198,35.9743217780322
10,2,18,40,391.043146934994,1.81720192506281,3,0.0298008703333057,954.981526463523,134.676501144396,-1.54413966041577,0,107.283133199901,0,1,1,113.182561819658,35.9611748728869
263.409996875992,3,18,40,271.603039476806,2.53071109557102,4,0.0298008703333057,955.099465601662,130.253172279536,-1.5441396604158,0,107.283133199901,0,1,1,113.178065992136,35.9213949207044
0,2,18,40,236.377416598069,2.53545793832976,4,0.0298008703333057,955.144429631098,128.566788162954,-1.54413966041579,0,107.283133199901,0,1,1,113.176351589937,35.9062289039852
307.840374923231,3,18,40,201.552561593246,2.44478163015414,6,0.0298008703333057,955.198504973144,126.53868260678,-1.54413966041574,0,107.283133199899,47.6372910490978,1.01883194486846,1,113.17428951236,35.8879897125277
19.4341748016989,1,12,41,454.609529626591,2.25271208848532,5,0.0515327735382263,1013.93719518877,330.567699179345,1.29048280129973,1.29048280129973,3350.40286204444,0,1,3,114.115440738764,37.7228667409083
0,3,12,41,454.609529626591,1.88153081217699,3,0.0515327735382263,1013.93719518877,330.567699179345,0,0,0,27.6747201779517,1,3,114.115440738764,37.7228667409083
8.83234013204482,2,18,40,236.379568372768,2.57915519586121,4,0.0298008703333057,955.656016122627,109.379643585213,1.31316061119904,2.85730027161481,5430.52987492277,0,1.00051101483447,1,113.156830965906,35.7336747672387
219.538400913383,2,18,40,302.616432884135,2.16778299241342,5,0.0298008703333057,955.735611083685,106.394420068223,-1.54413966041577,0,107.283133199902,0,1,1,113.153791428964,35.7068280071655
266.150945546039,3,19,40,168.287136559557,2.06784313335182,5,0.0298008703333057,956.270969806729,86.3156936161414,-1.54413966041578,0,107.283133199901,0,1,1,113.133330392667,35.5262556819886
271.650446963712,3,19,40,230.288613984116,2.22843419042319,6,0.0298008703333057,956.515853346119,77.131291852647,-1.54413966041578,0,107.283133199901,0,1,1,113.123961251195,35.4436583725551
11.200474243849,2,19,40,313.787791036803,2.20921954551725,6,0.0298008703333057,956.626621822887,72.9768999490309,-1.54413966041577,0,107.2831331999,0,1,1,113.11972126202,35.4062970285713
0.793737260971701,2,20,40,339.234354845301,2.16480521330651,3,0.0298008703333057,956.882175697804,63.3923053074158,-1.54413966041578,0,107.283133199901,0,1,1,113.10993435319,35.3201006981196
7.91733135636725,2,20,40,217.026753090876,2.19784160586071,3,0.0298008703333057,957.070642230949,56.3238336425197,-1.54413966041578,0,107.283133199901,0,1,1,113.102712358284,35.2565324052289
241.10589710386,3,20,40,201.098870141908,2.0869192010217,6,0.0298008703333057,957.291622360612,48.0359336161233,-1.54413966041578,0,107.283133199901,0,1,1,113.0942397788,35.1819975296146
263.211785342205,3,20,40,231.404881624582,2.25074274870779,3,0.0298008703333057,957.376250552909,44.8619378444686,-1.54413966041578,0,107.2831331999,0,1,1,113.090993721656,35.1534530998691
247.724714771887,3,20,40,329.870927808548,1.84050514728061,5,0.0298008703333057,957.52087940445,39.4376064154872,-1.54413966041579,0,107.283133199901,0,1,1,113.085444526257,35.1046709153517
298.002243633414,3,20,40,380.358281776848,2.28430800455112,3,0.0298008703333057,957.573550202365,37.4621785428991,-1.54413966041578,0,107.283133199898,0,1,1,113.083423089069,35.0869054656841
257.830640078033,3,21,40,474.390007622697,2.51095965694579,4,0.0298008703333057,957.682167094375,33.3884822176412,-1.54413966041579,0,107.283133199902,0,1,1,113.079253608679,35.0502698344716
218.544671175197,2,21,40,387.318053859661,2.32053031999367,3,0.0298008703333057,957.761886643834,30.3985859900069,-1.54413966041578,0,107.283133199902,0,1,1,113.076192636489,35.0233810517019
10.4366530470344,2,21,40,268.285607658423,1.76565139413221,5,0.0298008703333057,957.918640415417,24.5195072256452,-1.54413966041577,0,107.283133199901,0,1,1,113.070171886369,34.970509226145
266.251206082335,3,21,40,218.38796822108,2.46054338226175,4,0.0298008703333057,958.075822613614,18.6243602431038,-1.54413966041579,0,107.2831331999,0,1,1,113.064132133434,34.9174928956304
261.642528966263,3,21,40,222.740214200404,2.38684054958789,3,0.0298008703333057,958.175255676172,14.895105114793,-1.54413966041578,0,107.283133199902,24.9940340517482,1.02330285322395,1,113.060310083704,34.8839548985216
0,3,12,41,454.609529626591,1.7146205164257,5,0.0515327735382263,1013.93719518877,330.567699179345,1.39595512944096,0,3236.12650594462,5.24553768296677,37.1475362532614,3,114.115440738764,37.7228667409083
37.3990648744575,2,22,40,432.225187038958,2.46049512867578,3,0.0298008703333057,958.64773667585,-2.82538086589369,1.40645339465309,2.95059305506886,5106.70557151713,0,1.00012725854277,1,113.042134711271,34.7245907394235
254.622194158102,3,22,40,372.202033318169,2.4691934334022,3,0.0298008703333057,958.711656304289,-5.22269817689943,-1.54413966041577,0,107.2831331999,52.1253827778046,1.01406445000859,1,113.039674084604,34.7030311468832
95.9178022298173,2,12,41,454.609529626591,2.36245742002215,4,0.0515327735382263,1013.93719518877,330.567699179345,1.40779123682614,0,4301.97582224024,13.220369130743,52.6038127055117,3,114.115440738764,37.7228667409083
28.1679693928333,2,22,40,247.66066533038,1.81081600785764,2,0.0298008703333057,959.063071915834,-18.4026047171117,1.41482764070506,2.95896730112085,8066.77546133002,0,1.00011020780617,1,113.026138582799,34.5845013997272
241.876034358319,3,22,40,262.157209702503,2.52070546775307,3,0.0298008703333057,959.126300871346,-20.774018214118,-1.54413966041578,0,107.283133199901,0,1,1,113.023701834862,34.5631747657829
268.442731696417,3,22,40,383.883063380192,1.71661924270453,6,0.0298008703333057,959.328297691066,-28.3499457422834,-1.54413966041578,0,107.283133199901,21.3873144043198,1.04228293232053,1,113.015914418405,34.4950428126734
0,3,12,41,454.609529626591,2.26896660757792,4,0.0515327735382263,1013.93719518877,330.567699179345,1.41980550541834,0,5546.26280743989,5.21580162140882,56.9525666646853,3,114.115440738764,37.7228667409083
221.575998458657,2,23,40,355.94360534571,2.57431322826513,3,0.0298008703333057,959.674086343385,-41.3188121514643,1.42590573670363,2.97004539711942,6775.36340215,0,1.00014934117484,1,113.002573735746,34.3784109950129
454.602381383041,2,23,40,300.182763700631,2.58124866836166,3,0.0298008703333057,959.77810777964,-45.2201550713164,-1.54413966041579,0,107.283133199902,0,1,1,112.998558126191,34.3433253752137
273.729064113285,3,23,40,276.030944528819,2.34159163520955,5,0.0298008703333057,959.961183230813,-52.0864332245632,-1.54413966041577,0,107.2831331999,0,1,1,112.991488027882,34.2815754522591
283.655137292602,3,23,40,299.590175441612,2.59497477242677,3,0.0298008703333057,960.053373061224,-55.5440296114508,-1.54413966041578,0,107.283133199901,0,1,1,112.987926485377,34.2504805409063
41.5769133564365,2,23,40,421.744645685393,2.09409014265098,4,0.0298008703333057,960.241332045121,-62.5934655493197,-1.54413966041579,0,107.2831331999,0,1,1,112.980662403097,34.1870834404217
250.462540069488,3,23,40,532.418427318892,2.0436080491692,2,0.0298008703333057,960.345616109408,-66.5046583813498,-1.54413966041578,0,107.283133199901,62.4971627664189,1.01971867001559,1,112.976630546119,34.1519092382341
3.48781219506352,3,12,41,253.25343262958,2.00768032873041,2,0.0515327735382263,1008.67509975904,329.066264988559,1.44922232133631,1.1712778932179,8312.59137746139,0,1.0350154703328,3,114.053074758318,37.7093640188319
0,3,12,41,39.6836336134262,2.27475965319348,5,0.0515327735382263,999.031411851166,326.314630598137,0.277944428118411,0,185.517984737611,52.6253735407086,1.01519288427604,3,113.938834911166,37.6846179762429
5.63769481733566,2,24,40,310.82780491396,2.59634406054677,3,0.0298008703333057,960.749652241189,-81.658107120688,1.47723616700146,3.02137582741722,10426.7137365525,0,1.00004228325195,1,112.960998996062,34.0156309996794
262.328590895071,3,24,40,303.949314292766,2.19202468599007,5,0.0298008703333057,960.814394254986,-84.0862681443692,-1.54413966041576,0,107.283133199903,0,1,1,112.958492658185,33.9937940229669
227.953262635456,3,24,40,316.865850726203,2.1499437703685,2,0.0298008703333057,960.915703713928,-87.8858978609239,-1.5441396604158,0,107.2831331999,0,1,1,112.954569827483,33.959623131981
287.076846297476,3,24,40,323.094077937527,2.15361326556853,2,0.0298008703333057,960.936507013865,-88.6661294155332,-1.54413966041576,0,107.2831331999,0,1,1,112.95376416619,33.9526063410342
245.001799045749,3,24,40,471.739671283659,2.57450036899935,3,0.0298008703333057,961.165056917213,-97.2379351832138,-1.54413966041579,0,107.2831331999,0,1,1,112.944910041352,33.8755182397481
41.6814010138215,2,25,40,433.448272704358,2.54739018778481,3,0.0298008703333057,961.460215854076,-108.307924889298,-1.54413966041578,0,107.283133199901,0,1,1,112.933467473052,33.7759634305483
8.95381042773923,2,25,40,366.349228750873,2.53574299269183,3,0.0298008703333057,961.576739832991,-112.678177949595,-1.54413966041579,0,107.283133199901,0,1,1,112.928947655533,33.7366608005437
247.596061117303,3,25,40,336.902084216537,2.0220510528555,5,0.0298008703333057,961.744880454898,-118.984322610071,-1.54413966041577,0,107.283133199901,0,1,1,112.92242322291,33.6799482791116
98.4172436212713,2,25,40,342.706466491629,2.01385154366063,5,0.0298008703333057,961.790852429511,-120.708509894189,-1.54413966041581,0,107.2831331999,0,1,1,112.92063884453,33.664442290339
92.9160457132921,2,25,40,636.061835330783,2.36982378154409,2,0.0298008703333057,962.184542035735,-135.473910307331,-1.54413966041578,0,107.283133199901,0,1,1,112.905349050798,33.5316538542232
230.564003533068,3,26,40,550.670656736602,1.92370094938729,5,0.0298008703333057,962.268196687298,-138.611393256383,-1.54413966041578,0,107.283133199901,0,1,1,112.902098078664,33.5034377921804
263.943479791462,3,26,40,382.699125266676,2.40745787552638,3,0.0298008703333057,962.531979348071,-148.504610010841,-1.54413966041578,0,107.283133199901,0,1,1,112.891842272761,33.4144659563872
111.85092046803,2,26,40,372.157742146464,2.38727387826775,3,0.0298008703333057,962.663732418896,-153.446032938014,-1.54413966041579,0,107.283133199902,0,1,1,112.886717055025,33.3700266723633
261.381456418463,3,26,40,476.774521488404,2.47875979833569,2,0.0298008703333057,962.901454900946,-162.361857941193,-1.54413966041577,0,107.2831331999,0,1,1,112.877465074196,33.2898447317638
269.73789992006,3,26,40,512.50384403947,1.76933842781544,1,0.0298008703333057,962.944247418768,-163.966799119062,-1.54413966041578,0,107.2831331999,0,1,1,112.875799001783,33.2754111489889
13.2543084645854,2,26,40,543.451207166554,2.48855571506923,2,0.0298008703333057,962.977119387099,-165.199668280746,-1.54413966041577,0,107.283133199903,559.699216887776,1.00517620076876,1,112.874519044983,33.2643236902452
21.4057961067905,1,12,40,140.328677686457,2.44209246382272,2,0.0555963178049094,950.243052159754,312.393843274688,-1.54413966041578,0,23270.40324764,0,35.8679810979462,3,113.362003990311,37.5594253281292
274.401992180788,3,27,40,450.370475059072,1.66656333450993,5,0.0298008703333057,963.707535478101,-192.594056858269,-1.54413966041578,0,2150.50439105897,0,1,1,112.846049586416,33.0179600349582
246.933549167983,3,27,40,499.198145981405,2.57397147001823,2,0.0298008703333057,963.787161375651,-195.580440654008,-1.54413966041577,0,107.283133199902,0,1,1,112.842942674709,32.9911028402474
270.179657745666,3,27,40,524.188972813406,1.62147071144331,5,0.0397031788012049,963.819577897658,-196.796228218266,-1.54413966041582,0,18.9154350067576,0,1,1,112.841677631493,32.980169
7.67605846155076,2,27,40,524.188972813406,2.59136011267356,2,0.0397031788012049,963.819577897658,-196.796228218266,0,0,0,0,1,1,112.841677631493,32.980169
251.253938047632,3,27,40,524.188972813406,2.59933213680019,2,0.0397031788012049,963.819577897658,-196.796228218266,0,0,0,0,1,1,112.841677631493,32.980169
250.777923598163,3,27,40,524.188972813406,2.04829845445163,1,0.0397031788012049,963.819577897658,-196.796228218266,0,0,0,0,1,1,112.841677631493,32.980169
258.83623714241,3,27,40,524.188972813406,2.22097733101643,4,0.0397031788012049,963.819577897658,-196.796228218266,0,0,0,0,1,1,112.841677631493,32.980169
97.4170464261347,2,27,40,524.188972813406,1.99132796171137,3,0.0397031788012049,963.819577897658,-196.796228218266,0,0,0,0,1,1,112.841677631493,32.980169
94.6878007729427,2,27,40,524.188972813406,2.14168812685215,1,0.0397031788012049,963.819577897658,-196.796228218266,0,0,0,0,1,1,112.841677631493,32.980169
96.3570545894581,2,27,40,524.188972813406,1.96859782289543,3,0.0397031788012049,963.819577897658,-196.796228218266,0,0,0,0,1,1,112.841677631493,32.980169
107.567999902761,2,27,40,524.188972813406,1.85808594575897,3,0.0397031788012049,963.819577897658,-196.796228218266,0,0,0,0,1,1,112.841677631493,32.980169
22.3630841504105,1,27,40,524.188972813406,1.83530628035768,3,0.0397031788012049,963.819577897658,-196.796228218266,0,0,0,0,1,1,112.841677631493,32.980169
241.59296513654,3,27,40,524.188972813406,2.29790064471168,1,0.0397031788012049,963.819577897658,-196.796228218266,0,0,0,0,1,1,112.841677631493,32.980169
308.670724424768,3,27,40,524.188972813406,2.49934028118742,2,0.0397031788012049,963.819577897658,-196.796228218266,0,1.54413966041578,0,53.5685451562487,1,1,112.841677631493,32.980169
20.1476397335847,1,12,40,140.328677686457,2.27498593875499,1,0.0555963178049094,950.243052159754,312.393843274688,-1.54413966041578,0,10311.0866463254,0,101874206933.475,3,113.362003990311,37.5594253281292
9.7640865552044,2,27,40,524.188972813406,2.45057398673612,2,0.0397031788012049,963.819577897658,-196.796228218266,-1.54413966041578,0,6397.93537787744,0,1.00816514484678,1,112.841677631493,32.980169
256.687437264135,3,27,40,498.85707290194,1.84809321834274,4,0.0397031788012049,964.137548850135,-194.732574853345,1.41791703255225,0,13.0318619731232,0.225205969082409,1,1,112.847828071248,32.998727880582
9.15457762872362,2,27,40,793.730949711574,1.76757984955474,4,0.0397031788012049,967.626879540928,-172.086578527964,1.41791703255225,0,142.931443684338,0,1,1,112.915440078193,33.2023882184117
8.83641248279142,2,26,41,571.442417669819,1.70501287519948,4,0.0397031788012049,970.498990941702,-153.446377872975,1.41791703255225,0,142.931443684337,0,1,1,112.971255577682,33.3700235702886
6.74985985174325,2,26,41,551.024307429888,2.41291202024247,3,0.0397031788012049,971.171982483672,-149.078616449076,1.41791703255223,0,142.931443684338,0,1,1,112.984355547567,33.4093037924687
0,2,26,41,571.345921651111,2.39937691592251,3,0.0397031788012049,971.873940923686,-144.522857863322,1.41791703255226,0,142.931443684338,0,1,1,112.998027988277,33.4502747137439
463.000918769562,2,26,41,707.611261034017,2.56318299649889,1,0.0397031788012049,973.092948410923,-136.611415376824,1.41791703255225,0,142.931443684338,0,1,1,113.021792203836,33.5214240253648
2.77258759017523,2,25,41,674.351007521742,1.64278614548757,4,0.0397031788012049,973.48556801481,-134.063287126799,1.41791703255223,0,142.931443684338,0,1,1,113.029451867558,33.5443398932638
42.9949875687222,2,25,41,336.364042906628,1.58392791541948,4,0.0397031788012049,976.132328411135,-116.885629999748,1.41791703255225,0,142.931443684338,0,1,1,113.081159702466,33.698822275198
6.83848824348321,2,25,41,352.502850641816,2.10168813943249,2,0.0397031788012049,976.921324393532,-111.764991773843,1.41791703255225,0,142.931443684338,0,1,1,113.096597959982,33.7448732811245
252.034619641852,3,25,41,431.881767393291,2.28104502206544,3,0.0397031788012049,977.78626218472,-106.151485982428,1.41791703255226,0,142.931443684338,0,1,1,113.113534947746,33.7953567515562
8.8824544403301,2,24,41,281.562895248135,2.2413599269194,3,0.0397031788012049,979.804459714933,-93.0532451152923,1.41791703255225,0,142.931443684337,0,1,1,113.1531067492,33.9131520616697
99.1330469081422,2,24,41,205.114788169717,2.02318457501951,2,0.0397031788012049,980.527460292534,-88.3609216084339,1.41791703255225,0,142.931443684338,0,1,1,113.167300685356,33.9553511407864
266.133215889581,3,23,41,83.5794328195519,2.55548827061335,1,0.0397031788012049,985.816688864433,-54.0334641624131,1.41791703255225,0,142.931443684338,0,1,1,113.27142281673,34.2640653823611
234.068763618674,3,23,41,304.098866086002,2.51930239635828,1,0.0397031788012049,988.855149972045,-34.3136424615491,1.41791703255225,0,142.931443684337,0,1,1,113.331463071428,34.4414099995656
10.3115840784912,2,22,41,250.855791568297,1.83189963248151,2,0.0397031788012049,989.223431818696,-31.9234679309539,1.41791703255224,0,142.931443684337,0,1,1,113.33875156065,34.4629053555384
256.241218365786,3,22,41,66.2137795361922,1.80409360908147,2,0.0397031788012049,990.434562491477,-24.0631465123688,1.41791703255225,2.869821612304,142.931443684338,11.9658941616727,1.00082340966971,1,113.362737554543,34.5335949243504
0,3,12,40,140.328677686457,1.99491289829822,3,0.0555963178049094,950.243052159754,312.393843274688,-1.45190457975175,0,2539.86093524094,20.7367744107159,28.9013590370476,3,113.362003990311,37.5594253281292
37.1232414458163,2,22,41,234.853478191418,2.44206339326445,1,0.0397031788012049,993.890547525456,-1.63356579462649,-1.43268852712452,0,12499.4176522284,0,1.05520497119027,1,113.431326145394,34.735308989862
247.914343921764,3,21,41,100.213309466332,1.70023585743637,2,0.0397031788012049,995.216849545172,6.97422559186785,1.41791703255225,0,142.931443684338,0,1,1,113.457705023419,34.8127207175932
460.751299550087,2,21,41,5.87819097780874,2.39122635845593,1,0.0397031788012049,996.796183381909,17.2242108849433,1.41791703255225,0,142.931443684337,0,1,1,113.489157456568,34.9049010499373
257.519450044559,3,21,41,116.463785309017,1.83055550026261,3,0.0397031788012049,998.303471578013,27.0066150119895,1.41791703255225,0,142.931443684337,0,1,1,113.519216662111,34.9928763238301
251.075738174722,3,21,41,144.035248906455,2.35708279347666,1,0.0397031788012049,998.491698946029,28.2282235845673,1.41791703255218,0,142.931443684336,0,1,1,113.5229732512,35.0038625136631
254.130738081835,3,20,41,252.947673228243,2.33725790984815,1,0.0397031788012049,999.665852088097,35.8485582839613,1.41791703255226,0,142.931443684338,0,1,1,113.546420960749,35.072393830058
100.949764850373,2,20,41,78.0523087314631,2.27625034063995,1,0.0397031788012049,1002.51210464588,54.3209332682972,1.41791703255225,0,142.931443684338,0,1,1,113.603362536348,35.2385198894185
254.981377794076,3,20,41,301.557877905326,1.6674358753336,8,0.0397031788012049,1004.18647646884,65.1877216326337,1.41791703255225,0,142.931443684338,0,1,1,113.6369273113,35.3362472650484
43.3698135031339,2,19,41,224.987880672934,2.34891041180117,2,0.0397031788012049,1008.12783695542,90.7674224421908,1.41791703255225,0,142.931443684338,0,1,1,113.716134295961,35.5662910411582
222.193367056963,2,19,41,303.970105646863,2.33639539411212,2,0.0397031788012049,1008.72861923246,94.6665407671361,1.41791703255225,0,142.931443684337,0,1,1,113.728232208064,35.6013566546947
222.014712248996,2,18,41,402.955805036124,2.10322631399308,1,0.0397031788012049,1010.60093373119,106.817990720019,1.41791703255225,0,142.931443684338,0,1,1,113.765976243227,35.7106372695534
216.054863386289,2,18,41,370.183014075864,2.29469784481211,2,0.0397031788012049,1010.90403741221,108.785154469956,1.41791703255225,0,142.931443684338,0,1,1,113.772092408353,35.7283283981804
292.876736922523,3,18,41,317.831726399338,2.27127561923748,2,0.0397031788012049,1011.9790574392,115.762108429955,1.41791703255226,0,142.931443684337,0,1,1,113.793797890336,35.7910736525777
462.073041007116,2,18,41,384.543456360643,2.04187551410438,1,0.0397031788012049,1013.25032807011,124.01274231573,1.41791703255225,2.83744937606398,142.931443684338,56.3738354292667,1.00132582719834,1,113.81949246894,35.8652733857377
0,3,10,41,506.804728649636,2.27084449535869,2,0.0517746943407893,972.171975418118,393.505658348379,-1.41953234351173,0,11996.1064325061,0,1.08184993713011,3,113.721207744935,38.2888814060397
8.6441001720268,2,10,41,684.217111047439,2.24184440751995,2,0.0517746943407893,969.239976039698,382.660630137163,1.30675434961159,2.67564818377429,186.388899626841,10.9327443224213,1.00460980202991,3,113.672896947503,38.1913497241683
249.051956474122,3,17,41,528.538972721789,1.9578476499532,1,0.0397031788012049,1017.08662239058,148.910556476437,-1.3688938341627,0,2558.64020606426,0,1.09295843299229,1,113.897205652723,36.0891848078864
246.751853635276,3,17,41,645.729965860765,1.91909367553963,1,0.0397031788012049,1018.75727932906,159.75323498481,1.41791703255226,0,142.931443684338,0,1,1,113.931130934758,36.1866953583725
256.463502637948,3,17,41,699.568467330244,1.99455951069704,8,0.0397031788012049,1019.1002514133,161.9791474155,1.41791703255225,0,142.931443684335,0,1,1,113.938101684699,36.2067134697905
11.7605889495173,2,15,42,444.621795618196,2.15248471058153,8,0.0397031788012049,1026.6138920999,210.743192574085,1.41791703255225,0,142.931443684338,0,1,1,114.091340323049,36.6452590638217
457.976636240612,2,15,42,291.893558603414,2.19501410671389,8,0.0397031788012049,1028.50567712039,223.021007553132,1.41791703255224,0,142.931443684339,0,1,1,114.13008170873,36.755676106663
256.62527045772,3,15,42,447.977526131878,1.66127494975647,1,0.0397031788012049,1030.39846814016,235.305351536826,1.41791703255225,0,142.931443684337,0,1,1,114.16890768857,36.8661518662537
250.010884766994,3,14,42,142.435368502072,2.29946624263934,8,0.0397031788012049,1033.51531687363,255.533914324277,1.41791703255225,0,142.931443684338,0,1,1,114.232981705915,37.0480717019681
13.9853029365143,2,14,42,158.923902260851,2.31431950072349,8,0.0397031788012049,1034.22217162826,260.121450328818,1.41791703255227,0,142.931443684337,0,1,1,114.247536881168,37.0893284044362
262.060575037195,3,14,42,370.743993540016,1.82354686835615,6,0.0397031788012049,1035.90076101204,271.015610953189,1.41791703255224,0,142.931443684338,0,1,1,114.282137266813,37.1873019447147
271.150346582018,3,13,42,251.964457727387,1.83255303122757,6,0.0397031788012049,1036.51349598317,274.992303085363,1.41791703255223,0,142.931443684338,0,1,1,114.294779977096,37.2230651962602
5.36953706918324,2,13,42,104.088686364098,2.24130261555129,8,0.0397031788012049,1037.53691270705,281.634348056776,1.41791703255226,0,142.931443684337,0,1,1,114.315911342685,37.2827985417629
254.294864932587,3,13,42,52.9157665163128,2.22471072060015,8,0.0397031788012049,1038.29134679482,286.530677207937,1.41791703255228,1.70361939539513,142.931443684338,4.32392341676016,1.0450292767071,1,114.331500774281,37.3268322877162
20.2001122822801,1,12,40,140.328677686457,1.94265417876595,6,0.011058594686779,950.243052159754,312.393843274688,-0.285702362842855,0,682.464918220905,4.6798016560027,7.75213652393698,3,113.362003990311,37.5594253281292
115.698560689085,2,12,42,159.506623805086,2.1489424997844,8,0.0397031788012049,1041.89514687906,309.919587774772,-0.0269896143310393,0,2947.84932574457,0,1.05353437146844,1,114.406109078107,37.5371738138328
244.022760580268,3,12,42,46.751193256202,2.56597479934331,7,0.0397031788012049,1042.79055726395,315.730862796483,1.41791703255222,1.38187527805581,142.931443684337,18.9252697819843,1.0741885663031,1,114.424682457624,37.5894358656824
26.2285329830143,1,12,40,140.328677686457,1.99548115501172,6,0.011058594686779,950.243052159754,312.393843274688,0.0360417544964054,0,2945.67462575995,0,20.5454085935347,3,113.362003990311,37.5594253281292
293.680616135251,3,12,42,8.65423542546165,2.5719730627986,7,0.0397031788012049,1044.17922863819,324.743435586171,0.130718241754675,0,2927.75425484546,3.25225689735696,18948897257.2515,1,114.45351581962,37.6704878800292
0,3,12,40,140.328677686457,2.02659793779141,6,0.011058594686779,950.243052159754,312.393843274688,0.130718241754675,0.130718241754675,3306.63860642784,0,1,3,113.362003990311,37.5594253281292
0,3,12,40,140.328677686457,2.08628047018927,6,0.011058594686779,950.243052159754,312.393843274688,0,0,0,2.48164111899741,1,3,113.362003990311,37.5594253281292
214.111656454421,2,11,42,36.4317908331146,2.12401357142638,6,0.0397031788012049,1049.64701898746,360.229771256291,0.448517185570205,0,1046.58127281989,0,1.01609328504003,1,114.567379944846,37.9896241638594
289.198294111571,3,11,42,96.9908527029771,2.5633768108298,7,0.0397031788012049,1050.30338158688,364.489609698654,1.41791703255225,0,142.931443684338,0,1,1,114.581084291491,38.0279338113488
252.751788596833,3,10,42,289.352486826296,2.16747305471685,6,0.0397031788012049,1051.78431515258,374.10097046055,1.41791703255224,0,142.931443684339,0,1,1,114.612033321677,38.1143708553034
234.798773638311,2,10,42,109.850495970418,1.86081815188924,8,0.0397031788012049,1054.89138060252,394.26603906466,1.41791703255225,0,142.931443684337,0,1,1,114.677093129024,38.2957196741085
261.046074596124,3,10,42,177.31542968812,1.84599036832323,8,0.0397031788012049,1055.53919709448,398.470412681359,1.41791703255227,0,142.931443684335,0,1,1,114.690679689423,38.333530514437
103.661452381875,2,10,42,271.14066027961,1.83239318577368,8,0.0397031788012049,1056.13405413101,402.331075787608,1.41791703255222,0,142.931443684341,0,1,1,114.703162142497,38.3682502918832
254.344384282427,3,9,42,226.411192586085,2.48074006135757,7,0.0397031788012049,1058.22922214289,415.928860378014,1.41791703255226,0,142.931443684337,0,1,1,114.747177401318,38.490538106631
240.829864670949,3,9,42,193.967884354509,2.46445093678119,7,0.0397031788012049,1059.26361273766,422.642126526736,1.41791703255225,0,142.931443684339,0,1,1,114.768936782335,38.5509119595693
278.061369548096,3,9,42,341.233975429148,2.36001257489575,6,0.0397031788012049,1060.96448600821,433.680911109771,1.41791703255224,0,142.931443684339,0,1,1,114.804757815058,38.6501861343554
21.5760954818284,2,9,42,448.686686774129,2.42541032699322,7,0.0397031788012049,1061.54538959682,437.451015378752,1.41791703255228,0,142.931443684337,0,1,1,114.817003704732,38.684091496612
40.7383626421322,2,8,42,517.569776946306,2.4153294252225,7,0.0397031788012049,1062.31934217749,442.474020892141,1.41791703255226,0,142.931443684335,0,1,1,114.833328581414,38.7292644704604
261.87347645806,3,8,42,368.743199750963,2.4245733599917,6,0.0397031788012049,1064.57653622779,457.123365622763,1.41791703255224,0,142.931443684338,0,1,1,114.881000389277,38.8610091927484
269.708771152343,3,7,42,702.926266076751,2.31405267375967,7,0.0397031788012049,1067.67101961012,477.20677574214,1.41791703255225,0,142.931443684337,0,1,1,114.946503640117,39.0416236391572
102.193321805897,2,7,42,606.874539325582,2.29394259292065,7,0.0397031788012049,1068.62589967864,483.40401310344,1.41791703255227,0,142.931443684338,0,1,1,114.96675084457,39.0973567337174
265.314964576653,3,7,42,696.842422373003,2.42307224620518,8,0.0397031788012049,1070.91515634945,498.261446447798,1.41791703255225,0,142.931443684338,0,1,1,115.015358413388,39.2309728418682
9.90722350787165,2,7,42,999.617708416464,2.5362439339285,6,0.0397031788012049,1072.41040458394,507.965710395385,1.41791703255225,0,142.931443684338,0,1,1,115.047157427967,39.3182453842443
16.4118436275816,2,6,42,1004.15696748885,2.13073513559773,7,0.0397031788012049,1076.22588830436,532.72846232951,1.41791703255225,0,142.931443684337,0,1,1,115.128481238527,39.5409421626079
264.16230180054,3,5,42,1319.48438594643,2.57157996581217,6,0.0397031788012049,1077.80745201101,542.992919631738,1.41791703255225,0,142.931443684339,0,1,1,115.162267184373,39.6332526448572
7.03690923238206,2,5,42,1537.56054833153,2.5707180275656,6,0.0397031788012049,1082.34598564781,572.448315284777,1.41791703255225,0,142.931443684337,0,1,1,115.259469142273,39.8981513820738
289.454896271983,3,4,42,1830.84391619569,2.09459026443826,8,0.0397031788012049,1087.05118281712,602.985368733885,1.41791703255225,0,142.931443684338,0,1,1,115.360629078804,40.1727777015525
100.697707757843,2,4,42,1984.17209258362,2.07980628163516,8,0.0397031788012049,1087.69716006224,607.177805512082,1.41791703255226,0,142.931443684337,0,1,1,115.374548221993,40.2104811913134
98.4722990118123,2,3,42,2018.84481907419,2.25234439087647,5,0.0397031788012049,1089.35532652693,617.939419985944,1.41791703255224,0,142.931443684338,0,1,1,115.410311562552,40.3072627154225
22.0577853145026,1,3,42,2274.5085717791,2.31286834387068,5,0.0397031788012049,1092.18704805413,636.317487581769,1.41791703255225,0,142.931443684339,0,1,1,115.471499721483,40.4725406480621
310.208556942514,3,2,42,2523.05994623804,1.74051700401956,7,0.0397031788012049,1094.14252141275,649.008644258435,1.41791703255224,0,142.931443684336,0,1,1,115.513837437149,40.5866749620963
217.997116849534,2,2,42,2681.0514354713,1.87915099993498,8,0.0397031788012049,1096.85939078909,666.641313490806,1.41791703255225,0,142.931443684338,0,1,1,115.572773445301,40.7452493662032
250.755076778253,3,1,42,3087.20272728184,2.35996702300691,6,0.0397031788012049,1098.95252750844,680.225914852908,1.41791703255225,0,142.931443684337,0,1,1,115.618268999484,40.8674186213306
7.81157921105739,2,1,42,3059.47812942649,2.48841923633579,7,0.0397031788012049,1100.48636254055,690.180609772639,1.41791703255225,0,142.931443684339,0,1,1,115.651657500726,40.956943343547
253.210554702141,3,1,42,3305.29702257854,2.28911709187625,6,0.0397031788012049,1102.38082761359,702.475818477216,1.41791703255226,0,142.931443684339,0,1,1,115.69295421169,41.06751681192
252.331930737394,3,1,42,4004.0252207151,1.85709145920747,4,0.0397031788012049,1104.64233317702,717.153145224847,1.41791703255225,0,142.931443684338,0,1,1,115.742335857659,41.1995131825328
463.108400286944,2,1,42,4406.0767734129,2.22034116649612,6,0.0397031788012049,1105.54499246145,723.011466103475,1.41791703255225,0,142.931443684332,0,1,1,115.762071605314,41.2521983279383
95.0441764242333,2,1,42,5025.42410864156,2.3806682249709,7,0.0397031788012049,1106.70413551767,730.534384312659,1.41791703255224,0,142.93144368434,0,1,1,115.787436465383,41.3198535567891
270.707411727905,3,1,42,5495.82100268318,1.921911199519,4,0.0397031788012049,1107.46632580337,735.481051722215,1.41791703255225,0,142.931443684335,0,1,1,115.804128118585,41.3643400055762
253.25297653193,3,1,42,6235.67966768878,1.61625454473461,8,0.0294876184673057,1108.52952841541,742.381309845905,1.41791703255225,1.41791703255225,121.166662178961,0,1,1,115.827429155022,41.4263955177467
217.108942413764,2,1,42,6235.67966768878,1.97939647853923,4,0.0294876184673057,1108.52952841541,742.381309845905,0,0,0,0,1,1,115.827429155022,41.4263955177467
265.507959609804,3,1,42,6235.67966768878,2.09613628828078,6,0.0294876184673057,1108.52952841541,742.381309845905,0,0,0,0,1,1,115.827429155022,41.4263955177467
254.318442597847,3,1,42,6235.67966768878,2.27448981084108,7,0.0294876184673057,1108.52952841541,742.381309845905,0,0,0,0,1,1,115.827429155022,41.4263955177467
40.5676016297794,2,1,42,6235.67966768878,2.57367117657244,5,0.0294876184673057,1108.52952841541,742.381309845905,0,0,0,0,1,1,115.827429155022,41.4263955177467
282.21063640463,3,1,42,6235.67966768878,2.10079178811987,4,0.0294876184673057,1108.52952841541,742.381309845905,0,0,0,0,1,1,115.827429155022,41.4263955177467
250.555232295077,3,1,42,6235.67966768878,2.11435415330195,4,0.0294876184673057,1108.52952841541,742.381309845905,0,0,0,0,1,1,115.827429155022,41.4263955177467
12.9463150897809,2,1,42,6235.67966768878,1.95020840118507,6,0.0294876184673057,1108.52952841541,742.381309845905,0,0,0,0,1,1,115.827429155022,41.4263955177467
198.66567553035,2,1,42,6235.67966768878,2.11910901768513,7,0.0294876184673057,1108.52952841541,742.381309845905,0,0,0,0,1,1,115.827429155022,41.4263955177467
252.288815320744,3,1,42,6235.67966768878,2.11224714462227,7,0.0294876184673057,1108.52952841541,742.381309845905,0,0,0,0,1,1,115.827429155022,41.4263955177467
223.309801628639,2,1,42,6235.67966768878,2.5273757873066,5,0.0294876184673057,1108.52952841541,742.381309845905,0,0,0,0.0456094160618242,1,1,115.827429155022,41.4263955177467
262.906355593791,3,1,42,5892.78080226083,1.60187382829316,3,0.0294876184673057,1107.83623126441,739.602085970498,1.32632868588987,0,13.6422984962311,0.122392789807676,1,1,115.814855922686,41.4014013569583
265.730520463808,3,1,42,5200.05331616579,2.44152646171046,5,0.0294876184673057,1106.3200031687,733.523974560262,1.32632868588992,0,106.155426482301,0,1,1,115.787376980578,41.3467395878143
17.3773679466933,1,1,42,4487.45211214829,2.41465016606904,5,0.0294876184673057,1104.54131119162,726.393722831122,1.3263286858899,0,106.155426482299,0,1,1,115.7551736844,41.2826156934577
18.9806410460134,1,1,42,3836.01002357866,2.38380821501068,5,0.0294876184673057,1102.60998634526,718.651610929413,1.32632868588992,0,106.1554264823,0,1,1,115.720246499694,41.2129892083712
259.901120304897,3,1,42,3729.07377883983,2.41950553587543,4,0.0294876184673057,1102.25139867174,717.214138667707,1.3263286858898,0,106.155426482306,0,1,1,115.71376612566,41.2000617097426
7.50259838344663,2,1,42,3229.25960438964,1.81970075298563,7,0.0294876184673057,1100.32292097346,709.483440143232,1.32632868588991,0,106.155426482299,0,1,1,115.678939133644,41.1305378676236
215.895683746904,2,1,42,2582.10572504895,2.50295158439465,4,0.0294876184673057,1096.14712030858,692.743886417854,1.32632868588991,0,106.155426482301,0,1,1,115.603667671097,40.9799954442369
15.8669671539944,2,1,42,2495.9825186621,2.51923218786926,4,0.0294876184673057,1094.67789905356,686.854211573041,1.32632868588992,0,106.155426482299,0,1,1,115.577229786923,40.9270283258391
248.455703513035,3,1,42,2483.29600675703,1.86279693795506,3,0.0294876184673057,1094.16656931335,684.804441398524,1.32632868588988,0,106.155426482304,0,1,1,115.568034258009,40.908594299788
257.656792883802,3,2,42,2076.19745582387,2.34628698266613,6,0.0294876184673057,1090.23973122469,669.062905240243,1.32632868588991,0.129566438501743,106.1554264823,4.74626383313071,1.00032682479558,1,115.497511894451,40.7670272640131
17.4267775977662,1,12,40,140.328677686457,2.24816111398923,6,0.011058594686779,950.243052159754,312.393843274688,1.19676224738817,0.010049025198509,2717.52496980567,0.504216932143905,26.7061798752986,3,113.362003990311,37.5594253281292
13.6013855171439,2,3,42,1682.84665681302,2.07973993445504,3,0.0294876184673057,1083.54300745352,642.217714018799,1.18671322218966,0,2973.45838846605,0,1.04732688422092,1,115.377637509326,40.5256026592084
253.474267580662,3,3,42,1357.05757868055,1.98196862081965,5,0.0294876184673057,1081.54240036952,634.197870052677,1.32632868588991,0,106.1554264823,0,1,1,115.341921746485,40.4534784696601
264.677102518853,3,3,42,1176.21599662467,2.1543750170645,3,0.0294876184673057,1079.6743661654,626.709471675877,1.32632868588991,0,106.1554264823,0,1,1,115.308612611642,40.3861336851203
254.072172843769,3,3,42,1114.50562338019,1.90781481741554,5,0.0294876184673057,1077.73917600045,618.951864851507,1.32632868588992,0,106.1554264823,0,1,1,115.274146621713,40.3163678508465
259.598047752015,3,3,42,1146.76573913753,2.21654108409417,3,0.0294876184673057,1076.39755736343,613.573711281547,1.32632868588989,0,106.155426482301,0,1,1,115.250276475742,40.2680009537924
454.026282854467,2,4,42,1039.63738235225,2.51406566404794,4,0.0294876184673057,1074.68634378082,606.713960541383,1.32632868588992,0,106.1554264823,0,1,1,115.219859303138,40.2063097332739
11.500012894828,2,4,42,849.443330797943,1.81793155579288,5,0.0294876184673057,1073.364302323,601.414286110916,1.32632868588989,0,106.155426482301,0,1,1,115.196381871704,40.1586486160774
252.710486728972,3,4,42,636.978158848892,2.45830004860601,4,0.0294876184673057,1070.23181835203,588.857081413156,1.32632868588992,0,106.1554264823,0,1,1,115.140830747741,40.045718961131
233.770443615621,3,5,42,712.208880540125,2.3945388591026,3,0.0294876184673057,1066.83453101558,575.238358094476,1.32632868588991,0,106.155426482301,0,1,1,115.080706033926,39.9232428398758
93.1099487222164,2,5,42,686.165435928069,1.88478669283583,6,0.0294876184673057,1066.67906440565,574.615138291059,1.32632868588986,0,106.1554264823,0,1,1,115.077957655374,39.9176380895313
15.6759351390897,2,5,42,569.873329812439,1.8699007941891,6,0.0294876184673057,1065.91290638127,571.543836655636,1.32632868588986,0,106.1554264823,0,1,1,115.064417213733,39.890017210341
15.6800702657094,2,5,42,402.688834547496,2.36443313464187,4,0.0294876184673057,1064.44098808657,565.643350173949,1.32632868588993,0,106.155426482301,0,1,1,115.038421927307,39.8369528605569
40.6567422434714,2,5,42,356.991985868629,1.83009004104147,6,0.0294876184673057,1063.85903901094,563.310487904214,1.32632868588987,0,106.155426482303,0,1,1,115.028150823601,39.8159729261288
249.792756464286,3,5,42,288.498039730668,2.31707563302709,4,0.0294876184673057,1061.69517308403,554.63618737005,1.32632868588992,0,106.155426482299,0,1,1,114.989992480417,39.7379630672627
274.552661405587,3,5,42,373.763319569176,1.74827304179163,6,0.0294876184673057,1059.60959545178,546.275721527606,1.32632868588991,0,106.155426482302,0,1,1,114.953263601051,39.6627755915862
296.979631105978,3,5,42,434.402582361768,2.50554009414172,3,0.0294876184673057,1058.92220811119,543.520188339768,1.32632868588983,0,106.1554264823,0,1,1,114.941168615293,39.6379944862697
258.351851052832,3,6,42,170.520759364496,2.21244413929954,4,0.0294876184673057,1056.23077262057,532.731016966593,1.32632868588991,0,106.1554264823,0,1,1,114.893861398159,39.5409651370111
255.21208628738,3,6,42,114.345097146965,2.56316954200007,3,0.0294876184673057,1052.40693401688,517.402375376487,1.32632868588991,0,106.1554264823,0,1,1,114.826787458712,39.4031113512975
215.733891544768,2,6,42,182.613757755532,2.12030457848889,4,0.0294876184673057,1051.39965002322,513.364470820756,1.32632868588992,0,106.155426482302,0,1,1,114.809145544975,39.3667976032014
258.677816015136,3,6,42,299.052716205102,2.0986827943524,4,0.0294876184673057,1050.28077531802,508.87923200245,1.32632868588991,0,106.155426482299,0,1,1,114.789562319917,39.3264608814313
257.971627270763,3,7,42,146.39306271461,2.06597773292782,4,0.0294876184673057,1048.85248863517,503.153651788851,1.32632868588989,0,106.1554264823,0,1,1,114.764583652495,39.2749695015062
94.0871750231276,2,7,42,27.7472157438307,2.06705887477885,2,0.0294876184673057,1047.19481299072,496.508518858302,1.3263286858899,0,106.155426482301,0,1,1,114.735621530387,39.2152083853198
461.981944395163,2,7,42,0.439350937315473,2.09330379835076,2,0.0294876184673057,1045.84225909826,491.086529073274,1.32632868588993,0,106.1554264823,0,1,1,114.712012816343,39.1664472597123
104.29259719494,2,7,42,74.8143391632462,1.96824923627858,4,0.0294876184673057,1043.83804285833,483.052217065132,1.3263286858899,0,106.1554264823,0,1,1,114.677066512949,39.0941929559362
12.9925910006034,1,7,42,225.416229874261,2.5565530894022,3,0.0294876184673057,1042.29573905469,476.869575829627,1.32632868588989,0,106.1554264823,0,1,1,114.650204477857,39.0385911274888
17.25113370875,1,8,42,295.076930079047,2.17807408804752,2,0.0294876184673057,1041.68925677258,474.438367168204,1.32632868588996,0,106.1554264823,0,1,1,114.639648672997,39.0167267427117
197.557709649773,3,8,42,110.819636799221,2.5344537514194,3,0.0294876184673057,1039.71791991444,466.535858907876,1.32632868588989,0,106.155426482301,0,1,1,114.605365657561,38.945657778517
316.210320586947,3,8,42,96.103696944334,2.53198801460466,3,0.0294876184673057,1039.4516808433,465.468584966228,1.32632868588995,0.283192545203835,106.155426482294,233.149089591044,1.0002443437876,1,114.600738849032,38.9360595533655
21.2659049560949,1,12,40,140.328677686457,1.85360124008263,4,0.011058594686779,950.243052159754,312.393843274688,1.04313614068611,0.0106976054593206,8803.34581506312,0,53.1998557821167,3,113.362003990311,37.5594253281292
257.289822916692,3,8,42,58.5768574394646,1.84705354949144,4,0.0294876184673057,1037.86807894175,459.120391832024,1.03243853522679,0,4117.28498652508,0,1.03349053825733,1,114.573234548835,38.8789688809241
256.304560201735,3,8,42,69.1852061698041,2.50836837198193,3,0.0294876184673057,1037.17138921739,456.327568130248,1.32632868588986,0,106.155426482303,0,1,1,114.561143074529,38.8538524139588
278.785083651244,3,8,42,150.643942800523,2.49020414445133,3,0.0294876184673057,1035.64128800035,450.193843466781,1.3263286858899,0,106.155426482301,0,1,1,114.534606036659,38.7986905028127
220.551012184962,2,8,42,172.376651913709,2.48695615935158,3,0.0294876184673057,1035.38189705543,449.154021644119,1.32632868588995,0,106.155426482296,0,1,1,114.530109897248,38.7893391604985
32.0437746942186,2,8,42,413.110947684758,2.46076326057727,3,0.0294876184673057,1033.40731896369,441.238520233925,1.32632868588991,0,106.1554264823,0,1,1,114.495907990648,38.7181533460998
6.35782080000864,2,9,42,260.652148062623,2.37961099467756,2,0.0294876184673057,1030.74976607199,430.585174210286,1.32632868588991,0.353498956410603,106.1554264823,4.81409812927213,1.00411989509608,1,114.449944119311,38.6223455035559
15.5659282256161,1,12,40,140.328677686457,1.71525791946436,1,0.011058594686779,950.243052159754,312.393843274688,0.972829729479312,0.0254950378814873,1898.70146751689,21.1952752170396,28.0935513671175,3,113.362003990311,37.5594253281292
218.893583141364,2,9,42,297.047771483838,1.85928792401402,5,0.0294876184673057,1028.36490926784,421.024986403403,0.947334691597825,0,7645.64686098592,0,1.20628389142467,1,114.408763033764,38.5363686690422
215.420470239125,2,9,42,644.938104721151,2.46401472454616,2,0.0294876184673057,1025.20140814488,408.343443088013,1.32632868588992,0,106.1554264823,0,1,1,114.35423337049,38.4223208100429
106.861150460188,2,10,42,579.2204676694,2.44231101955097,4,0.0294876184673057,1022.2370483517,396.460198651421,1.3263286858899,0,106.155426482301,0,1,1,114.303236562633,38.3154522253406
468.172045218269,2,10,42,586.631659866143,2.42922200632714,4,0.0294876184673057,1021.35606633281,392.928601475274,1.32632868588991,0,106.1554264823,0,1,1,114.288099446118,38.2836918089014
7.87661264773571,2,11,41,758.630891353581,2.35114395268599,4,0.0294876184673057,1016.29739898905,372.649895527488,1.32632868588991,0,106.1554264823,0,1,1,114.201346735677,38.1013210249123
248.8060509209,3,11,41,703.240159993865,1.61426553748752,5,0.0294876184673057,1015.97562672913,371.360005404735,1.3263286858899,0,106.155426482303,0,1,1,114.195838112682,38.0897207643457
39.8163358252874,2,11,41,647.067135645482,1.9650185887925,1,0.0294876184673057,1015.62603697403,369.958603145137,1.32632868588993,0,106.155426482298,0,1,1,114.18985455941,38.0771176510393
267.241836274926,3,11,41,541.344433225077,2.13003377618319,3,0.0294876184673057,1014.88154803117,366.974166468904,1.32632868588991,0,106.155426482299,0,1,1,114.177116434246,38.050277967195
255.561660522721,3,11,41,495.78106790514,2.12281196223715,3,0.0294876184673057,1014.51103688963,365.488896539294,1.32632868588988,0,106.155426482305,0,1,1,114.170779308256,38.0369206138118
14.2041069008,2,11,41,315.578691239049,2.27628864663575,4,0.0294876184673057,1012.15158316412,356.030542185123,1.32632868588991,0,106.1554264823,0,1,1,114.130459367997,37.9518595895404
263.576413283968,3,11,41,298.009385667711,2.58861534026831,2,0.0294876184673057,1011.39224992316,352.986599094323,1.32632868588988,0,106.1554264823,0,1,1,114.117496435462,37.924484751653
28.7732351842141,2,11,41,300.305994896998,2.04660793244467,3,0.0294876184673057,1010.62152736966,349.896999607385,1.32632868588992,0,106.155426482302,0,1,1,114.104345577485,37.8966993159306
293.542152287796,3,11,41,373.955873019282,2.01400532733476,3,0.0294876184673057,1008.96390360589,343.252074651243,1.32632868588991,0,106.155426482301,0,1,1,114.076083712873,37.8369400701029
253.933516265906,3,11,41,463.554959246538,1.99436217540513,3,0.0294876184673057,1007.96574569218,339.250753859376,1.32632868588989,0,106.155426482301,0,1,1,114.059080121146,37.8009553276995
22.0444824801787,1,12,41,181.294231912879,2.56941899476128,2,0.0294876184673057,1005.5537764486,329.58188027632,1.32632868588991,0,106.1554264823,0,1,1,114.018037677957,37.7140010585181
252.550456999743,3,12,41,152.663372598896,1.9344671305721,3,0.0294876184673057,1005.17824639836,328.07649102143,1.32632868588992,0,106.155426482301,0,1,1,114.011653376263,37.7004627676957
6.29661075582675,2,12,41,156.446200993489,2.25355915860842,1,0.0294876184673057,1001.03384508113,311.462808023412,1.32632868588991,0,106.1554264823,0,1,1,113.941298705435,37.5510523269557
274.309309865284,3,12,41,245.247774594051,2.50158465570625,2,0.0325285421605047,1000.03313301984,307.451248406959,1.3263286858899,1.42527319222216,44.7456553798222,3.3788833820383,1.06633886664258,1,113.924339192925,37.5149755045907
18.9749277473051,1,12,40,140.328677686457,2.3251683897268,1,0.011058594686779,950.243052159754,312.393843274688,-0.0989445063322578,0,1168.6960055737,0,10006960369.8242,3,113.362003990311,37.5594253281292
259.684347329358,3,12,41,245.247774594051,2.38230079697411,1,0.0325285421605047,1000.03313301984,307.451248406959,-0.0989445063322578,0,347.344673549708,0,1,1,113.924339192925,37.5149755045907
207.596872560904,3,12,41,245.247774594051,1.8783392453814,4,0.0325285421605047,1000.03313301984,307.451248406959,0,0,0,0,1,1,113.924339192925,37.5149755045907
259.530904348431,3,12,41,245.247774594051,1.84133152874893,4,0.0325285421605047,1000.03313301984,307.451248406959,0,0,0,0,1,1,113.924339192925,37.5149755045907
7.05164549030757,2,12,41,245.247774594051,2.49295347095529,1,0.0325285421605047,1000.03313301984,307.451248406959,0,0,0,0,1,1,113.924339192925,37.5149755045907
43.9470383040899,2,12,41,245.247774594051,2.51458772138241,1,0.0325285421605047,1000.03313301984,307.451248406959,0,0,0,0,1,1,113.924339192925,37.5149755045907
241.099253909116,3,12,41,245.247774594051,2.52671906620815,1,0.0325285421605047,1000.03313301984,307.451248406959,0,0,0,0,1,1,113.924339192925,37.5149755045907
245.602692620396,3,12,41,245.247774594051,2.55852516613949,1,0.0325285421605047,1000.03313301984,307.451248406959,0,0,0,0,1,1,113.924339192925,37.5149755045907
261.689665193768,3,12,41,245.247774594051,2.56287936520132,1,0.0325285421605047,1000.03313301984,307.451248406959,0,0,0,0,1,1,113.924339192925,37.5149755045907
260.454092006545,3,12,41,245.247774594051,2.57552652153339,1,0.0325285421605047,1000.03313301984,307.451248406959,0,0,0,0,1,1,113.924339192925,37.5149755045907
107.13156590962,2,12,41,245.247774594051,2.09475174463762,2,0.0325285421605047,1000.03313301984,307.451248406959,0,0,0,0,1,1,113.924339192925,37.5149755045907
21.1026828751729,2,12,41,245.247774594051,2.07842030287186,2,0.0325285421605047,1000.03313301984,307.451248406959,0,0.0989445063322578,0,23.2651786756525,1,1,113.924339192925,37.5149755045907
25.512494846912,1,12,40,140.328677686457,2.07381637817221,2,0.011058594686779,950.243052159754,312.393843274688,-0.0989445063322578,0,2716.83950770899,0,10006960369.8242,3,113.362003990311,37.5594253281292
96.0374181464909,2,12,41,245.247774594051,2.04813428140566,2,0.0325285421605047,1000.03313301984,307.451248406959,-0.0989445063322578,0,1202.23936061146,0,1,1,113.924339192925,37.5149755045907
256.8485209725,3,12,41,245.247774594051,2.58841170098221,1,0.0325285421605047,1000.03313301984,307.451248406959,0,0,0,0,1,1,113.924339192925,37.5149755045907
111.967774273007,2,12,41,245.247774594051,2.03224704142375,2,0.0325285421605047,1000.03313301984,307.451248406959,0,0,0,0,1,1,113.924339192925,37.5149755045907
277.871272292579,3,12,41,245.247774594051,2.22094459008307,3,0.0325285421605047,1000.03313301984,307.451248406959,0,0,0,0,1,1,113.924339192925,37.5149755045907
220.250668814719,2,12,41,245.247774594051,2.18612337821141,3,0.0325285421605047,1000.03313301984,307.451248406959,0,0,0,0,1,1,113.924339192925,37.5149755045907
6.64525991188003,2,12,41,245.247774594051,2.55803701158131,1,0.0325285421605047,1000.03313301984,307.451248406959,0,0,0,0,1,1,113.924339192925,37.5149755045907
20.2414133713559,1,12,41,245.247774594051,2.05626731089946,3,0.0325285421605047,1000.03313301984,307.451248406959,0,0,0,0,1,1,113.924339192925,37.5149755045907
100.253184370708,2,12,41,245.247774594051,2.51091795528754,1,0.0325285421605047,1000.03313301984,307.451248406959,0,0,0,0,1,1,113.924339192925,37.5149755045907
263.903326716239,3,12,41,245.247774594051,1.80331635632383,2,0.0325285421605047,1000.03313301984,307.451248406959,0,0,0,0,1,1,113.924339192925,37.5149755045907
37.9320855817782,2,12,41,245.247774594051,2.44297292551187,1,0.0325285421605047,1000.03313301984,307.451248406959,0,0,0,0,1,1,113.924339192925,37.5149755045907
2.55174612786788,2,12,41,245.247774594051,2.43727492716707,1,0.0325285421605047,1000.03313301984,307.451248406959,0,0.0989445063322578,0,27.3701189015233,1,1,113.924339192925,37.5149755045907
19.3182940471153,1,12,40,140.328677686457,2.43254725528172,1,0.011058594686779,950.243052159754,312.393843274688,-0.0989445063322578,0,1423.5720449184,0,10006960369.8242,3,113.362003990311,37.5594253281292
14.469736429532,2,12,41,245.247774594051,2.40115455281357,1,0.0325285421605047,1000.03313301984,307.451248406959,-0.0989445063322578,0,946.131473631122,0,1,1,113.924339192925,37.5149755045907
219.043216743148,2,12,41,245.247774594051,2.39059284162065,1,0.0325285421605047,1000.03313301984,307.451248406959,0,0,0,0,1,1,113.924339192925,37.5149755045907
219.278569646939,2,12,41,245.247774594051,1.6412800412614,2,0.0325285421605047,1000.03313301984,307.451248406959,0,0,0,0,1,1,113.924339192925,37.5149755045907
252.249562012212,3,12,41,245.247774594051,2.36209091940953,1,0.0325285421605047,1000.03313301984,307.451248406959,0,0,0,0,1,1,113.924339192925,37.5149755045907
248.286041080399,3,12,41,245.247774594051,1.58802913045465,2,0.0325285421605047,1000.03313301984,307.451248406959,0,0,0,0,1,1,113.924339192925,37.5149755045907
17.7569515528117,1,12,41,245.247774594051,1.60135927255983,8,0.0325285421605047,1000.03313301984,307.451248406959,0,0,0,0,1,1,113.924339192925,37.5149755045907
295.765064596757,3,12,41,245.247774594051,1.76052095938061,3,0.0325285421605047,1000.03313301984,307.451248406959,0,0,0,0,1,1,113.924339192925,37.5149755045907
249.690112974266,3,12,41,245.247774594051,1.75891816916904,3,0.0325285421605047,1000.03313301984,307.451248406959,0,0,0,0,1,1,113.924339192925,37.5149755045907
251.412644594759,3,12,41,245.247774594051,2.43071176215093,2,0.0325285421605047,1000.03313301984,307.451248406959,0,0,0,0,1,1,113.924339192925,37.5149755045907
266.519345375523,3,12,41,245.247774594051,2.39015924067403,2,0.0325285421605047,1000.03313301984,307.451248406959,0,0,0,0,1,1,113.924339192925,37.5149755045907
256.384413182562,3,12,41,245.247774594051,1.60915783665775,3,0.0325285421605047,1000.03313301984,307.451248406959,0,0,0,0,1,1,113.924339192925,37.5149755045907
460,2,12,41,245.247774594051,2.32774036969516,2,0.0325285421605047,1000.03313301984,307.451248406959,0,0,0,0,1,1,113.924339192925,37.5149755045907
228.267773455489,3,12,41,245.247774594051,2.08781623842914,1,0.0325285421605047,1000.03313301984,307.451248406959,0,0,0,0,1,1,113.924339192925,37.5149755045907
255.727112733245,3,12,41,245.247774594051,2.21289746684728,2,0.0325285421605047,1000.03313301984,307.451248406959,0,0,0,0,1,1,113.924339192925,37.5149755045907
258.012758629084,3,12,41,245.247774594051,2.16245395106843,2,0.0325285421605047,1000.03313301984,307.451248406959,0,0,0,0,1,1,113.924339192925,37.5149755045907
257.769207498419,3,12,41,245.247774594051,2.12216583904655,2,0.0325285421605047,1000.03313301984,307.451248406959,0,0,0,0,1,1,113.924339192925,37.5149755045907
261.357091738879,3,12,41,245.247774594051,1.88469643091129,1,0.0325285421605047,1000.03313301984,307.451248406959,0,0,0,0,1,1,113.924339192925,37.5149755045907
244.053958993195,3,12,41,245.247774594051,2.11678092535469,8,0.0325285421605047,1000.03313301984,307.451248406959,0,0,0,0,1,1,113.924339192925,37.5149755045907
261.505250301723,3,12,41,245.247774594051,1.71880181864392,1,0.0325285421605047,1000.03313301984,307.451248406959,0,0,0,0,1,1,113.924339192925,37.5149755045907
265.228552709447,3,12,41,245.247774594051,1.71220006979516,1,0.0325285421605047,1000.03313301984,307.451248406959,0,0,0,0,1,1,113.924339192925,37.5149755045907
95.6680057167952,2,12,41,245.247774594051,1.64425491400143,1,0.0325285421605047,1000.03313301984,307.451248406959,0,0,0,0,1,1,113.924339192925,37.5149755045907
99.9137855952402,2,12,41,245.247774594051,2.31243025485698,8,0.0325285421605047,1000.03313301984,307.451248406959,0,0,0,0,1,1,113.924339192925,37.5149755045907
258.868745441965,3,12,41,245.247774594051,2.2126994675406,8,0.0325285421605047,1000.03313301984,307.451248406959,0,0,0,0,1,1,113.924339192925,37.5149755045907
252.801310920735,3,12,41,245.247774594051,2.55881550497687,7,0.0325285421605047,1000.03313301984,307.451248406959,0,0,0,0,1,1,113.924339192925,37.5149755045907
13.8102021847723,2,12,41,245.247774594051,2.19004809190521,8,0.0325285421605047,1000.03313301984,307.451248406959,0,0,0,0,1,1,113.924339192925,37.5149755045907
222.051264942219,2,12,41,245.247774594051,2.1666776905014,8,0.0325285421605047,1000.03313301984,307.451248406959,0,0,0,0,1,1,113.924339192925,37.5149755045907
248.46488205203,3,12,41,245.247774594051,2.58824450452691,7,0.0325285421605047,1000.03313301984,307.451248406959,0,0,0,0,1,1,113.924339192925,37.5149755045907
13.8419636040573,2,12,41,245.247774594051,2.58859053722978,7,0.0325285421605047,1000.03313301984,307.451248406959,0,0,0,0,1,1,113.924339192925,37.5149755045907
244.948255566849,3,12,41,245.247774594051,2.58054012111078,7,0.0325285421605047,1000.03313301984,307.451248406959,0,0,0,0,1,1,113.924339192925,37.5149755045907
244.551929079741,3,12,41,245.247774594051,1.97120673011707,8,0.0325285421605047,1000.03313301984,307.451248406959,0,0,0,0,1,1,113.924339192925,37.5149755045907
295.600379103171,3,12,41,245.247774594051,1.82834123499036,8,0.0325285421605047,1000.03313301984,307.451248406959,0,0,0,0,1,1,113.924339192925,37.5149755045907
102.416182944178,2,12,41,245.247774594051,1.71322206696249,8,0.0325285421605047,1000.03313301984,307.451248406959,0,0,0,0,1,1,113.924339192925,37.5149755045907
252.749465818258,3,12,41,245.247774594051,2.42958885586707,6,0.0325285421605047,1000.03313301984,307.451248406959,0,0,0,0,1,1,113.924339192925,37.5149755045907
42.9557144786791,2,12,41,245.247774594051,1.77474321365045,5,0.0325285421605047,1000.03313301984,307.451248406959,0,0,0,0,1,1,113.924339192925,37.5149755045907
220.51570379909,2,12,41,245.247774594051,1.80215746088858,5,0.0325285421605047,1000.03313301984,307.451248406959,0,0,0,0,1,1,113.924339192925,37.5149755045907
459.320279165428,2,12,41,245.247774594051,2.2758461392039,7,0.0325285421605047,1000.03313301984,307.451248406959,0,0,0,0,1,1,113.924339192925,37.5149755045907
266.162793005172,3,12,41,245.247774594051,2.44632107409981,8,0.0325285421605047,1000.03313301984,307.451248406959,0,1.29847431937608,0,30.7140672929025,1,1,113.924339192925,37.5149755045907
0,3,10,41,701.409565459978,2.53105741871704,6,0.0656877870925869,972.753369691531,405.137280998959,-1.29847431937608,0,1842.76226734426,0,20284719816.4668,3,113.743492547912,38.3934871016553
39.7940178598309,2,12,41,245.247774594051,2.36155155202072,8,0.0325285421605047,1000.03313301984,307.451248406959,-1.29847431937608,0,689.049211655101,0,1,1,113.924339192925,37.5149755045907
287.311062245175,3,12,41,245.247774594051,2.33347312339443,8,0.0325285421605047,1000.03313301984,307.451248406959,0,0,0,0,1,1,113.924339192925,37.5149755045907
104.305691591691,2,12,41,245.247774594051,1.99965790579644,5,0.0325285421605047,1000.03313301984,307.451248406959,0,0,0,0,1,1,113.924339192925,37.5149755045907
236.15723743573,3,12,41,245.247774594051,2.28608783695813,8,0.0325285421605047,1000.03313301984,307.451248406959,0,0,0,0,1,1,113.924339192925,37.5149755045907
218.884905733155,2,12,41,245.247774594051,2.03871678962977,5,0.0325285421605047,1000.03313301984,307.451248406959,0,0,0,0,1,1,113.924339192925,37.5149755045907
220.957174598163,2,12,41,245.247774594051,2.58733788187893,6,0.0325285421605047,1000.03313301984,307.451248406959,0,0,0,0,1,1,113.924339192925,37.5149755045907
246.60911084863,3,12,41,245.247774594051,2.19848943623235,8,0.0325285421605047,1000.03313301984,307.451248406959,0,0,0,0,1,1,113.924339192925,37.5149755045907
224.681555849937,2,12,41,245.247774594051,2.14281323160614,5,0.0325285421605047,1000.03313301984,307.451248406959,0,1.29847431937608,0,4.92092420176978,1,1,113.924339192925,37.5149755045907
0,3,10,41,701.409565459978,2.182671126552,5,0.0656877870925869,972.753369691531,405.137280998959,-1.29847431937608,0,1011.92636509428,9.05605032190344,20284719816.4668,3,113.743492547912,38.3934871016553
9.25106944699984,2,12,41,245.247774594051,2.55492455288241,6,0.0325285421605047,1000.03313301984,307.451248406959,-1.29847431937608,0,4279.54552759863,0,1,1,113.924339192925,37.5149755045907
6.17874730015689,2,12,41,245.247774594051,1.87696033557715,7,0.0325285421605047,1000.03313301984,307.451248406959,0,0,0,0,1,1,113.924339192925,37.5149755045907
264.569082617775,3,12,41,245.247774594051,1.83526137717254,7,0.0325285421605047,1000.03313301984,307.451248406959,0,0,0,0,1,1,113.924339192925,37.5149755045907
264.371839789089,3,12,41,245.247774594051,2.29531449930617,5,0.0325285421605047,1000.03313301984,307.451248406959,0,0,0,0,1,1,113.924339192925,37.5149755045907
256.863755837064,3,12,41,245.247774594051,2.31359527959149,5,0.0325285421605047,1000.03313301984,307.451248406959,0,0,0,0,1,1,113.924339192925,37.5149755045907
8.84369738476368,2,12,41,245.247774594051,2.3591279324291,5,0.0325285421605047,1000.03313301984,307.451248406959,0,1.29847431937608,0,12.9413858919542,1,1,113.924339192925,37.5149755045907
17.575489004161,1,10,41,701.409565459978,1.94193514098413,8,0.0656877870925869,972.753369691531,405.137280998959,-1.29847431937608,0,4654.5346639176,0,20284719816.4668,3,113.743492547912,38.3934871016553
3.50083068551118,2,12,41,245.247774594051,2.40644637880969,6,0.0325285421605047,1000.03313301984,307.451248406959,-1.29847431937608,0,1053.84499867953,0,1,1,113.924339192925,37.5149755045907
272.066182629288,3,12,41,245.247774594051,2.44430387072883,5,0.0325285421605047,1000.03313301984,307.451248406959,0,0,0,0,1,1,113.924339192925,37.5149755045907
247.009642459988,3,12,41,245.247774594051,1.80632567582783,4,0.0325285421605047,1000.03313301984,307.451248406959,0,0,0,0,1,1,113.924339192925,37.5149755045907
7.45568490342629,2,12,41,245.247774594051,2.51150685242256,5,0.0325285421605047,1000.03313301984,307.451248406959,0,0,0,0,1,1,113.924339192925,37.5149755045907
11.2617711876768,2,12,41,245.247774594051,2.23947730798097,6,0.0325285421605047,1000.03313301984,307.451248406959,0,0,0,0,1,1,113.924339192925,37.5149755045907
0,2,12,41,245.247774594051,2.55048447450596,5,0.0325285421605047,1000.03313301984,307.451248406959,0,1.29847431937608,0,13.5426952137058,1,1,113.924339192925,37.5149755045907
20.2648962921328,1,10,41,701.409565459978,2.55490513506066,5,0.0656877870925869,972.753369691531,405.137280998959,-1.29847431937608,0,2555.00838183036,0,20284719816.4668,3,113.743492547912,38.3934871016553
221.80858890865,2,12,41,245.247774594051,2.32939052138849,7,0.0325285421605047,1000.03313301984,307.451248406959,-1.29847431937608,0,829.350899406686,0,1,1,113.924339192925,37.5149755045907
261.665719488646,3,12,41,245.247774594051,2.30005342836224,7,0.0325285421605047,1000.03313301984,307.451248406959,0,0,0,0,1,1,113.924339192925,37.5149755045907
454.421915978846,2,12,41,245.247774594051,2.0263877002993,4,0.0325285421605047,1000.03313301984,307.451248406959,0,0,0,0,1,1,113.924339192925,37.5149755045907
8.20810759044002,2,12,41,245.247774594051,2.06424785362887,6,0.0325285421605047,1000.03313301984,307.451248406959,0,0,0,0,1,1,113.924339192925,37.5149755045907
264.346600867009,3,12,41,245.247774594051,2.02715990848024,6,0.0325285421605047,1000.03313301984,307.451248406959,0,0,0,0,1,1,113.924339192925,37.5149755045907
202.410723644655,2,12,41,245.247774594051,2.18850727871726,7,0.0325285421605047,1000.03313301984,307.451248406959,0,0,0,0,1,1,113.924339192925,37.5149755045907
263.090463639312,3,12,41,245.247774594051,2.56347446998582,5,0.0325285421605047,1000.03313301984,307.451248406959,0,0,0,0,1,1,113.924339192925,37.5149755045907
40.4534244792711,2,12,41,245.247774594051,2.54377762000813,5,0.0325285421605047,1000.03313301984,307.451248406959,0,0,0,0,1,1,113.924339192925,37.5149755045907
215.437728527992,2,12,41,245.247774594051,2.50646485323524,5,0.0325285421605047,1000.03313301984,307.451248406959,0,0.447302970626283,0,28.3998722269236,1,1,113.924339192925,37.5149755045907
20.2997105796503,1,10,38,392.526924144828,1.82502983410381,6,0.0656877870925869,821.833039784585,392.939718266557,-0.447302970626283,0,13379.6039183251,0,39529002875.3523,3,111.985293879808,38.2837917846073
263.691276103102,3,12,41,245.247774594051,2.39851684310328,4,0.0325285421605047,1000.03313301984,307.451248406959,-0.447302970626283,0,878.578699177424,0.504110403390369,4.58740285719044,1,113.924339192925,37.5149755045907
22.2121467452041,1,10,36,643.059387856856,1.78785092964228,3,0.0656877870925869,714.679229388238,384.279418324653,-0.263001655452177,0,1286.83543117861,0,1.00021751410827,3,110.740044806803,38.2059078360924
0,3,10,35,664.85550415722,2.54495659415647,4,0.0656877870925869,713.575551613091,384.190217758321,0.080645913730467,0.342389577903839,236.476033533314,1067.90900158556,1.00727558254237,3,110.727232108424,38.2051056361268
15.6769684556933,2,12,41,245.247774594051,2.3071380495656,5,0.0325285421605047,1000.03313301984,307.451248406959,-0.261743664173372,0,18237.8527608962,0,1,1,113.924339192925,37.5149755045907
220.623881841464,2,12,41,245.247774594051,2.51495658155698,4,0.0325285421605047,1000.03313301984,307.451248406959,0,0,0,0,1,1,113.924339192925,37.5149755045907
8.4085413522939,2,12,41,245.247774594051,2.22079006604122,5,0.0325285421605047,1000.03313301984,307.451248406959,0,0,0,0,1,1,113.924339192925,37.5149755045907
217.585777978904,2,12,41,245.247774594051,2.39330215884783,6,0.0325285421605047,1000.03313301984,307.451248406959,0,0,0,0,1,1,113.924339192925,37.5149755045907
218.859404646433,3,12,41,245.247774594051,2.32052604183653,6,0.0325285421605047,1000.03313301984,307.451248406959,0,1.29847431937608,0,0.19635509174239,1,1,113.924339192925,37.5149755045907
85.2847700886564,2,12,41,117.247049759115,2.58517027342735,4,0.0325285421605047,998.72457062748,312.137076028365,-1.29847431937608,0,115.300264086377,0.0118660795307561,1,1,113.915831805775,37.557116164806
250.923555198346,3,12,41,75.8264468840944,2.29226166917798,6,0.0325285421605047,998.147280041944,314.204294364354,-1.29847431937609,0,117.102751777815,0,1,1,113.912073287003,37.5757071059431
240.699005225371,3,12,41,37.7681757782282,2.28168152156774,6,0.0325285421605047,997.442944829242,316.726446470865,-1.29847431937607,0,117.102751777815,0,1,1,113.907483179818,37.5983893647711
219.865333158999,2,12,41,20.2194909166585,2.58807386976965,4,0.0325285421605047,996.979890690019,318.384595817383,-1.29847431937604,0,117.102751777817,0,1,1,113.904462821437,37.6133014601027
9.36056734661701,2,12,41,5.34153620501016,2.25016706570233,6,0.0325285421605047,995.369734383276,324.150400291774,-1.29847431937609,0,117.102751777816,0,1,1,113.893943818072,37.665154585496
244.912928984318,3,11,41,59.2248771371736,1.91593627336612,5,0.0325285421605047,986.74886130084,355.020861987764,-1.29847431937608,0,117.102751777816,0,1,1,113.837189712394,37.9427793173749
14.5326588041824,2,11,41,173.662411963875,2.23297392989456,3,0.0325285421605047,984.164424486984,364.275464961838,-1.29847431937608,0,117.102751777816,0,1,1,113.820032757254,38.0260079614627
224.260215931744,2,11,41,247.554027605519,2.53424368793132,4,0.0325285421605047,983.354234474264,367.176672242699,-1.29847431937607,0,117.102751777815,105.839493864426,1.00440659757848,1,113.814640701155,38.052099145372
0,3,11,31,94.2249872946817,1.8616084754888,5,0.0656877870925869,484.376607668474,365.666083212044,0.00302735901311281,0,9918.0591992985,125.390651944952,129.765663071747,3,108.072312308827,38.0385140918427
259.797908373898,3,10,41,405.362864787802,2.03779425404482,6,0.0325285421605047,981.289856027952,374.568999579329,0.017914523252408,1.31638884262849,32628.419703185,0,1.06641342317297,1,113.800872397877,38.1185799422905
9.34694614794036,2,10,41,516.517536170845,1.92304325854049,6,0.0325285421605047,974.137911323475,400.179379518828,-1.29847431937608,0,117.102751777816,0,1,1,113.752847852708,38.3488996224443
264.712718774481,3,10,41,701.409565459978,2.41352001731528,4,0.0315936540829432,972.753369691531,405.137280998959,-1.29847431937608,0,83.1385092361458,0,1,1,113.743492547912,38.3934871016553
219.742714445324,2,10,41,701.409565459978,1.69658664721445,2,0.0315936540829432,972.753369691531,405.137280998959,0,0,0,0,1,1,113.743492547912,38.3934871016553
223.494796939752,2,10,41,701.409565459978,2.46354819655714,3,0.0315936540829432,972.753369691531,405.137280998959,0,0,0,0,1,1,113.743492547912,38.3934871016553
230.766310512111,3,10,41,701.409565459978,1.77050064884307,2,0.0315936540829432,972.753369691531,405.137280998959,0,0,0,0,1,1,113.743492547912,38.3934871016553
101.720560205731,2,10,41,701.409565459978,1.79824601945013,2,0.0315936540829432,972.753369691531,405.137280998959,0,0,0,0,1,1,113.743492547912,38.3934871016553
223.72101656148,2,10,41,701.409565459978,2.4412730954969,5,0.0315936540829432,972.753369691531,405.137280998959,0,0,0,0,1,1,113.743492547912,38.3934871016553
258.044002699177,3,10,41,701.409565459978,2.25246686151678,4,0.0315936540829432,972.753369691531,405.137280998959,0,0,0,0,1,1,113.743492547912,38.3934871016553
253.390323643498,3,10,41,701.409565459978,1.69379473969729,6,0.0315936540829432,972.753369691531,405.137280998959,0,0,0,0,1,1,113.743492547912,38.3934871016553
225.481932621013,3,10,41,701.409565459978,2.5602400654609,3,0.0315936540829432,972.753369691531,405.137280998959,0,0,0,0,1,1,113.743492547912,38.3934871016553
256.092451207129,3,10,41,701.409565459978,2.56813096878953,3,0.0315936540829432,972.753369691531,405.137280998959,0,0,0,0,1,1,113.743492547912,38.3934871016553
268.079750992114,3,10,41,701.409565459978,2.0393071065933,2,0.0315936540829432,972.753369691531,405.137280998959,0,0,0,0,1,1,113.743492547912,38.3934871016553
220.521790548415,2,10,41,701.409565459978,2.20707496648876,5,0.0315936540829432,972.753369691531,405.137280998959,0,0,0,29.9813885729215,1,1,113.743492547912,38.3934871016553
19.5153737874602,1,11,25,590.080391149316,2.78820235147919,3,0.0656877870925869,198.7559221483,342.581875594342,0.0806459137304446,0,14164.4384052235,0,155304246889.616,3,104.780190787891,37.8309128251815
249.451832985681,3,10,41,701.409565459978,1.93912086926515,4,0.0315936540829432,972.753369691531,405.137280998959,0.0806459137304446,0.0806459137304446,10432.3801012369,0,1,1,113.743492547912,38.3934871016553
225.127899001201,2,10,41,701.409565459978,2.56332576212762,3,0.0315936540829432,972.753369691531,405.137280998959,0,0,0,0,1,1,113.743492547912,38.3934871016553
257.146633478061,3,10,41,701.409565459978,2.54229927872378,3,0.0315936540829432,972.753369691531,405.137280998959,0,0,0,0,1,1,113.743492547912,38.3934871016553
265.394484666012,3,10,41,701.409565459978,2.52926653159516,3,0.0315936540829432,972.753369691531,405.137280998959,0,0,0,0,1,1,113.743492547912,38.3934871016553
247.870519003425,3,10,41,701.409565459978,1.98725135611124,5,0.0315936540829432,972.753369691531,405.137280998959,0,0,0,0,1,1,113.743492547912,38.3934871016553
9.25109100327499,2,10,41,701.409565459978,1.62333389536539,1,0.0315936540829432,972.753369691531,405.137280998959,0,0,0,0,1,1,113.743492547912,38.3934871016553
249.734123873191,3,10,41,701.409565459978,2.38845015682367,2,0.0315936540829432,972.753369691531,405.137280998959,0,0,0,0,1,1,113.743492547912,38.3934871016553
267.117507459213,3,10,41,701.409565459978,1.67226738097941,4,0.0315936540829432,972.753369691531,405.137280998959,0,0,0,0,1,1,113.743492547912,38.3934871016553
21.9626887302679,1,10,41,701.409565459978,2.43074713493757,2,0.0315936540829432,972.753369691531,405.137280998959,0,0,0,0,1,1,113.743492547912,38.3934871016553
218.646694884716,2,10,41,701.409565459978,2.37212380956454,3,0.0315936540829432,972.753369691531,405.137280998959,0,0,0,0,1,1,113.743492547912,38.3934871016553
232.856979952444,3,10,41,701.409565459978,1.77572607469707,1,0.0315936540829432,972.753369691531,405.137280998959,0,0,0,0,1,1,113.743492547912,38.3934871016553
258.425711500859,3,10,41,701.409565459978,2.31004095600203,3,0.0315936540829432,972.753369691531,405.137280998959,0,0,0,0,1,1,113.743492547912,38.3934871016553
17.0438509805603,1,10,41,701.409565459978,2.50646463348317,2,0.0315936540829432,972.753369691531,405.137280998959,0,0,0,0,1,1,113.743492547912,38.3934871016553
252.680722748581,3,10,41,701.409565459978,1.81609871674604,1,0.0315936540829432,972.753369691531,405.137280998959,0,0,0,0,1,1,113.743492547912,38.3934871016553
259.022221330151,3,10,41,701.409565459978,2.28260486781475,3,0.0315936540829432,972.753369691531,405.137280998959,0,0,0,0,1,1,113.743492547912,38.3934871016553
261.594163678539,3,10,41,701.409565459978,1.73462850090671,5,0.0315936540829432,972.753369691531,405.137280998959,0,0,0,0,1,1,113.743492547912,38.3934871016553
257.422869283583,3,10,41,701.409565459978,2.26143086765078,3,0.0315936540829432,972.753369691531,405.137280998959,0,0,0,0,1,1,113.743492547912,38.3934871016553
251.699798550346,3,10,41,701.409565459978,2.57315090340325,2,0.0315936540829432,972.753369691531,405.137280998959,0,0,0,0,1,1,113.743492547912,38.3934871016553
18.3355294788841,1,10,41,701.409565459978,2.12522069160078,3,0.0315936540829432,972.753369691531,405.137280998959,0,0,0,0,1,1,113.743492547912,38.3934871016553
260.262002171177,3,10,41,701.409565459978,2.01868683155952,1,0.0315936540829432,972.753369691531,405.137280998959,0,0,0,70.7038198178154,1,1,113.743492547912,38.3934871016553
19.4427814313857,1,12,19,273.871858715365,2.12539069801767,3,0.0656877870925869,-111.576543320294,317.500432174572,0.0806459137304446,0,17196.1771125787,8.85926285492953,217573121274.122,3,101.223810607772,37.6053499854313
263.326324110262,3,10,41,701.409565459978,2.07921109908056,1,0.0315936540829432,972.753369691531,405.137280998959,0.0806459137304446,0,19213.8159319794,178.419516579685,121.242805845695,1,113.743492547912,38.3934871016553
21.4268579011718,1,12,19,40.7115162433976,2.08054866598309,3,0.0656877870925869,-129.612215481892,316.042767440154,0.0806459137304446,0.00344260390199017,55580.7324573597,0,552.00312808498,3,101.017782379392,37.5922408915328
216.253160989485,2,10,41,639.408184556669,2.5821749271314,2,0.0315936540829432,971.808762180796,401.245459050112,0.0772033098284545,0,17959.5428093544,0,1.01528088591512,1,113.727368498725,38.3584871060054
239.809869263703,3,10,40,645.202491433905,2.57889721819787,2,0.0315936540829432,968.768109111863,388.717842851821,1.33268484162374,0,113.737154698595,0,1,1,113.675534562064,38.2458235468276
269.045632441398,3,10,40,623.738791150421,2.56730555109979,2,0.0315936540829432,967.260400416643,382.506020771388,1.33268484162374,0,113.737154698595,0,1,1,113.649871579392,38.1899592887371
98.7037455820103,2,11,40,457.502212642789,2.51988062039662,2,0.0315936540829432,962.93023461523,364.665558868877,1.33268484162374,0,113.737154698595,0,1,1,113.576310401031,38.0295161602521
246.508126678784,3,11,40,437.341213746147,2.02242510083679,4,0.0315936540829432,962.742588051725,363.892447278957,1.33268484162379,0,113.737154698593,0,1,1,113.573127454893,38.0225634006861
252.805378976847,3,11,40,369.15211211872,2.50823284878681,2,0.0315936540829432,961.989362038022,360.78912500038,1.33268484162374,0,113.737154698595,0,1,1,113.560354912541,37.9946545529336
250.499902677899,3,11,40,288.719659087781,2.35427567738978,1,0.0315936540829432,959.513347836702,350.58784425166,1.33268484162373,0,113.737154698595,0,1,1,113.518414191228,37.9029122310799
266.980581702578,3,11,40,389.098314640328,1.92212479769391,4,0.0315936540829432,957.461054997613,342.132313011581,1.33268484162374,0,113.737154698595,0,1,1,113.483703506574,37.8268698117426
98.4171173700737,2,12,40,423.466234201557,2.40965774066566,1,0.0315936540829432,956.449414747504,337.964313408601,1.33268484162373,0,113.737154698595,0,1,1,113.466611086807,37.7893860907784
254.055671601085,3,12,40,162.05473487309,2.4445586379528,1,0.0315936540829432,954.21563914399,328.761065685327,1.33268484162374,0,113.737154698596,0,1,1,113.428910887131,37.7066192955568
257.97919462804,3,12,40,107.579326355336,2.33169076475609,2,0.0315936540829432,950.835366022834,314.83420084833,1.33268484162374,0,113.737154698595,0,1,1,113.371968473456,37.5813719910506
110.723612479242,2,12,40,140.328677686457,2.41617328978414,3,0.062921760943153,950.243052159754,312.393843274688,1.33268484162372,1.33268484162372,11.6098757747395,0,1,1,113.362003990311,37.5594253281292
219.932149496423,2,12,40,140.328677686457,2.56016367716579,1,0.062921760943153,950.243052159754,312.393843274688,0,0,0,0,1,1,113.362003990311,37.5594253281292
40.0883099326007,2,12,40,140.328677686457,2.5753301762522,1,0.062921760943153,950.243052159754,312.393843274688,0,0,0,0,1,1,113.362003990311,37.5594253281292
11.1926809125262,2,12,40,140.328677686457,2.5870821286836,1,0.062921760943153,950.243052159754,312.393843274688,0,0,0,0,1,1,113.362003990311,37.5594253281292
285.10776459872,3,12,40,140.328677686457,2.14538826403887,2,0.062921760943153,950.243052159754,312.393843274688,0,0,0,0,1,1,113.362003990311,37.5594253281292
283.815726923736,3,12,40,140.328677686457,1.58450996266704,4,0.062921760943153,950.243052159754,312.393843274688,0,0,0,0,1,1,113.362003990311,37.5594253281292
220.832813856086,2,12,40,140.328677686457,2.60066720243094,1,0.062921760943153,950.243052159754,312.393843274688,0,0,0,0,1,1,113.362003990311,37.5594253281292
226.7559996678,2,12,40,140.328677686457,2.27476770563013,3,0.062921760943153,950.243052159754,312.393843274688,0,0,0,1429.44770010662,1,1,113.362003990311,37.5594253281292
20.4526514020665,1,13,13,33.8056936425621,2.97336196021826,1,0.0309544686150852,-428.958879079428,291.849209751687,0.0148949285080436,0,179752.816802983,0,275870987898.364,3,97.6088027013818,37.374663
10.6603950120375,2,12,40,140.328677686457,2.013359888737,2,0.062921760943153,950.243052159754,312.393843274688,0.0148949285080436,0,12754.6055090805,28.9129741811489,275870987898.364,1,113.362003990311,37.5594253281292
20.2585176369795,1,13,13,33.8056936425621,2.94068341042849,1,0.0309544686150852,-428.958879079428,291.849209751687,0.0148949285080436,0.0148949285080436,24011.128763021,0,1,3,97.6088027013818,37.374663
0,3,13,13,33.8056936425621,2.26171849888298,3,0.0309544686150852,-428.958879079428,291.849209751687,0,0,0,52.9360525915255,1,3,97.6088027013818,37.374663
19.0088964689336,1,12,40,140.328677686457,1.88737808880584,2,0.062921760943153,950.243052159754,312.393843274688,0.0148949285080436,0.0148949285080436,10035.1102203356,0,1,1,113.362003990311,37.5594253281292
254.305505525633,3,12,40,140.328677686457,2.04012145100316,3,0.062921760943153,950.243052159754,312.393843274688,0,0,0,0,1,1,113.362003990311,37.5594253281292
223.551712719115,2,12,40,140.328677686457,2.51190908742314,1,0.062921760943153,950.243052159754,312.393843274688,0,0,0,73.6064827016252,1,1,113.362003990311,37.5594253281292
457.502678981285,2,13,13,33.8056936425621,2.6917560128,1,0.0309544686150852,-428.958879079428,291.849209751687,0.0148949285080436,0,13752.6230535271,0,275870987898.364,3,97.6088027013818,37.374663
265.849983794577,3,12,40,140.328677686457,2.38271370226293,1,0.062921760943153,950.243052159754,312.393843274688,0.0148949285080436,0.0148949285080436,6134.4042680795,0,1,1,113.362003990311,37.5594253281292
305.946533632295,3,12,40,140.328677686457,1.78837685781979,3,0.062921760943153,950.243052159754,312.393843274688,0,0,0,0,1,1,113.362003990311,37.5594253281292
101.793392362517,2,12,40,140.328677686457,2.46616291968777,2,0.062921760943153,950.243052159754,312.393843274688,0,0,0,0,1,1,113.362003990311,37.5594253281292
264.194420186673,3,12,40,140.328677686457,1.66036604356317,8,0.062921760943153,950.243052159754,312.393843274688,0,0,0,0,1,1,113.362003990311,37.5594253281292
277.046313916908,3,12,40,140.328677686457,2.42706952890643,2,0.062921760943153,950.243052159754,312.393843274688,0,0,0,0,1,1,113.362003990311,37.5594253281292
252.474624874763,3,12,40,140.328677686457,1.62042659589918,3,0.062921760943153,950.243052159754,312.393843274688,0,0,0,0,1,1,113.362003990311,37.5594253281292
254.328711881445,3,12,40,140.328677686457,2.12907796073407,1,0.062921760943153,950.243052159754,312.393843274688,0,0,0,0,1,1,113.362003990311,37.5594253281292
249.413537437378,3,12,40,140.328677686457,2.29725660907321,2,0.062921760943153,950.243052159754,312.393843274688,0,0,0,0,1,1,113.362003990311,37.5594253281292
271.493605616544,3,12,40,140.328677686457,1.83914213182708,8,0.062921760943153,950.243052159754,312.393843274688,0,0,0,0,1,1,113.362003990311,37.5594253281292
220.619400182361,3,12,40,140.328677686457,2.25297282644744,2,0.062921760943153,950.243052159754,312.393843274688,0,0,0,0,1,1,113.362003990311,37.5594253281292
264.074513484162,3,12,40,140.328677686457,2.23993955201479,2,0.062921760943153,950.243052159754,312.393843274688,0,0,0,0,1,1,113.362003990311,37.5594253281292
255.604651981122,3,12,40,140.328677686457,2.23149013365912,2,0.062921760943153,950.243052159754,312.393843274688,0,0,0,481.645368548304,1,1,113.362003990311,37.5594253281292
20.6738250903727,1,13,13,33.8056936425621,2.07205118641477,1,0.0309544686150852,-428.958879079428,291.849209751687,0.0148949285080436,0,29709.8178294978,0,275870987898.364,3,97.6088027013818,37.374663
101.152079990816,2,12,40,140.328677686457,2.15812613025075,2,0.062921760943153,950.243052159754,312.393843274688,0.0148949285080436,0.0148949285080436,13724.8981822893,0,1,1,113.362003990311,37.5594253281292
91.2854856590588,2,12,40,140.328677686457,1.91626375445288,1,0.062921760943153,950.243052159754,312.393843274688,0,0,0,0,1,1,113.362003990311,37.5594253281292
456.498788459412,2,12,40,140.328677686457,2.11669820788359,2,0.062921760943153,950.243052159754,312.393843274688,0,0,0,687.502252807077,1,1,113.362003990311,37.5594253281292
11.1327781858876,1,13,13,33.8056936425621,2.17434967397506,2,0.0309544686150852,-428.958879079428,291.849209751687,0.0148949285080436,0,26778.0432870127,0,275870987898.364,3,97.6088027013818,37.374663
10.4287164529854,2,12,40,140.328677686457,2.10045800271413,8,0.062921760943153,950.243052159754,312.393843274688,0.0148949285080436,0.0148949285080436,9770.95649738198,0,1,1,113.362003990311,37.5594253281292
9.70944693910564,2,12,40,140.328677686457,2.12451613828427,8,0.062921760943153,950.243052159754,312.393843274688,0,0,0,0,1,1,113.362003990311,37.5594253281292
4.87788190624637,2,12,40,140.328677686457,1.9581874841368,2,0.062921760943153,950.243052159754,312.393843274688,0,0,0,0,1,1,113.362003990311,37.5594253281292
256.997295869581,3,12,40,140.328677686457,2.17134458790321,8,0.062921760943153,950.243052159754,312.393843274688,0,0,0,0,1,1,113.362003990311,37.5594253281292
259.359659210082,3,12,40,140.328677686457,1.91353661823148,2,0.062921760943153,950.243052159754,312.393843274688,0,0,0,0.129072121061441,1,1,113.362003990311,37.5594253281292
15.4536136715865,1,12,40,92.4514886191823,1.83868737527916,2,0.062921760943153,951.428276015582,316.777809467747,1.30675434961159,0,30.712895283953,0.36783873808629,1,1,113.381293215145,37.5988512832995
270.75173259525,3,12,40,193.070972064107,2.30571916052097,8,0.062921760943153,954.943910402494,329.781616490015,1.30675434961159,0,226.518339395347,0,1,1,113.438593435493,37.7157973294428
244.946897444354,3,12,40,385.591662780891,1.58093175901232,7,0.062921760943153,956.74788348829,336.454243759902,1.3067543496116,0,226.518339395348,0,1,1,113.468044684169,37.7758057081633
19.5755523512636,2,11,40,327.645449413829,2.30114720514753,8,0.062921760943153,961.29174496692,353.261309370591,1.30675434961159,0,226.518339395348,0,1,1,113.542373570317,37.9269552805211
216.877807467499,2,11,40,411.780812539774,2.52572228690327,7,0.062921760943153,963.206259967359,360.342814688559,1.3067543496116,0,226.518339395346,0,1,1,113.573754327214,37.9906407878699
273.043465218597,3,11,40,561.140479767646,1.84325826910729,6,0.062921760943153,964.776653312886,366.151465352097,1.30675434961159,0,226.518339395347,0,1,1,113.599522459511,38.0428792382995
261.760713401238,3,11,40,744.909970707868,1.85465006709974,6,0.062921760943153,966.110718421192,371.085973129168,1.30675434961159,0,226.518339395347,0,1,1,113.621432477174,38.0872563328844
257.746278707132,3,10,41,529.251618884194,2.2164818543054,8,0.062921760943153,971.394613124867,390.630311217446,1.30675434961159,0,226.518339395348,0,1,1,113.708390554266,38.2630227880461
261.406551340792,3,10,41,539.588908795912,2.19170370437167,8,0.062921760943153,974.375028558109,401.65442319119,1.30675434961159,0,226.518339395347,0,1,1,113.757565231223,38.3621650088866
261.068036122296,3,9,41,575.934639407265,2.18192258638519,8,0.062921760943153,976.138094267179,408.17574017844,1.30675434961159,0,226.518339395347,0,1,1,113.786697105941,38.4208126215434
256.935777433032,3,9,41,280.921955152669,1.94917398622946,6,0.062921760943153,978.732720060098,417.772873837084,1.30675434961159,0,226.518339395347,0,1,1,113.829626761921,38.5071217180845
24.7768622378131,1,9,41,187.512972307009,2.13976883027345,8,0.067743400405095,980.789948760123,425.382255835224,1.3067543496116,1.3067543496116,192.89567670416,0,1,1,113.863713580551,38.5755545344707
305.625891418548,3,9,41,187.512972307009,2.58363638493836,7,0.067743400405095,980.789948760123,425.382255835224,0,0,0,0,1,1,113.863713580551,38.5755545344707
263.303532317141,3,9,41,187.512972307009,2.00875516802086,6,0.067743400405095,980.789948760123,425.382255835224,0,0,0,0,1,1,113.863713580551,38.5755545344707
12.9754450497126,2,9,41,187.512972307009,2.07277816560869,8,0.067743400405095,980.789948760123,425.382255835224,0,0,0,0,1,1,113.863713580551,38.5755545344707
100.059900447346,2,9,41,187.512972307009,2.0568649736375,6,0.067743400405095,980.789948760123,425.382255835224,0,0,0,0,1,1,113.863713580551,38.5755545344707
264.702381508522,3,9,41,187.512972307009,1.96590328338147,8,0.067743400405095,980.789948760123,425.382255835224,0,0,0,0,1,1,113.863713580551,38.5755545344707
19.4677523822132,1,9,41,187.512972307009,2.56943479159251,7,0.067743400405095,980.789948760123,425.382255835224,0,0,0,0,1,1,113.863713580551,38.5755545344707
296.832931964045,3,9,41,187.512972307009,2.20045772730051,6,0.067743400405095,980.789948760123,425.382255835224,0,0,0,0,1,1,113.863713580551,38.5755545344707
322.097331282776,3,9,41,187.512972307009,2.25083924970756,6,0.067743400405095,980.789948760123,425.382255835224,0,0,0,0,1,1,113.863713580551,38.5755545344707
91.724926296987,2,9,41,187.512972307009,2.48228026888434,7,0.067743400405095,980.789948760123,425.382255835224,0,0,0,234.525994990603,1,1,113.863713580551,38.5755545344707
0,3,13,13,33.8056936425621,2.69476040018366,7,0.0309544686150852,-428.958879079428,291.849209751687,0.0944393940297226,0,130787.735798572,0,283211781675.222,3,97.6088027013818,37.374663
16.5158098041649,2,9,41,187.512972307009,2.43025339668541,7,0.067743400405095,980.789948760123,425.382255835224,0.0944393940297226,0.0944393940297226,11179.730138963,0,1,1,113.863713580551,38.5755545344707
12.0661896093605,2,9,41,187.512972307009,2.41174306211909,6,0.067743400405095,980.789948760123,425.382255835224,0,0,0,0,1,1,113.863713580551,38.5755545344707
267.896433841268,3,9,41,187.512972307009,2.46483176178864,6,0.067743400405095,980.789948760123,425.382255835224,0,0,0,0,1,1,113.863713580551,38.5755545344707
463.095575681732,2,9,41,187.512972307009,2.49561669219544,6,0.067743400405095,980.789948760123,425.382255835224,0,0,0,0,1,1,113.863713580551,38.5755545344707
254.767581964869,3,9,41,187.512972307009,2.50556366527898,6,0.067743400405095,980.789948760123,425.382255835224,0,0,0,0,1,1,113.863713580551,38.5755545344707
5.26570273291851,2,9,41,187.512972307009,2.52199958527289,6,0.067743400405095,980.789948760123,425.382255835224,0,0,0,0,1,1,113.863713580551,38.5755545344707
275.199594171374,3,9,41,187.512972307009,1.86510471418246,5,0.067743400405095,980.789948760123,425.382255835224,0,0,0,0,1,1,113.863713580551,38.5755545344707
0,2,9,41,187.512972307009,2.23781507335877,7,0.067743400405095,980.789948760123,425.382255835224,0,0,0,492.947892256669,1,1,113.863713580551,38.5755545344707
23.0628543222358,1,13,13,33.8056936425621,2.9056371492855,6,0.0309544686150852,-428.958879079428,291.849209751687,0.0944393940297226,0,15918.1770979653,267.822141118916,283211781675.222,3,97.6088027013818,37.374663
9.90479995539659,2,9,41,187.512972307009,2.37783670483724,8,0.067743400405095,980.789948760123,425.382255835224,0.0944393940297226,0.0944393940297226,101688.484542592,0,1,1,113.863713580551,38.5755545344707
250.876448355764,3,9,41,187.512972307009,2.5703486017875,6,0.067743400405095,980.789948760123,425.382255835224,0,0,0,0,1,1,113.863713580551,38.5755545344707
234.946089930868,3,9,41,187.512972307009,1.96996400724787,5,0.067743400405095,980.789948760123,425.382255835224,0,0,0,0,1,1,113.863713580551,38.5755545344707
10.3820420319948,2,9,41,187.512972307009,2.00088827770538,5,0.067743400405095,980.789948760123,425.382255835224,0,0,0,0,1,1,113.863713580551,38.5755545344707
251.382884976361,3,9,41,187.512972307009,2.58738082778648,6,0.067743400405095,980.789948760123,425.382255835224,0,0,0,67.21113181013,1,1,113.863713580551,38.5755545344707
21.100114372773,1,13,13,62.4628127021176,2.95945386843629,6,0.0309544686150852,-426.562401048263,292.032168419643,0.0944704074298415,0,11954.0283547088,80.3064684268969,282731171420.834,3,97.6360210841886,37.3763083868308
451.437550063217,2,9,41,187.512972307009,2.58544100875717,6,0.067743400405095,980.789948760123,425.382255835224,0.0944704074298415,0.0944704074298415,46142.7170470135,0,1,1,113.863713580551,38.5755545344707
248.441339793646,3,9,41,187.512972307009,2.58218837777334,6,0.067743400405095,980.789948760123,425.382255835224,0,0,0,0,1,1,113.863713580551,38.5755545344707
462.803738339004,2,9,41,187.512972307009,2.15393187661858,5,0.067743400405095,980.789948760123,425.382255835224,0,0,0,0,1,1,113.863713580551,38.5755545344707
266.329405968776,3,9,41,187.512972307009,2.12715813372453,8,0.067743400405095,980.789948760123,425.382255835224,0,0,0,0,1,1,113.863713580551,38.5755545344707
216.103269058658,2,9,41,187.512972307009,1.91196965130344,7,0.067743400405095,980.789948760123,425.382255835224,0,0,0,0,1,1,113.863713580551,38.5755545344707
246.461678838053,3,9,41,187.512972307009,2.55651017039392,6,0.067743400405095,980.789948760123,425.382255835224,0,0,0,0,1,1,113.863713580551,38.5755545344707
6.01304911588991,2,9,41,187.512972307009,2.20766404393992,5,0.067743400405095,980.789948760123,425.382255835224,0,0,0,0,1,1,113.863713580551,38.5755545344707
292.338163604706,3,9,41,187.512972307009,2.05391466609209,8,0.067743400405095,980.789948760123,425.382255835224,0,0,0,0,1,1,113.863713580551,38.5755545344707
248.262407212589,3,9,41,187.512972307009,1.80187221294165,7,0.067743400405095,980.789948760123,425.382255835224,0,0,0,0,1,1,113.863713580551,38.5755545344707
97.7949741911217,2,9,41,187.512972307009,1.99687168065357,8,0.067743400405095,980.789948760123,425.382255835224,0,0,0,0,1,1,113.863713580551,38.5755545344707
34.3787214447469,2,9,41,187.512972307009,2.48660719833733,6,0.067743400405095,980.789948760123,425.382255835224,0,0,0,383.516018725516,1,1,113.863713580551,38.5755545344707
20.0682599323117,3,13,14,299.780530156913,1.77651237599565,7,0.0309544686150852,-367.315354647223,296.555373117897,0.0952721338542969,0,23762.7030508257,0,270849351100.251,3,98.3093126867177,37.4169865439622
242.895166847987,3,9,41,187.512972307009,1.90651025668386,8,0.067743400405095,980.789948760123,425.382255835224,0.0952721338542969,0.0952721338542969,12934.3284178712,0,1,1,113.863713580551,38.5755545344707
257.847666260532,3,9,41,187.512972307009,2.40408785296475,6,0.067743400405095,980.789948760123,425.382255835224,0,0,0,0,1,1,113.863713580551,38.5755545344707
250.187864971789,3,9,41,187.512972307009,1.66909620612238,7,0.067743400405095,980.789948760123,425.382255835224,0,0,0,0,1,1,113.863713580551,38.5755545344707
247.615475369174,3,9,41,187.512972307009,2.44216281191753,5,0.067743400405095,980.789948760123,425.382255835224,0,0,0,0,1,1,113.863713580551,38.5755545344707
248.788632635647,3,9,41,187.512972307009,1.59098532429945,7,0.067743400405095,980.789948760123,425.382255835224,0,0,0,0,1,1,113.863713580551,38.5755545344707
274.449831180218,3,9,41,187.512972307009,2.48592298066345,5,0.067743400405095,980.789948760123,425.382255835224,0,0,0,0,1,1,113.863713580551,38.5755545344707
256.255999321562,3,9,41,187.512972307009,1.81692720055023,4,0.067743400405095,980.789948760123,425.382255835224,0,0,0,0,1,1,113.863713580551,38.5755545344707
237.219179077808,3,9,41,187.512972307009,1.70543871640963,8,0.067743400405095,980.789948760123,425.382255835224,0,0,0,0,1,1,113.863713580551,38.5755545344707
461.754646962073,2,9,41,187.512972307009,2.42038953882395,7,0.067743400405095,980.789948760123,425.382255835224,0,0,0,0,1,1,113.863713580551,38.5755545344707
256.312954533944,3,9,41,187.512972307009,1.6722938841888,8,0.067743400405095,980.789948760123,425.382255835224,0,0,0,0,1,1,113.863713580551,38.5755545344707
272.642430085204,3,9,41,187.512972307009,2.58072053616062,5,0.067743400405095,980.789948760123,425.382255835224,0,0,0,0,1,1,113.863713580551,38.5755545344707
252.78852691188,3,9,41,187.512972307009,2.58653420126688,5,0.067743400405095,980.789948760123,425.382255835224,0,0,0,0,1,1,113.863713580551,38.5755545344707
100,2,9,41,187.512972307009,2.58850767162192,5,0.067743400405095,980.789948760123,425.382255835224,0,0,0,577.750231280927,1,1,113.863713580551,38.5755545344707
0,3,13,16,477.350828315863,2.17894739580636,4,0.0309544686150852,-265.754826429923,304.308992687053,0.0968233827755924,0,198517.054360201,0,250482144002.558,3,99.4651767427014,37.4867165199883
99.9628115659142,2,9,41,187.512972307009,2.19670154255061,7,0.067743400405095,980.789948760123,425.382255835224,0.0968233827755924,0.0968233827755924,13378.8967534959,0,1,1,113.863713580551,38.5755545344707
254.982256174162,3,9,41,187.512972307009,1.95617351368518,6,0.067743400405095,980.789948760123,425.382255835224,0,0,0,0,1,1,113.863713580551,38.5755545344707
39.1040528570257,2,9,41,187.512972307009,2.5677325881398,5,0.067743400405095,980.789948760123,425.382255835224,0,0,0,0,1,1,113.863713580551,38.5755545344707
21.1024853406251,1,9,41,187.512972307009,1.92685375847151,6,0.067743400405095,980.789948760123,425.382255835224,0,0,0,0,1,1,113.863713580551,38.5755545344707
277.795188350455,3,9,41,187.512972307009,2.54602422097513,5,0.067743400405095,980.789948760123,425.382255835224,0,0,0,0,1,1,113.863713580551,38.5755545344707
215.969567255744,2,9,41,187.512972307009,1.85505753433357,6,0.067743400405095,980.789948760123,425.382255835224,0,0,0,0,1,1,113.863713580551,38.5755545344707
247.896885082297,3,9,41,187.512972307009,2.51830351116,5,0.067743400405095,980.789948760123,425.382255835224,0,0,0,0,1,1,113.863713580551,38.5755545344707
221.606977849813,3,9,41,187.512972307009,2.50989954263845,5,0.067743400405095,980.789948760123,425.382255835224,0,0,0,0,1,1,113.863713580551,38.5755545344707
273.083008832679,3,9,41,187.512972307009,1.81249093123835,6,0.067743400405095,980.789948760123,425.382255835224,0,0,0,0,1,1,113.863713580551,38.5755545344707
229.008266648098,3,9,41,187.512972307009,2.33623985681876,4,0.067743400405095,980.789948760123,425.382255835224,0,1.23447717165292,0,0.450554034771399,1,1,113.863713580551,38.5755545344707
462.344091685872,2,9,41,160.856907883639,2.45050438420099,5,0.067743400405095,983.795955090451,416.783859641793,-1.23447717165292,0,153.179932268052,77.2261275574468,1.00959426906739,1,113.886898553924,38.4982272997406
0,3,12,18,285.628940032158,2.58026353753372,4,0.0309544686150852,-190.385182107552,310.063074114119,0.0906404982771128,0.0219247356792621,16685.0309084328,53.2204713362924,88.2352644374874,3,100.324362721597,37.5384642174841
246.649351230312,3,10,41,5.68551290917685,2.41456607627939,4,0.067743400405095,992.640875032243,391.483804485086,0.0687157625978508,1.30319293425078,30223.6935265259,0,1.01536173956446,1,113.954705681872,38.270698437407
260.960287298175,3,11,41,180.067720112505,1.62170069454027,6,0.067743400405095,1000.97279322492,367.651142208539,-1.23447717165293,0,243.876241458339,0,1,1,114.018016547279,38.0563661562884
248.731635533196,3,11,41,139.482271881632,1.77832824859013,3,0.067743400405095,1005.93151218797,353.467196610671,-1.23447717165292,0,243.87624145834,0,1,1,114.055436360996,37.928806868955
237.744033809641,3,12,41,454.609529626591,2.51840230120583,4,0.0338890686423783,1013.93719518877,330.567699179345,-1.23447717165292,0,239.641223596174,0,1,1,114.115440738764,37.7228667409083
257.271367189853,3,12,41,454.609529626591,2.52480069483912,4,0.0338890686423783,1013.93719518877,330.567699179345,0,0,0,0,1,1,114.115440738764,37.7228667409083
101.222288014738,2,12,41,454.609529626591,2.53178823230023,4,0.0338890686423783,1013.93719518877,330.567699179345,0,0,0,0,1,1,114.115440738764,37.7228667409083
205.395732719174,2,12,41,454.609529626591,1.89289244178587,3,0.0338890686423783,1013.93719518877,330.567699179345,0,0,0,0,1,1,114.115440738764,37.7228667409083
227.324278622323,3,12,41,454.609529626591,2.20362223489387,5,0.0338890686423783,1013.93719518877,330.567699179345,0,0,0,0,1,1,114.115440738764,37.7228667409083
254.793415567189,3,12,41,454.609529626591,2.38671870801388,6,0.0338890686423783,1013.93719518877,330.567699179345,0,0,0,2.00050281286997,1,1,114.115440738764,37.7228667409083
7.89649957090886,2,12,41,317.010709067258,1.93110902436243,3,0.0338890686423783,1010.51942859391,329.592507510898,0.277944428118409,0.264808160121066,89.6022142900072,225.282433218249,1.00010786443462,1,114.074931136732,37.7140966315348
0,3,12,19,68.090428199232,1.64728151538054,7,0.0309544686150852,-131.007672813206,314.596238977611,0.0131362679973437,0.00363378561623709,32259.4742417924,0,145.015375598232,3,101.002085073181,37.5792319485334
251.809416862711,3,12,41,11.705558675022,1.99589586202437,3,0.0338890686423783,995.478856277044,325.300979577383,0.00950248238110664,0,12137.5648402177,0,1.02281906301566,1,113.896769484446,37.6755019936047
14.92643417655,2,12,41,129.074628412543,2.04952650629322,3,0.0338890686423783,983.030304498395,321.749033111226,0.277944428118412,0.273202802792603,122.00064711256,78.4216846474718,1.00043127882885,1,113.749445758434,37.6435585716039
23.4255157433392,1,12,19,540.643961920006,2.88920297203443,4,0.0309544686150852,-104.885864013662,316.590503594436,0.00474162532580923,0.00259314147953656,30078.5102546743,0,209.063150242691,3,101.300468578338,37.5971668011117
100.082974772654,2,12,41,464.445169759318,2.21985404635274,6,0.0338890686423783,973.067949866608,318.906473514079,0.00214848384627268,0,22113.0196999346,0,1.0067048146724,1,113.63163288597,37.6179948189856
1.8863563458958,2,12,41,634.815532590547,2.00242461921178,5,0.0338890686423783,969.537342134106,317.899084873068,0.277944428118404,0,122.000647112562,0,1,1,113.589899313721,37.6089351552814
11.7531842671352,2,12,40,629.880790544914,2.59666227806097,4,0.0338890686423783,968.069284854122,317.480203949369,0.277944428118426,0,122.000647112561,0,1,1,113.572549014924,37.6051680686315
6.9715563828196,2,12,40,247.637098380579,2.58463267632759,4,0.0338890686423783,957.114726875966,314.354538876782,0.27794442811841,0,122.000647112559,0,1,1,113.443135541199,37.5770582873051
256.318565606705,3,12,40,140.328677686457,2.55731787593876,4,0.0504596079732465,950.243052159754,312.393843274688,0.277944428118413,0.277944428118413,54.6412793718163,0,1,1,113.362003990311,37.5594253281292
249.030094599208,3,12,40,140.328677686457,2.27083580086852,3,0.0504596079732465,950.243052159754,312.393843274688,0,0,0,0,1,1,113.362003990311,37.5594253281292
224.212783073513,2,12,40,140.328677686457,1.99745624849711,6,0.0504596079732465,950.243052159754,312.393843274688,0,0,0,0,1,1,113.362003990311,37.5594253281292
15.0977826383145,1,12,40,140.328677686457,2.38298377571083,3,0.0504596079732465,950.243052159754,312.393843274688,0,0,0,0,1,1,113.362003990311,37.5594253281292
265.453232600479,3,12,40,140.328677686457,1.90034560022897,6,0.0504596079732465,950.243052159754,312.393843274688,0,0,0,0,1,1,113.362003990311,37.5594253281292
235.899529273247,3,12,40,140.328677686457,2.41885414610771,4,0.0504596079732465,950.243052159754,312.393843274688,0,0,0,0,1,1,113.362003990311,37.5594253281292
456.277285366379,2,12,40,140.328677686457,2.34608863477676,4,0.0504596079732465,950.243052159754,312.393843274688,0,0,0,0,1,1,113.362003990311,37.5594253281292
243.704100537515,3,12,40,140.328677686457,1.77699364611897,2,0.0504596079732465,950.243052159754,312.393843274688,0,0,0,0,1,1,113.362003990311,37.5594253281292
19.6877397867006,2,12,40,140.328677686457,2.49105256533738,3,0.0504596079732465,950.243052159754,312.393843274688,0,0,0,0,1,1,113.362003990311,37.5594253281292
246.407644165552,3,12,40,140.328677686457,1.58480244515912,5,0.0504596079732465,950.243052159754,312.393843274688,0,0,0,0,1,1,113.362003990311,37.5594253281292
461.532934969766,2,12,40,140.328677686457,2.51374663597034,3,0.0504596079732465,950.243052159754,312.393843274688,0,0,0,0,1,1,113.362003990311,37.5594253281292
221.411296615072,2,12,40,140.328677686457,2.52774942903316,3,0.0504596079732465,950.243052159754,312.393843274688,0,0.0138107136955174,0,227.23717829796,1,1,113.362003990311,37.5594253281292
18.926138848874,1,12,22,244.804718741249,1.88646980547965,2,0.0309544686150852,10.2068970359918,325.37723895321,-0.0138107136955174,0,35570.7597847563,0,188025162305.816,3,102.616855037636,37.676187810648
457.342379362993,2,12,40,140.328677686457,1.9059009129202,2,0.0504596079732465,950.243052159754,312.393843274688,-0.0138107136955174,0,8006.74214358041,0,1.0000278530303,1,113.362003990311,37.5594253281292
104.355155763132,2,12,40,140.228618152092,2.36635977822956,5,0.0504596079732465,950.338897938906,312.467710748527,0.656612336825211,0,1.47622850541134,0.610578345858531,1,1,113.363196206337,37.5600896342811
260.755306556045,3,12,40,279.019352307481,2.13723613018199,4,0.0504596079732465,959.953908904906,319.87791260899,0.656612336825607,0,181.654588703693,0,1,1,113.482895411127,37.6267311806545
103.267513648573,2,12,41,584.122962181004,2.29179212822233,5,0.0504596079732465,971.079677985558,328.452442064241,0.65661233682561,0,181.654588703692,0,1,1,113.62164713855,37.7038437766514
269.623941654995,3,12,41,468.242579290084,2.58773047629884,3,0.0504596079732465,974.847737645927,331.356451514084,0.656612336825616,0,181.654588703694,0,1,1,113.66869891034,37.7299601610718
103.088551778841,2,11,41,221.889464348227,2.57128462427435,3,0.0768755921361561,988.835443521954,342.136649734624,0.656612336825604,0.656612336825604,64.9147073167913,0,1,1,113.843626900843,37.82690881283
249.182667573666,3,11,41,221.889464348227,2.56165922063683,3,0.0768755921361561,988.835443521954,342.136649734624,0,0,0,0,1,1,113.843626900843,37.82690881283
328.588675726063,3,11,41,221.889464348227,2.24059657467575,2,0.0768755921361561,988.835443521954,342.136649734624,0,0,0,0,1,1,113.843626900843,37.82690881283
3.38917029784536,2,11,41,221.889464348227,1.79337585156519,4,0.0768755921361561,988.835443521954,342.136649734624,0,0,0,0,1,1,113.843626900843,37.82690881283
466.622541828074,2,11,41,221.889464348227,2.4866811632356,3,0.0768755921361561,988.835443521954,342.136649734624,0,0,0,0,1,1,113.843626900843,37.82690881283
221.447090377701,2,11,41,221.889464348227,2.47653314389152,3,0.0768755921361561,988.835443521954,342.136649734624,0,0,0,0,1,1,113.843626900843,37.82690881283
267.305949557782,3,11,41,221.889464348227,1.92319592449376,5,0.0768755921361561,988.835443521954,342.136649734624,0,0,0,0,1,1,113.843626900843,37.82690881283
474.380217100704,2,11,41,221.889464348227,1.68366942099593,1,0.0768755921361561,988.835443521954,342.136649734624,0,0,0,0,1,1,113.843626900843,37.82690881283
12.3614069779249,2,11,41,221.889464348227,2.39795712077947,3,0.0768755921361561,988.835443521954,342.136649734624,0,0,0,0,1,1,113.843626900843,37.82690881283
258.843850720127,3,11,41,221.889464348227,1.64634565731308,4,0.0768755921361561,988.835443521954,342.136649734624,0,0,0,0,1,1,113.843626900843,37.82690881283
250.681784453124,3,11,41,221.889464348227,2.47324377673931,2,0.0768755921361561,988.835443521954,342.136649734624,0,0,0,0,1,1,113.843626900843,37.82690881283
44.4635989152271,2,11,41,221.889464348227,2.29111175742657,3,0.0768755921361561,988.835443521954,342.136649734624,0,0,0,0,1,1,113.843626900843,37.82690881283
245.890003613842,3,11,41,221.889464348227,2.26785338530022,3,0.0768755921361561,988.835443521954,342.136649734624,0,0,0,0,1,1,113.843626900843,37.82690881283
258.038938661139,3,11,41,221.889464348227,2.4313921200115,4,0.0768755921361561,988.835443521954,342.136649734624,0,0,0,0,1,1,113.843626900843,37.82690881283
264.357357161515,3,11,41,221.889464348227,1.91329735637862,1,0.0768755921361561,988.835443521954,342.136649734624,0,0,0,0,1,1,113.843626900843,37.82690881283
10.4517615457296,2,11,41,221.889464348227,2.18033353443917,3,0.0768755921361561,988.835443521954,342.136649734624,0,0,0,0,1,1,113.843626900843,37.82690881283
465.017569290641,2,11,41,221.889464348227,2.15116699707626,3,0.0768755921361561,988.835443521954,342.136649734624,0,0,0,0,1,1,113.843626900843,37.82690881283
258.655235963029,3,11,41,221.889464348227,2.33005045969666,4,0.0768755921361561,988.835443521954,342.136649734624,0,0,0,65.9295958769954,1,1,113.843626900843,37.82690881283
216.107045438418,2,11,26,414.888148916919,2.07867757969635,1,0.0309544686150852,215.5883963365,341.057051180177,0.00139618748868877,0,7983.77461474047,42.5883593629921,154649560169.315,3,104.972845768084,37.8171997497726
100.434183548322,2,11,41,221.889464348227,2.26874954046406,4,0.0768755921361561,988.835443521954,342.136649734624,0.00139618748868877,0.00139618748868877,22833.0012662376,0,1,1,113.843626900843,37.82690881283
258.65809363436,3,11,41,221.889464348227,2.21933309125333,4,0.0768755921361561,988.835443521954,342.136649734624,0,0,0,0,1,1,113.843626900843,37.82690881283
259.854418481303,3,11,41,221.889464348227,1.97740641206044,3,0.0768755921361561,988.835443521954,342.136649734624,0,0,0,0,1,1,113.843626900843,37.82690881283
276.870563530464,3,11,41,221.889464348227,2.09468720960069,4,0.0768755921361561,988.835443521954,342.136649734624,0,0,0,0,1,1,113.843626900843,37.82690881283
263.345684933773,3,11,41,221.889464348227,2.08101822584582,4,0.0768755921361561,988.835443521954,342.136649734624,0,0,0,0,1,1,113.843626900843,37.82690881283
216.752204832656,2,11,41,221.889464348227,2.52858783364503,2,0.0768755921361561,988.835443521954,342.136649734624,0,0,0,0,1,1,113.843626900843,37.82690881283
252.969730841535,3,11,41,221.889464348227,1.79156256501619,3,0.0768755921361561,988.835443521954,342.136649734624,0,0,0,0,1,1,113.843626900843,37.82690881283
250.438669116542,3,11,41,221.889464348227,1.97334204001777,4,0.0768755921361561,988.835443521954,342.136649734624,0,0,0,0,1,1,113.843626900843,37.82690881283
99.8415361080708,2,11,41,221.889464348227,1.95178169808246,4,0.0768755921361561,988.835443521954,342.136649734624,0,0,0,0,1,1,113.843626900843,37.82690881283
20.8449804958225,1,11,41,221.889464348227,2.45471710831778,2,0.0768755921361561,988.835443521954,342.136649734624,0,0,0,0,1,1,113.843626900843,37.82690881283
247.556948900128,3,11,41,221.889464348227,2.43020243445646,2,0.0768755921361561,988.835443521954,342.136649734624,0,0,0,0,1,1,113.843626900843,37.82690881283
249.653313992051,3,11,41,221.889464348227,2.41372363774855,2,0.0768755921361561,988.835443521954,342.136649734624,0,0,0,0,1,1,113.843626900843,37.82690881283
261.693744689928,3,11,41,221.889464348227,2.43740787224333,1,0.0768755921361561,988.835443521954,342.136649734624,0,0,0,0,1,1,113.843626900843,37.82690881283
253.45912818439,3,11,41,221.889464348227,2.46753655118804,1,0.0768755921361561,988.835443521954,342.136649734624,0,0,0,0,1,1,113.843626900843,37.82690881283
262.761011756576,3,11,41,221.889464348227,1.60458339211765,3,0.0768755921361561,988.835443521954,342.136649734624,0,0.0109137060649867,0,789.515138616545,1,1,113.843626900843,37.82690881283
0,3,11,28,89.2641372124184,2.4205305623085,2,0.0309544686150852,324.676625274258,349.385371655692,-0.0109137060649867,0,39577.9087328652,0,132839674770.103,3,106.227833400531,37.8920981352191
257.55103223014,3,11,41,221.889464348227,2.46881175015515,3,0.0768755921361561,988.835443521954,342.136649734624,-0.0109137060649867,0,9464.31250201603,0,1,1,113.843626900843,37.82690881283
263.347055321438,3,11,41,221.889464348227,2.52168313754743,1,0.0768755921361561,988.835443521954,342.136649734624,0,0,0,0,1,1,113.843626900843,37.82690881283
98.7055309512521,2,11,41,221.889464348227,2.54276460693774,1,0.0768755921361561,988.835443521954,342.136649734624,0,0,0,0,1,1,113.843626900843,37.82690881283
278.793660148675,3,11,41,221.889464348227,2.41040774289284,3,0.0768755921361561,988.835443521954,342.136649734624,0,0,0,0,1,1,113.843626900843,37.82690881283
220.745621712133,2,11,41,221.889464348227,2.4047994786073,3,0.0768755921361561,988.835443521954,342.136649734624,0,0,0,0,1,1,113.843626900843,37.82690881283
260.146835408699,3,11,41,221.889464348227,2.10957935247202,2,0.0768755921361561,988.835443521954,342.136649734624,0,0,0,0,1,1,113.843626900843,37.82690881283
39.0396203754858,2,11,41,221.889464348227,2.27855070037414,3,0.0768755921361561,988.835443521954,342.136649734624,0,0,0,0,1,1,113.843626900843,37.82690881283
256.550946709429,3,11,41,221.889464348227,2.06298500680706,2,0.0768755921361561,988.835443521954,342.136649734624,0,0,0,0,1,1,113.843626900843,37.82690881283
265.722156103921,3,11,41,221.889464348227,2.24146991830228,3,0.0768755921361561,988.835443521954,342.136649734624,0,0,0,0,1,1,113.843626900843,37.82690881283
223.028455884088,3,11,41,221.889464348227,2.22534669497763,3,0.0768755921361561,988.835443521954,342.136649734624,0,0,0,0,1,1,113.843626900843,37.82690881283
245.037943394361,3,11,41,221.889464348227,2.58687846681738,1,0.0768755921361561,988.835443521954,342.136649734624,0,0,0,0,1,1,113.843626900843,37.82690881283
249.808782433537,3,11,41,221.889464348227,2.58324479983797,1,0.0768755921361561,988.835443521954,342.136649734624,0,0,0,0,1,1,113.843626900843,37.82690881283
269.392324761815,3,11,41,221.889464348227,2.50975247027337,1,0.0768755921361561,988.835443521954,342.136649734624,0,0.0305599317561469,0,5.93879898311507,1,1,113.843626900843,37.82690881283
0,3,11,30,185.130736640047,2.5986178510124,1,0.0309544686150852,446.776771325556,358.707084514397,-0.0305599317561469,0,7452.89482008996,0,338.355706540479,3,107.635480845629,37.9759303129991
269.432346173698,3,11,41,260.857984026792,2.42986330895139,1,0.0768755921361561,985.648331052435,342.376647852903,-0.0302956055243026,0.0448652247846164,3641.47404719901,0,1.06838855336445,1,113.807390896201,37.8290671677615
260.588698696022,3,11,40,748.726269042619,1.88262798971726,3,0.0768755921361561,967.863835534356,343.715868071738,-0.0751608303089191,0,276.752131690164,76.442593307326,1.00002786465465,1,113.605150693823,37.8411110645403
19.7430921339195,1,11,31,144.003307584947,2.4748148660055,1,0.0309544686150852,473.43942384251,360.742639743872,-0.0344239586734969,0,18011.1457111506,120.342862468944,80.9927741970418,3,107.94328151905,37.9942365009782
312.02851751831,3,11,40,283.225986880129,2.39336795150564,1,0.0768755921361561,955.830435830351,344.622015348648,-0.0334057372154753,0.0417550930934137,29910.9214314545,0,1.00349703022171,1,113.468273119235,37.849260242783
20.2440411317221,1,11,40,261.595062270122,1.85902379332496,3,0.0768755921361561,954.98998100005,344.685303851862,-0.075160830308889,0,276.752131690156,0,1,1,113.45871198798,37.8498294099664
271.032650087336,3,11,40,217.556244669938,2.35476605813997,1,0.0768755921361561,932.15618372555,346.404750037541,-0.0751608303089178,0,276.752131690163,0,1,1,113.198895498059,37.8652927610164
208.848494806634,2,11,40,445.477801992286,1.60309726982553,2,0.0768755921361561,924.283713198942,346.997568185838,-0.07516083030892,0,276.752131690162,0,1,1,113.109292802794,37.8706241027078
255.43610360433,3,11,39,79.5769314658124,2.48388961267888,2,0.0768755921361561,897.954689056537,348.980214330501,-0.0751608303089194,0,276.752131690163,0,1,1,112.80952841421,37.8884544678557
93.5695660255476,2,11,39,318.052998448014,2.45087727491619,2,0.0768755921361561,875.363625380408,350.681382025098,-0.0751608303089184,0,276.752131690164,0,1,1,112.552207355141,37.9037534364861
240.493193199619,3,11,39,526.082717528194,2.44269263711136,2,0.0768755921361561,869.985901121576,351.086339087356,-0.0751608303089186,0,276.752131690161,0,1,1,112.490937380715,37.9073953028417
246.505231786355,3,11,38,524.37526238133,2.24904013276445,1,0.0768755921361561,863.874575002797,351.546538337531,-0.0751608303089173,0,276.752131690161,0,1,1,112.42130198959,37.9115339741288
9.45130321785974,2,11,38,219.012103353782,2.23405829375649,1,0.0768755921361561,855.707984017223,352.161504545356,-0.0751608303089168,0,276.752131690163,0,1,1,112.328235835565,37.9170644981049
252.802607752274,3,11,38,15.8102078682805,1.65150524038567,3,0.0768755921361561,838.302254866442,353.472202640705,-0.0751608303089202,0,276.752131690163,0,1,1,112.129834686203,37.9288518892647
268.695500796918,3,11,38,389.213999456733,2.37262302337338,2,0.0768755921361561,821.714926760949,354.72127294201,-0.0751608303089184,0,276.752131690163,0,1,1,111.940703728985,37.9400850483575
239.376866213452,3,11,38,418.24483837229,2.37137708951282,2,0.0768755921361561,820.987775112043,354.776029411733,-0.0751608303088436,0,276.752131690179,0,1,1,111.932411342609,37.9405774851203
218.590337349245,2,11,37,174.639697451541,2.14220740071286,1,0.0768755921361561,803.624879744824,356.08350200828,-0.0751608303089219,0,276.752131690162,0,1,1,111.734373546179,37.9523358686725
16.6029029051764,2,11,36,89.4340149052801,1.90077359161665,8,0.0768755921361561,747.825636919913,360.285334672627,-0.0751608303089181,0,276.752131690163,0,1,1,111.097515129701,37.9901238576675
96.2205201234161,2,11,36,35.0001582654218,2.03121333085411,1,0.0768755921361561,743.025579504708,360.646791871988,-0.0751608303089227,0,276.752131690158,0,1,1,111.04270006149,37.9933745203575
258.310334274572,3,11,35,596.121389956605,1.9723099017323,8,0.0768755921361561,711.800903685032,362.998093720374,-0.0751608303089179,0,276.752131690163,0,1,1,110.686007998049,38.0145202859004
277.719830856345,3,11,35,713.87907445692,1.88370916750732,1,0.0768755921361561,663.915355115327,366.60400397908,-0.0751608303089187,0,276.752131690163,0,1,1,110.138599414622,38.046949015947
4.33969410550899,2,11,34,586.709605990367,2.09213773590032,2,0.0768755921361561,659.000473449698,366.97410775251,-0.0751608303089206,0,276.752131690163,23.4039479885803,1.00001439256363,1,110.082387540271,38.0502774391458
23.825439394073,1,11,33,351.764153373244,2.10000044439858,8,0.0309544686150852,598.529811320385,370.292642026122,-0.0548234259843205,0,1777.27137839979,0,5.17009122287804,3,109.389352661215,38.0801217348682
13.8358161418398,2,11,34,159.958330777479,2.11579860872063,8,0.0768755921361561,639.424209877649,368.448252912168,-0.0450707219308182,0.0300901083781007,1110.56882759677,0,8.32750633654518,1,109.858442634504,38.0635347450692
106.449284013462,2,11,33,657.490900763256,2.18291959130283,8,0.0768755921361561,607.295763313822,370.867611121924,-0.0751608303089189,0,276.752131690163,0,1,1,109.490733412906,38.0852925561741
258.6256903861,3,11,33,325.204088879157,2.20684286422913,8,0.0768755921361561,595.074107998331,371.787934551368,-0.0751608303089213,0,276.752131690161,1.10341750114041,2.13441520513416,1,109.350800709143,38.0935692236194
22.900152318114,1,11,34,352.197312465872,2.24163297314369,8,0.0309544686150852,628.750592114095,372.599841894715,0.0241043598737731,0.0525996318426144,452.669726812927,2.56616408726566,2.7722267117991,3,109.739204460568,38.1008708817782
255.875882174524,3,10,32,705.881901513736,1.90616405199787,2,0.0768755921361561,557.215149401867,374.638815689091,-0.0284952719688413,0.0466655583400779,1140.14707911776,0,1.00025063760731,1,108.917135373857,38.11920781365
166.50512603041,3,10,32,480.583089325757,1.62049348674575,1,0.0768755921361561,517.232579388181,377.649610463049,-0.0751608303089192,0,276.752131690163,0,1,1,108.458821985238,38.1462845415621
225.426577519208,2,10,32,696.119708866041,2.36868796153214,8,0.0768755921361561,511.843373156064,378.055432148696,-0.0751608303089165,0,276.752131690164,0,1,1,108.39702108795,38.1499341836627
302.334957676153,3,10,31,192.15988810914,2.3696643989941,8,0.0768755921361561,493.576821991322,379.430952450823,-0.0751608303089199,0,276.752131690163,0,1,1,108.187504031666,38.1623045349335
247.012617504218,3,10,31,117.183635526248,2.61345612118305,7,0.0768755921361561,488.479018109308,379.81483075783,-0.0751608303089086,0,276.752131690162,0,1,1,108.129019955368,38.1657568354888
24.7412534194571,2,10,31,95.5887654703993,2.62201305138232,7,0.0768755921361561,482.612428204766,380.256600714576,-0.0751608303089268,0,276.752131690161,0,1,1,108.061709386462,38.1697297681583
215.225779101119,2,10,31,128.785779719605,2.33901072906838,8,0.0768755921361561,477.865234715242,380.614077118527,-0.0751608303089096,0,276.752131690164,0,1,1,108.007237037463,38.1729446306951
260.372765644752,3,10,30,183.499769338299,2.23081151953861,8,0.0768755921361561,420.842279802994,384.908058585618,-0.075160830308919,0,276.752131690163,0,1,1,107.352553916351,38.2115613337828
101.371179511825,2,10,30,305.601277907071,1.97861994187704,6,0.0768755921361561,416.594287675196,385.22794378794,-0.0751608303089223,0,276.75213169016,0,1,1,107.303755548895,38.2144381305214
231.878407335982,3,10,30,533.848074286726,2.21048691687269,8,0.0768755921361561,410.728885118052,385.669624334243,-0.0751608303089127,0,276.75213169016,0,1,1,107.236371199017,38.2184102591034
7.84643550427788,2,10,29,419.545231269174,2.73490425757639,7,0.0768755921361561,402.624073880812,386.279938361296,-0.0751608303089166,0,276.752131690164,0,1,1,107.143247791613,38.2238989450127
221.43815573417,2,10,29,34.2384103096661,2.74372550301306,7,0.0768755921361561,387.765087667908,387.398859881869,-0.0751608303089205,0,276.752131690164,0,1,1,106.972484274413,38.2339616480005
252.80986949203,3,10,29,11.0491437660802,2.05501480925838,6,0.0768755921361561,379.697588570222,388.006364204725,-0.0751608303089197,0,276.752131690164,0,1,1,106.879751206063,38.2394250656328
21.3675545111469,1,10,29,406.965654830097,2.75129910630167,7,0.0768755921361561,362.290534048615,389.317162104053,-0.075160830308917,0,276.752131690162,0,1,1,106.679617266331,38.2512133543514
224.947066030191,2,10,27,641.313478798383,2.75857892588659,7,0.0768755921361561,305.515821572449,393.592450249805,-0.0751608303089187,0,276.752131690163,0,1,1,106.026425439718,38.2896619443614
275.63479496271,3,10,27,34.5294815038932,2.73687660680573,7,0.0768755921361561,282.656347592002,395.313829960318,-0.0751608303089192,0,276.752131690163,0,1,1,105.763239006406,38.305142684018
44.827238156353,2,10,27,47.196156725546,2.73041657501847,7,0.0768755921361561,276.924125689654,395.745481646062,-0.0751608303089163,0,276.752131690167,72.4552129235139,1.02416553647302,1,105.697225616609,38.3090246208902
19.4974089591084,1,10,36,398.813672827295,2.27067004058858,6,0.0309544686150852,757.966616505276,382.464815157007,-0.0276010832301018,0.00443969724981445,5694.66493832348,0,20.4177899849461,3,111.237242679847,38.1895887177441
259.073034959182,3,10,26,96.1842346186756,2.37863598104231,6,0.0768755921361561,227.501217110042,399.467159237431,-0.0320407804799162,0.0431200498290016,5611.35700870469,0,1.00004875828035,1,105.127779181166,38.342494471572
281.279666202799,3,10,25,463.280847846931,1.79542334737724,8,0.0768755921361561,196.381461572283,401.810560307144,-0.0751608303089178,0,276.752131690163,0,1,1,104.768960280011,38.3635691837053
255.538428280369,3,10,25,391.838466173795,2.62186221836395,7,0.0768755921361561,194.130599900216,401.980056228913,-0.07516083030893,0,276.752131690164,0,1,1,104.742999472184,38.3650934971509
216.799874590075,2,10,25,246.979645840075,2.46576514455218,6,0.0768755921361561,187.885603176373,402.450321234216,-0.0751608303089134,0,276.752131690163,0,1,1,104.670965930505,38.3693226919486
9.77825643284969,2,10,25,182.094895579995,2.59902935186328,7,0.0768755921361561,181.967659094257,402.89595829829,-0.0751608303089225,0,276.752131690161,0,1,1,104.602697349647,38.3733304023498
10.2234668523612,2,10,25,411.35927572874,2.5647014228787,7,0.0768755921361561,164.17248468164,404.235982666529,-0.0751608303089199,0,276.752131690164,0,1,1,104.397370951316,38.385381531018
12.3963977626932,2,10,24,558.107748774441,2.55918551418388,6,0.0768755921361561,145.033537066104,405.677196761576,-0.0751608303089181,0,276.752131690162,0,1,1,104.17646640079,38.3983426807623
264.292238433707,3,9,24,370.889163380016,2.48099119806584,7,0.0768755921361561,116.69232417866,407.81136611637,-0.0751608303089181,0,276.752131690163,0,1,1,103.849208473391,38.4175357268769
266.427746505563,3,9,23,181.294081258226,2.39153171353818,7,0.0768755921361561,71.6304338484198,411.204647335274,-0.0751608303089187,0,276.752131690163,0,1,1,103.328532895324,38.448052238028
101.742157606149,2,9,23,447.010253323788,2.5970485292229,8,0.0768755921361561,58.8091773580464,412.170122341598,-0.0751608303089173,0,276.752131690164,160.319849458377,1.03508300819541,1,103.180310498102,38.4567349633597
16.5994019841012,1,10,37,196.471477604435,2.46261879109455,8,0.035082543272289,803.876426596441,385.969791038753,-0.0351505716073887,0.000841582848565295,27090.4841677386,0,94.0587791765005,3,111.770333081223,38.2211097231309
10.5389956612812,2,9,22,408.400565263826,2.33430351745279,7,0.0768755921361561,42.8318195092825,413.373260246346,-0.035992154455954,0.0391686758529627,25071.0460140754,0,1.00001860331641,1,102.99555374223,38.467555042486
92.4849053399078,2,9,22,83.8741318359886,2.29275871531714,7,0.0768755921361561,23.4619330569845,414.831864655286,-0.0751608303089167,0,276.752131690162,764.67230238797,1.05099540096328,1,102.771495967883,38.4806725870805
217.345893349553,2,10,37,196.471477604435,2.61075969581833,6,0.035082543272289,803.876426596441,385.969791038753,-0.0369661583852725,0.00189188289711752,193492.186084239,0,39.3683172603946,3,111.770333081223,38.2211097231309
19.9461270618977,1,9,21,104.489525390322,2.84601193821635,6,0.0768755921361561,-17.1303676901009,417.888573789052,-0.03885804128239,0.0363027890265273,5743.51283326024,0,1.00000705953365,1,102.301699342093,38.5081622327506
459.564414911879,2,9,21,27.3746536569797,2.86127168299344,6,0.0391660065613408,-26.1020865117251,418.56416828266,-0.0751608303089174,0,53.1009862632601,0,1,1,102.197818702712,38.514238
98.1387608480966,2,9,21,27.3746536569797,2.3297887966808,8,0.0391660065613408,-26.1020865117251,418.56416828266,0,0,0,0,1,1,102.197818702712,38.514238
454.719151851529,2,9,21,27.3746536569797,2.26780836775964,8,0.0391660065613408,-26.1020865117251,418.56416828266,0,0,0,0,1,1,102.197818702712,38.514238
274.913539818886,3,9,21,27.3746536569797,2.28897441422109,5,0.0391660065613408,-26.1020865117251,418.56416828266,0,0,0,0,1,1,102.197818702712,38.514238
263.138332200706,3,9,21,27.3746536569797,1.95488839950707,7,0.0391660065613408,-26.1020865117251,418.56416828266,0,0,0,0,1,1,102.197818702712,38.514238
101.052671072029,2,9,21,27.3746536569797,2.15572836444599,8,0.0391660065613408,-26.1020865117251,418.56416828266,0,0.0392511807366966,0,49.1654575284122,1,1,102.197818702712,38.514238
20.8704009735374,1,10,37,196.471477604435,2.56026482294911,6,0.035082543272289,803.876426596441,385.969791038753,-0.0392511807366966,0,9876.05273783859,3.88992950103993,166123655828.923,3,111.770333081223,38.2211097231309
257.505262239692,3,9,21,27.3746536569797,1.83489475574237,7,0.0391660065613408,-26.1020865117251,418.56416828266,-0.0392511807366966,0,11053.8276932888,0,1,1,102.197818702712,38.514238
259.187318424356,3,9,21,27.3746536569797,2.67217747680197,6,0.0391660065613408,-26.1020865117251,418.56416828266,0,0,0,0,1,1,102.197818702712,38.514238
35.9732837166865,2,9,21,27.3746536569797,2.61037733739871,6,0.0391660065613408,-26.1020865117251,418.56416828266,0,0,0,0,1,1,102.197818702712,38.514238
221.963085496358,3,9,21,27.3746536569797,2.57015572539467,6,0.0391660065613408,-26.1020865117251,418.56416828266,0,0,0,0,1,1,102.197818702712,38.514238
6.74466978493643,2,9,21,27.3746536569797,1.70923053735961,4,0.0391660065613408,-26.1020865117251,418.56416828266,0,0,0,0,1,1,102.197818702712,38.514238
281.011019381424,3,9,21,27.3746536569797,2.51984843471315,6,0.0391660065613408,-26.1020865117251,418.56416828266,0,0,0,0,1,1,102.197818702712,38.514238
263.36473417087,3,9,21,27.3746536569797,1.8737760087586,8,0.0391660065613408,-26.1020865117251,418.56416828266,0,0,0,0,1,1,102.197818702712,38.514238
8.19863659490373,2,9,21,27.3746536569797,1.62785309657853,7,0.0391660065613408,-26.1020865117251,418.56416828266,0,0,0,0,1,1,102.197818702712,38.514238
239.33979987183,3,9,21,27.3746536569797,1.83248588007172,8,0.0391660065613408,-26.1020865117251,418.56416828266,0,0,0,0,1,1,102.197818702712,38.514238
252.34186920329,3,9,21,27.3746536569797,2.43902481256267,6,0.0391660065613408,-26.1020865117251,418.56416828266,0,0,0,0,1,1,102.197818702712,38.514238
258.688318066146,3,9,21,27.3746536569797,2.77586936141905,5,0.0391660065613408,-26.1020865117251,418.56416828266,0,0,0,0,1,1,102.197818702712,38.514238
13.7891993694974,2,9,21,27.3746536569797,2.78808660692024,5,0.0391660065613408,-26.1020865117251,418.56416828266,0,0,0,0,1,1,102.197818702712,38.514238
235.581437838119,2,9,21,27.3746536569797,1.60299685356853,8,0.0391660065613408,-26.1020865117251,418.56416828266,0,0,0,0,1,1,102.197818702712,38.514238
258.801992853745,3,9,21,27.3746536569797,2.84904320909887,5,0.0391660065613408,-26.1020865117251,418.56416828266,0,0,0,0,1,1,102.197818702712,38.514238
255.404406197274,3,9,21,27.3746536569797,2.85765346761343,5,0.0391660065613408,-26.1020865117251,418.56416828266,0,0,0,0,1,1,102.197818702712,38.514238
255.205213579781,3,9,21,27.3746536569797,2.34064947001878,7,0.0391660065613408,-26.1020865117251,418.56416828266,0,0,0,0,1,1,102.197818702712,38.514238
269.765510028951,3,9,21,27.3746536569797,2.33104996812413,7,0.0391660065613408,-26.1020865117251,418.56416828266,0,0,0,0,1,1,102.197818702712,38.514238
221.629070832774,2,9,21,27.3746536569797,2.85713054181407,5,0.0391660065613408,-26.1020865117251,418.56416828266,0,0,0,0,1,1,102.197818702712,38.514238
220.859809968143,2,9,21,27.3746536569797,2.19344487672633,4,0.0391660065613408,-26.1020865117251,418.56416828266,0,0,0,0,1,1,102.197818702712,38.514238
293.893126304153,3,9,21,27.3746536569797,2.04910477739893,6,0.0391660065613408,-26.1020865117251,418.56416828266,0,0,0,0,1,1,102.197818702712,38.514238
244.500202766053,3,9,21,27.3746536569797,2.80759770441263,5,0.0391660065613408,-26.1020865117251,418.56416828266,0,0,0,0,1,1,102.197818702712,38.514238
266.848286249248,3,9,21,27.3746536569797,2.18431074565096,7,0.0391660065613408,-26.1020865117251,418.56416828266,0,0,0,0,1,1,102.197818702712,38.514238
5.88360350479855,2,9,21,27.3746536569797,2.75675667313716,5,0.0391660065613408,-26.1020865117251,418.56416828266,0,0,0,0,1,1,102.197818702712,38.514238
221.241564793084,2,9,21,27.3746536569797,2.44290117662853,4,0.0391660065613408,-26.1020865117251,418.56416828266,0,0,0,0,1,1,102.197818702712,38.514238
259.418993251729,3,9,21,27.3746536569797,1.60808299495611,3,0.0391660065613408,-26.1020865117251,418.56416828266,0,0,0,0,1,1,102.197818702712,38.514238
251.856395040779,3,9,21,27.3746536569797,2.45154474597298,4,0.0391660065613408,-26.1020865117251,418.56416828266,0,0.0392511807366966,0,887.845293838969,1,1,102.197818702712,38.514238
20.1528037958371,1,10,37,196.471477604435,2.49683369345535,5,0.035082543272289,803.876426596441,385.969791038753,-0.0392511807366966,0,13475.987279297,0,1,3,111.770333081223,38.2211097231309
18.3804221281275,1,10,37,196.471477604435,1.94457131127555,7,0.035082543272289,803.876426596441,385.969791038753,0,0,0,0,1,3,111.770333081223,38.2211097231309
17.4025451725438,3,10,37,196.471477604435,2.47544775627276,5,0.035082543272289,803.876426596441,385.969791038753,0,0,0,0,1,3,111.770333081223,38.2211097231309
21.0472341867514,1,10,37,196.471477604435,2.47095595386275,4,0.035082543272289,803.876426596441,385.969791038753,0,0.0392511807366966,0,45.833334866425,1,3,111.770333081223,38.2211097231309
264.72610834662,3,9,21,27.3746536569797,2.51361360563586,5,0.0391660065613408,-26.1020865117251,418.56416828266,-0.0392511807366966,0,21699.3863540891,0,1,1,102.197818702712,38.514238
258.765786800621,3,9,21,27.3746536569797,2.68284672137588,4,0.0391660065613408,-26.1020865117251,418.56416828266,0,0,0,0,1,1,102.197818702712,38.514238
257.578919307341,3,9,21,27.3746536569797,1.79538354842306,7,0.0391660065613408,-26.1020865117251,418.56416828266,0,0.0392866637227058,0,46.5447726591206,1,1,102.197818702712,38.514238
18.4964715493126,1,10,37,199.00236629814,2.45627747689331,6,0.035082543272289,803.960618460957,385.936986142329,-0.0392866637227058,0.332260800583011,7161.11695708013,0,1.00008142789306,3,111.771267682698,38.2208147016095
19.6659460649654,1,10,37,235.393894859926,2.59035034038139,4,0.035082543272289,805.116305505511,385.486679048952,-0.371547464305717,0,126.29715578024,365.281064181909,1.00290464375285,3,111.784096025685,38.2167649926258
218.417279812071,2,9,21,27.3746536569797,2.54426257205183,6,0.0391660065613408,-26.1020865117251,418.56416828266,-0.0397729959399719,0,13040.5467584367,0,1,1,102.197818702712,38.514238
236.368957590946,3,9,21,27.3746536569797,2.80429865915196,4,0.0391660065613408,-26.1020865117251,418.56416828266,0,0.0468168855110251,0,168.045545671163,1,1,102.197818702712,38.514238
18.4951244924123,1,10,38,489.623391609114,2.17562148090898,5,0.035082543272289,822.228723868074,378.818919459707,-0.0468168855110251,0,14901.3831506956,0,169852270946.684,3,111.973879417951,38.156800390009
254.334760801836,3,9,21,27.3746536569797,2.17670869869405,5,0.0391660065613408,-26.1020865117251,418.56416828266,-0.0468168855110251,0.00875076223023333,6385.13898362277,18.9814971410415,71.971950202942,1,102.197818702712,38.514238
14.9396769836084,1,11,38,210.643058282455,2.07255678458877,5,0.035082543272289,844.512080938033,370.13633207575,-0.0555676477412585,0.315979816564434,15473.8850963665,0,1.00052349637831,3,112.220539712278,38.0787160057123
21.5835335024452,1,11,38,256.858316175835,2.62718296176352,4,0.035082543272289,853.282705463117,366.718906523046,-0.371547464305693,0,126.29715578024,105.530651098039,1.02106133504981,3,112.317477968637,38.0479823593507
253.185859653117,3,9,21,27.3746536569797,2.85699155073193,4,0.0391660065613408,-26.1020865117251,418.56416828266,-0.0588881210134313,0,28440.9283084616,0,1,1,102.197818702712,38.514238
100.697360182836,2,9,21,27.3746536569797,2.2225773357835,6,0.0391660065613408,-26.1020865117251,418.56416828266,0,0,0,0,1,1,102.197818702712,38.514238
41.1369535372527,2,9,21,27.3746536569797,2.19697486170594,6,0.0391660065613408,-26.1020865117251,418.56416828266,0,0,0,0,1,1,102.197818702712,38.514238
96.509666960102,2,9,21,27.3746536569797,2.77515015362211,4,0.0391660065613408,-26.1020865117251,418.56416828266,0,0,0,0,1,1,102.197818702712,38.514238
253.748264403983,3,9,21,27.3746536569797,1.90167543376981,5,0.0391660065613408,-26.1020865117251,418.56416828266,0,0,0,0,1,1,102.197818702712,38.514238
224.861129317651,2,9,21,27.3746536569797,2.70292258547791,4,0.0391660065613408,-26.1020865117251,418.56416828266,0,0.0779865501018282,0,197.252857762077,1,1,102.197818702712,38.514238
20.3707612785378,1,11,39,333.73749973163,2.00108216831202,6,0.035082543272289,907.453895126168,345.611400752453,-0.0779865501018282,0,70150.5468940392,0,187280418318.863,3,112.914382104518,37.8581579994852
254.961167494675,3,9,21,27.3746536569797,2.4601616102314,3,0.0391660065613408,-26.1020865117251,418.56416828266,-0.0779865501018282,0,17249.7389523332,0,1,1,102.197818702712,38.514238
2.68558033880679,2,9,21,27.3746536569797,1.64797623966527,2,0.0391660065613408,-26.1020865117251,418.56416828266,0,0,0,0,1,1,102.197818702712,38.514238
98.8620113382731,2,9,21,27.3746536569797,2.59029823283731,4,0.0391660065613408,-26.1020865117251,418.56416828266,0,0,0,0,1,1,102.197818702712,38.514238
249.211230964648,3,9,21,27.3746536569797,1.85421628474036,6,0.0391660065613408,-26.1020865117251,418.56416828266,0,0,0,0,1,1,102.197818702712,38.514238
5.40054212932127,2,9,21,27.3746536569797,2.66764278945979,3,0.0391660065613408,-26.1020865117251,418.56416828266,0,0,0,0.36876042780991,1,1,102.197818702712,38.514238
36.2680175456961,2,9,21,25.9109470866037,2.43295171642917,4,0.0391660065613408,-24.0070109816437,418.89385847962,0.156084348254689,0,48.0465385628768,0.584928188901421,1,1,102.222062292359,38.5172029751739
22.9262803078954,1,9,21,104.109871728747,2.63523004957801,5,0.0391660065613408,-15.9496176040657,420.16180494336,0.156084348254687,0,140.997623620827,0,1,1,102.315317765954,38.5286058916737
102.158135317988,2,9,21,162.299214829418,2.62395753540068,5,0.0391660065613408,-13.1554777498837,420.601502942612,0.156084348254691,0,140.997623620827,0,1,1,102.347663431706,38.5325601907818
4.23049040729712,2,9,21,477.059404649028,2.58531884988805,5,0.0391660065613408,-3.71972349306197,422.086354268842,0.156084348254691,0.262169472729592,140.997623620827,309.367157943082,1.00032379086007,1,102.456919092059,38.5459137795744
0,3,12,41,228.406605039595,1.67994694105154,6,0.035082543272289,980.032276810421,317.33163396591,-0.106085124474902,0.00099531204796996,75589.9769880726,0,521.760250367984,3,113.709178490322,37.6038319466704
236.21369870914,3,9,22,650.290162213692,2.32613468718963,4,0.0391660065613408,0.0194715072916196,422.674770255969,-0.107080436522872,0,71642.4705842345,0,1.00803029828148,1,102.500225529902,38.5512055316793
19.8879297917493,1,9,22,463.111768467405,1.70036867034481,6,0.0391660065613408,3.98205292987805,423.298339302012,0.156084348254696,0.266372007077373,140.997623620827,431.39195802563,1.00014182792738,1,102.546125784927,38.5568134228382
17.9229730392449,1,12,41,104.777575005539,1.64842301471028,6,0.035082543272289,987.626801639339,314.372469183885,-0.110287658822677,0.00294782617829266,44323.7517278362,0,179.55934972701,3,113.792018585071,37.5772195384309
255.852234188,3,9,22,115.690439641253,1.98883710950561,2,0.0391660065613408,14.8130600903686,425.00275369316,-0.113235485000969,0,17662.0512541626,0,1.03765798742687,1,102.67162062391,38.5721415897122
307.437410025928,3,9,22,73.593757202243,2.18643129080913,4,0.0391660065613408,33.0282381378243,427.869173329061,0.156084348254689,0,140.997623620827,0,1,1,102.882787697157,38.5979199208141
251.213765034464,3,9,22,88.0724219197528,2.42171027420046,5,0.0391660065613408,33.8691921359787,428.001509507545,0.156084348254704,0,140.997623620828,0,1,1,102.89254027941,38.5991100486597
0,2,9,23,564.061659843836,2.33238940995861,5,0.0391660065613408,53.9222984541676,431.157153529333,0.156084348254689,0,140.997623620827,0,1,1,103.125187832199,38.6274894371535
247.493472397741,3,9,23,518.014549032541,2.83225699376688,3,0.0391660065613408,55.0271252012139,431.331013871173,0.156084348254686,0,140.997623620827,0,1,1,103.138010622337,38.6290530007718
92.5983834206198,2,9,23,286.001680786507,2.29845809132985,5,0.0391660065613408,61.9663780076803,432.423004871816,0.156084348254691,0,140.997623620827,0,1,1,103.218560754696,38.6388735117752
250.003131734248,3,9,23,126.86952611965,2.24791119817965,2,0.0391660065613408,77.9209832852774,434.933690945353,0.15608434825469,0,140.997623620827,0,1,1,103.403839287975,38.6614526540914
5.09829723110852,2,9,23,869.412039446079,2.73521584300186,3,0.0391660065613408,101.907722524419,438.70834855107,0.156084348254691,0,140.997623620827,0,1,1,103.682601356397,38.695398965489
257.181588044508,3,9,24,627.605726715552,2.70496992407542,3,0.0391660065613408,108.150192336434,439.690690749376,0.156084348254686,0,140.997623620827,0,1,1,103.755189139986,38.7042333811224
290.012988278983,3,8,24,318.130667348114,2.41375268256063,2,0.0391660065613408,119.867453830135,441.534569976745,0.15608434825469,0,140.997623620827,0,1,1,103.891483685397,38.7208157854012
245.949282872107,3,8,24,218.517217107226,2.02392715504937,5,0.0391660065613408,128.771637536807,442.935771049387,0.156084348254689,0,140.997623620827,0,1,1,103.995096435926,38.7334170893899
236.227292532182,3,8,24,268.135978678328,2.60694765269504,3,0.0391660065613408,136.80883143818,444.200538835704,0.156084348254691,0,140.997623620827,0,1,1,104.088650028897,38.7447914193569
246.24907530781,3,8,24,309.691570106092,2.59749929963147,3,0.0391660065613408,139.263990663906,444.586893369025,0.156084348254698,0,140.997623620826,0,1,1,104.11723386247,38.7482659891505
217.119792856937,3,8,24,526.861538303703,1.72905458584292,4,0.0391660065613408,147.153446845763,445.828412505282,0.156084348254688,0,140.997623620827,0,1,1,104.209103384378,38.7594312389845
20.9253359935525,1,8,25,399.159332599114,1.89276599941988,5,0.0391660065613408,160.989350914154,448.005690542244,0.156084348254691,0,140.997623620827,0,1,1,104.370281992552,38.7790119707918
254.727631962941,3,8,25,49.3736367707684,2.43638941549258,3,0.0391660065613408,177.869228671291,450.6619815172,0.156084348254689,0,140.997623620827,0,1,1,104.567033070397,38.8029005694457
454.773974473742,2,8,25,325.301431084932,1.75636176606852,5,0.0391660065613408,196.033915968179,453.520455709005,0.156084348254692,0,140.997623620827,0,1,1,104.778897713491,38.8286074454522
246.716406920051,3,8,25,373.671816539467,1.75109528668774,5,0.0391660065613408,197.407585409179,453.73662230637,0.156084348254653,0,140.997623620827,0,1,1,104.794925381972,38.830551478367
257.23861407018,3,8,25,495.060626207025,1.73940912970584,5,0.0391660065613408,200.461416687791,454.217186477576,0.156084348254698,0,140.997623620827,0,1,1,104.830559732488,38.834873295789
223.008300049771,2,8,25,532.648805934807,2.71483475023654,2,0.0391660065613408,201.320390949984,454.35235840318,0.156084348254693,0,140.997623620827,0,1,1,104.84058360426,38.8360889261211
250.215362487155,3,8,26,59.0745492390195,2.2507233279744,3,0.0391660065613408,221.788482508524,457.573306307173,0.15608434825469,0,140.997623620827,0,1,1,105.079532258234,38.8650556065371
0.570541069419605,2,8,26,127.085802147827,1.58863094453534,5,0.0391660065613408,240.384237617723,460.499615204651,0.156084348254689,0,140.997623620827,0,1,1,105.296780222482,38.891372534708
19.2564974008252,2,8,26,533.02303140497,2.35780753929193,4,0.0391660065613408,252.082270744874,462.340468572634,0.156084348254693,0,140.997623620827,0,1,1,105.433521176072,38.9079277267796
252.644783756479,3,8,27,245.411120952873,2.77509272382181,2,0.0391660065613408,266.421155903234,464.596897901394,0.15608434825469,0,140.997623620827,0,1,1,105.601212513066,38.9282202832554
252.171003384945,3,8,27,134.627191120059,2.2721156381343,4,0.0391660065613408,271.871463681243,465.454582036892,0.156084348254687,0,140.997623620827,0,1,1,105.664976493156,38.9359336219965
19.6149872776425,1,8,27,81.6235976505572,2.24309172294457,4,0.0391660065613408,278.97987350377,466.573192321252,0.156084348254687,0,140.997623620826,0,1,1,105.748158198172,38.9459935259698
243.54021756983,3,8,27,101.893154561309,2.2246169142616,1,0.0391660065613408,283.512040779681,467.28639387432,0.156084348254699,0,140.997623620826,0,1,1,105.801204468914,38.9524075016303
297.838222523516,3,8,27,275.638930407809,2.26263429420114,1,0.0391660065613408,292.823675022457,468.751713135338,0.156084348254686,0,140.997623620828,0,1,1,105.910219425465,38.9655854343403
248.769193968292,3,8,28,357.768034113919,2.64964676321721,2,0.0391660065613408,320.555985313339,473.115790091357,0.156084348254691,0,140.997623620827,0,1,1,106.235114986359,39.0048325213047
250.168142868532,3,7,28,305.766097364871,2.59107771917103,2,0.0391660065613408,339.672585142582,476.12406137915,0.156084348254687,0,140.997623620827,0,1,1,106.459267901036,39.0318865549605
38.0625165136709,2,7,29,791.820697721035,1.71283103537893,3,0.0391660065613408,357.326447871506,478.90214999535,0.156084348254692,0,140.997623620827,0,1,1,106.666410004743,39.0568705061175
97.186673546703,2,7,29,587.598352637363,2.5161329484311,1,0.0391660065613408,361.405602249967,479.544063468709,0.156084348254692,0,140.997623620828,0,1,1,106.714292081871,39.0626433726747
245.306242700522,3,7,29,248.742060770661,2.54994590496848,1,0.0391660065613408,370.733978487278,481.012017322799,0.156084348254687,0,140.997623620826,0,1,1,106.823817855226,39.0758449988495
458.378981432007,2,7,29,131.475916395785,2.61957513761264,1,0.0391660065613408,391.284877987173,484.245996244578,0.156084348254692,0,140.997623620827,0,1,1,107.065241852596,39.1049288700239
263.107423645457,3,7,29,253.571649609004,2.57868233144022,3,0.0391660065613408,397.032328801153,485.150440100501,0.156084348254682,0,140.997623620827,0,1,1,107.132793415182,39.1130627290336
10.4313068051129,2,7,29,640.895291564996,2.32618442677666,2,0.0391660065613408,407.314374226278,486.768467485521,0.156084348254691,0,140.997623620826,0,1,1,107.253677167034,39.1276139988968
263.376683641813,3,7,30,201.34864856465,2.49010651314827,3,0.0391660065613408,419.554028168947,488.69455266056,0.15608434825469,0,140.997623620827,0,1,1,107.397635801265,39.1449356990243
247.876362973774,3,7,30,1.81196727113959,2.71530853603558,1,0.0391660065613408,434.706952451178,491.079082726132,0.15608434825469,0,140.997623620827,0,1,1,107.575949234902,39.1663802931036
264.264658865622,3,7,30,120.481297815312,2.72800219494172,1,0.0391660065613408,444.378031288228,492.60096575174,0.156084348254689,0,140.997623620826,0,1,1,107.689806548015,39.1800669159697
8.59164348344647,2,7,30,166.514831476681,2.16597679778278,2,0.0391660065613408,446.285317196874,492.901104557168,0.156084348254713,0,140.997623620832,0,1,1,107.712265749562,39.1827661290947
43.974552650505,2,7,30,650.780126413291,2.73742352350861,1,0.0391660065613408,458.746982362762,494.862126383826,0.156084348254687,0,140.997623620826,0,1,1,107.859046587747,39.2004020220786
219.086177667353,2,7,31,620.307315177322,2.33037592756825,3,0.0391660065613408,459.780843207773,495.024819222689,0.156084348254693,0,140.997623620823,0,1,1,107.871227032384,39.2018651539298
249.648651520517,3,7,31,167.652160835287,2.27978276899735,3,0.0391660065613408,472.722437001883,497.061364705508,0.156084348254691,0,140.997623620827,0,1,1,108.02373775956,39.2201802474711
96.0209740079103,2,7,31,107.030587830626,2.71941143318678,1,0.0391660065613408,476.03065151149,497.581959728263,0.156084348254675,0,140.997623620829,0,1,1,108.062735189292,39.2248620709901
9.31640072182419,2,7,31,280.223324657084,2.17926444989336,3,0.0391660065613408,498.220585536063,501.073864251056,0.156084348254693,0.520900472356827,140.997623620827,9.80105141093043,1.00501473949038,1,108.324434008644,39.2562655228216
20.2411272022211,1,13,41,654.492814999228,2.05241213228315,3,0.0410965161599199,1014.5748010256,303.872329606197,-0.364816124102134,0,5762.22584807529,0,1,3,114.08546463759,37.4827895145571
0,3,13,41,654.492814999228,1.79581401894266,2,0.0410965161599199,1014.5748010256,303.872329606197,0,0.395170132690306,0,53.136117566208,1,3,114.08546463759,37.4827895145571
257.988728779164,3,7,32,241.087172420764,1.83437771418264,2,0.0391660065613408,529.859463592446,506.052695700434,-0.395170132690306,0,20106.7363547757,0,1.07463442519253,1,108.697938624459,39.3010412297682
265.965123561837,3,6,32,479.132135646323,1.97779836445031,3,0.0391660065613408,550.137595335191,509.243750701672,0.156084348254688,0.572428007783087,140.997623620827,17.3309180955284,1.00600663150756,1,108.937554915807,39.3297390768511
219.48950508399,2,13,41,654.492814999228,1.88481969098345,3,0.0410965161599199,1014.5748010256,303.872329606197,-0.4163436595284,0.0139725201491264,9224.47314202671,23.347920347507,78.3736001699279,3,114.08546463759,37.4827895145571
242.296801490439,3,6,33,760.768685104496,1.92625894739105,3,0.0391660065613408,562.803733129598,511.236949230412,-0.430316179677526,0,13851.6639330433,0,1.03270641717353,1,109.087314559224,39.3476643418689
246.05401730175,3,6,33,390.023871705174,1.68291561651599,2,0.0391660065613408,571.450628321466,512.597662263409,0.15608434825469,0,140.997623620826,0,1,1,109.189592109991,39.3599015281692
102.398050918893,2,6,33,215.465329405665,2.44171395976435,1,0.0391660065613408,577.795109596321,513.596057429159,0.156084348254684,0,140.997623620828,0,1,1,109.26465675834,39.3688803116072
260.283262229532,3,6,33,131.346954349187,1.63990179914036,2,0.0391660065613408,583.249360258306,514.454362034028,0.156084348254702,0,140.997623620827,0,1,1,109.329202593852,39.3765992303634
20.5613629341933,1,6,33,131.238643961658,1.81250669101357,3,0.0391660065613408,592.833930297333,515.962631658951,0.15608434825469,0,140.997623620825,0,1,1,109.442658026896,39.3901634249758
1.45133074220461,2,6,33,328.587137910851,1.77550277376099,3,0.0391660065613408,602.726829372173,517.519421281881,0.156084348254692,0.63462102458026,140.997623620827,26.3145499064213,1.00405142588944,1,109.559804980444,39.4041639704135
23.2919690973399,1,13,41,654.492814999228,1.69076225024867,3,0.0410965161599199,1014.5748010256,303.872329606197,-0.478536676325569,0.0193706864924991,6869.55661818705,21.6974420309369,62.0167389127655,3,114.08546463759,37.4827895145571
263.458181365798,3,6,34,436.244335175563,2.28874374591825,1,0.0391660065613408,617.319386184612,519.815769485351,-0.497907362818068,0,12145.1080731472,0,1.04151882989572,1,109.73268041475,39.4248155259545
98.7668791691309,2,6,34,114.996487973362,2.25007739777953,1,0.0391660065613408,627.496808116817,521.417332862515,0.15608434825469,0,140.997623620829,0,1,1,109.853305133325,39.4392187314378
261.10976597763,3,6,34,162.944847270429,2.37623625788074,2,0.0391660065613408,650.18377974796,524.987453384709,0.156084348254691,0,140.997623620826,0,1,1,110.122356885908,39.4713255966512
263.043986336462,3,6,34,273.545174321151,2.36234200542307,2,0.0391660065613408,653.966460475212,525.582712474941,0.156084348254707,0,140.997623620827,0,1,1,110.167238544204,39.4766788902609
102.377933742117,2,6,34,456.816979541215,2.12995722394581,1,0.0391660065613408,658.782970488557,526.340659437786,0.156084348254671,0,140.997623620831,0,1,1,110.224395599702,39.4834952710591
105.576477557416,2,6,35,500.691582944758,2.31078754227883,2,0.0391660065613408,666.1384291666,527.498146404473,0.156084348254699,0,140.997623620822,0,1,1,110.311701504518,39.4939048014362
258.018141790503,3,6,35,443.49056017364,2.30580033877027,2,0.0391660065613408,667.482784329498,527.709699979547,0.156084348254631,0,140.997623620842,0,1,1,110.327660914092,39.495807348445
18.8046596321684,1,6,35,110.165544499132,2.04943527483044,1,0.0391660065613408,678.72414674199,529.478689657798,0.156084348254694,0,140.997623620826,0,1,1,110.461142534121,39.511716254828
261.709532454942,3,6,35,70.2255378128108,2.03959890885881,1,0.0391660065613408,681.302659397279,529.884455623262,0.156084348254702,0,140.997623620834,0,1,1,110.491767897998,39.5153653958248
6.18721037093082,2,6,35,44.5839299573201,2.24470551275683,2,0.0391660065613408,683.793401956376,530.276409704676,0.156084348254698,0,140.997623620824,0,1,1,110.521353538769,39.5188903235643
278.263434795707,3,6,35,50.4697587726574,2.2134839412925,2,0.0391660065613408,692.044730990575,531.574874726773,0.156084348254685,0.770818194311033,140.997623620826,90.562830237313,1.00578472523951,1,110.619384013878,39.5305677000533
18.6881891951568,1,13,41,654.492814999228,1.97464084005986,8,0.0410965161599199,1014.5748010256,303.872329606197,-0.614733846056348,0.0225107859459075,19455.1846282271,0,62.6159326006804,3,114.08546463759,37.4827895145571
461.025352258416,2,6,35,318.890924018626,1.95193373880927,1,0.0391660065613408,704.362356043365,533.5132297748,-0.637244632002256,0,5664.05732523515,0,1.04673746261392,1,110.76577927401,39.5479997457996
260.55372532816,3,6,36,705.395603151535,1.91008457252327,1,0.0391660065613408,714.681019725621,535.137019568016,0.156084348254681,0,140.997623620828,0,1,1,110.888467425342,39.5626028382447
266.269100709208,3,6,36,436.770782197428,1.88462264257582,1,0.0391660065613408,721.490708971531,536.208621883294,0.156084348254686,0,140.997623620826,0,1,1,110.96945939345,39.5722399893955
261.439249461244,3,6,36,350.25470555656,2.08586058549581,2,0.0391660065613408,724.42747637201,536.670764373523,0.156084348254725,0,140.997623620827,0,1,1,111.004394437072,39.5763961366603
100.071658202315,2,6,36,179.713454629176,2.11537952362927,8,0.0391660065613408,736.970488545873,538.644587319136,0.156084348254689,0,140.997623620826,0,1,1,111.153644999972,39.5941471528728
218.537062774541,3,6,36,190.380283475701,2.12904178168418,8,0.0391660065613408,740.579564827233,539.212527258751,0.156084348254691,0,140.997623620832,0,1,1,111.196602388234,39.5992547594584
248.093823097315,3,6,36,447.615237587993,1.76613400463085,1,0.0391660065613408,753.505753820767,541.246648575156,0.156084348254692,0,140.997623620825,0,1,1,111.350503930812,39.6175480519474
251.216101254734,3,6,36,628.749242828161,1.74869635492184,1,0.0391660065613408,758.268960840549,541.996207547118,0.156084348254671,0,140.997623620831,0,1,1,111.407233785223,39.6242889977314
257.374670740371,3,5,37,851.669547121187,2.21441459996887,8,0.0391660065613408,766.0943998595,543.227652664208,0.156084348254696,0,140.997623620828,0,1,1,111.500456198581,39.6353636497344
7.93004564271177,2,5,37,330.442696795244,1.67705621326214,1,0.0391660065613408,778.953768184988,545.251258789684,0.156084348254686,0,140.997623620827,0,1,1,111.653704113687,39.6535623768395
259.004050667844,3,5,37,344.848647456223,1.80492948173523,6,0.0391660065613408,806.164398754899,549.53324195601,0.156084348254691,0,140.997623620827,0,1,1,111.978215341108,39.6920711766161
218.968816287994,2,5,38,614.003085849375,1.88515587765305,6,0.0715777138755998,817.944795045385,551.387056349576,0.15608434825469,0.15608434825469,73.7816499315703,0,1,1,112.118806648195,39.708742929991
10.2883639287802,2,5,38,614.003085849375,2.19817025540091,8,0.0715777138755998,817.944795045385,551.387056349576,0,0,0,0,1,1,112.118806648195,39.708742929991
9.49135166903369,2,5,38,614.003085849375,2.60393804818754,7,0.0715777138755998,817.944795045385,551.387056349576,0,0,0,0,1,1,112.118806648195,39.708742929991
99.8197580503181,2,5,38,614.003085849375,2.61464370475755,7,0.0715777138755998,817.944795045385,551.387056349576,0,0,0,0,1,1,112.118806648195,39.708742929991
234.005579350118,3,5,38,614.003085849375,2.13790276716526,8,0.0715777138755998,817.944795045385,551.387056349576,0,0,0,0,1,1,112.118806648195,39.708742929991
218.105427825239,3,5,38,614.003085849375,2.13119974268566,8,0.0715777138755998,817.944795045385,551.387056349576,0,0,0,0,1,1,112.118806648195,39.708742929991
254.841029696996,3,5,38,614.003085849375,2.12503790723156,8,0.0715777138755998,817.944795045385,551.387056349576,0,0.899468690183644,0,65.4691995484544,1,1,112.118806648195,39.708742929991
20.5013460754285,1,13,41,654.492814999228,2.09709206197343,6,0.0410965161599199,1014.5748010256,303.872329606197,-0.899468690183644,0,2808.83925960695,0.762554805071284,63222432476.6547,3,114.08546463759,37.4827895145571
460.589677055518,2,5,38,614.003085849375,2.01413496189849,8,0.0715777138755998,817.944795045385,551.387056349576,-0.899468690183644,0,3117.78903348687,0,1,1,112.118806648195,39.708742929991
98.2526549732946,2,5,38,614.003085849375,2.62037419707558,7,0.0715777138755998,817.944795045385,551.387056349576,0,1.04345873971729,0,1.8343259443067,1,1,112.118806648195,39.708742929991
455.813752814039,2,6,38,444.912327036978,2.61052086497913,7,0.0715777138755998,825.186935113296,538.950913411006,-1.04345873971729,0,253.222398325033,22.1680146827966,1.00049347291318,1,112.189846911088,39.5969020096015
20.4332824100071,1,13,41,654.492814999228,2.5445742552374,7,0.0410965161599199,1014.5748010256,303.872329606197,-0.892627987249276,0,4788.70786495052,0,13.6831894770707,3,114.08546463759,37.4827895145571
105.30948153,2,7,38,159.982921148528,1.87221486850489,8,0.0715777138755998,845.897811835691,503.386367449788,-0.868956006390672,0.174502733326618,2702.43586172395,0,1.25387327872042,1,112.391637559401,39.2770623637254
209.584192600295,2,7,38,569.967000794282,2.53372373031732,7,0.0715777138755998,860.849466752228,477.711509470428,-1.04345873971729,0,257.679769952159,0,1,1,112.536054518136,39.0461628186281
185.336365099174,3,8,39,581.52929866542,2.34834161322664,6,0.0715777138755998,869.038805465584,463.648844863469,-1.04345873971729,0,257.67976995216,0,1,1,112.614706821663,38.9196942374498
244.524405403678,3,8,39,525.631918745515,2.49389963007269,7,0.0715777138755998,869.914631632566,462.144883423923,-1.04345873971729,0,257.679769952164,0,1,1,112.623099692744,38.9061687872793
254.300119710365,3,8,39,296.164600621198,1.63341413039744,5,0.0715777138755998,877.000592622099,449.976929905125,-1.04345873971729,0,257.67976995216,0,1,1,112.690869724225,38.7967397522866
23.7832559759759,1,9,39,123.003831946491,1.71804602582384,5,0.0715777138755998,897.881487521779,414.120430138118,-1.04345873971729,0,257.679769952159,0,1,1,112.88919401551,38.4742745027557
235.285238165477,3,9,39,204.939277518285,1.72428793895115,5,0.0715777138755998,899.504480019072,411.33344086488,-1.0434587397173,0,257.679769952158,0,1,1,112.90452267966,38.4492105060668
27.3754984528387,1,9,39,320.369660481148,1.64511183354156,8,0.0715777138755998,901.307701280111,408.236964251356,-1.04345873971727,0,257.679769952159,0,1,1,112.921538945947,38.4213632228592
221.215915803319,2,10,39,338.867145884184,2.47366176306087,6,0.0715777138755998,903.425167653928,404.600868533035,-1.04345873971729,0,257.679769952162,97.0602123551636,1.00124491752866,1,112.941500993012,38.3886630284524
0,3,13,41,654.492814999228,2.47424619079893,6,0.0410965161599199,1014.5748010256,303.872329606197,-0.736253396493189,0,5963.38869171091,0,5.0794358762656,3,114.08546463759,37.4827895145571
264.113822902129,3,11,40,250.856456027012,2.53457764590327,6,0.0715777138755998,928.543379482854,361.468083232473,-0.58994325314766,0.453515486569632,614.245208611702,0,1.14269552731875,1,113.176681594669,38.0007605710099
307.222905769914,3,11,40,125.369342699423,2.4421180954065,8,0.0715777138755998,932.225811738767,355.144641063901,-1.04345873971729,0,257.679769952158,0,1,1,113.210909351788,37.9438924893502
13.7646334689497,2,11,40,104.181463132721,2.43703611670424,8,0.0715777138755998,933.831436423471,352.387475654583,-1.0434587397173,0,257.679769952161,0,1,1,113.22581336802,37.9190967051133
242.893544492449,3,11,40,220.552604309825,2.22757734175807,7,0.0715777138755998,940.197173489166,341.456284692246,-1.04345873971728,0,257.679769952161,0,1,1,113.284782610657,37.8207901430047
101.859030987353,2,12,40,56.2582687066777,2.37620210421623,8,0.0715777138755998,950.797802077255,323.252973084908,-1.04345873971729,0,257.67976995216,0,1,1,113.382556820616,37.6570838287272
30.5069301401599,2,12,40,319.263848378888,2.58802918667991,6,0.0715777138755998,957.715044748821,311.374741264242,-1.04345873971729,0,257.679769952158,0,1,1,113.446071146149,37.5502603235629
112.771110383626,2,13,40,584.421070730076,2.12938863964844,7,0.0715777138755998,963.000744046319,302.298182211589,-1.04345873971728,0,257.679769952161,0,1,1,113.494452135937,37.4686328669284
254.999745374508,3,13,40,603.697664351285,2.59735531597799,6,0.0715777138755998,966.691085321428,295.961158740764,-1.0434587397173,0,257.679769952158,0,1,1,113.528152222375,37.4116426456831
222.041431052701,2,13,41,583.43114412024,2.09595059921577,7,0.0715777138755998,970.287757169817,289.784983633645,-1.04345873971729,0,257.679769952159,0,1,1,113.560934974103,37.3560989685254
462.332025760451,2,13,41,450.495979278961,2.58745037862696,6,0.0715777138755998,973.531818913516,284.21430767766,-1.04345873971728,0,257.679769952162,0,1,1,113.590451321096,37.3060006760575
244.736083959061,3,14,41,260.191099281638,2.58824532298655,6,0.0715777138755998,983.860183573042,266.478525433312,-1.04345873971729,0,257.679769952159,0,1,1,113.684093411187,37.1464989543554
265.095747729563,3,14,41,19.0992890219478,2.58417316295833,6,0.0715777138755998,993.46525961769,249.984768407492,-1.04345873971729,0,257.67976995216,0,1,1,113.770725261676,36.9981670337945
247.147652889199,3,15,41,208.912484912492,2.14226837545793,8,0.0715777138755998,1008.15224747741,224.764394505883,-1.04345873971729,0,257.679769952159,0,1,1,113.902349527887,36.7713547622038
6.73440429108733,2,15,41,374.358418452261,2.19022310056153,5,0.0715777138755998,1013.24376503225,216.02128273333,-1.0434587397173,0,257.67976995216,0,1,1,113.947741504849,36.6927260690036
11.23786057583,2,15,41,684.789063430367,2.55367122711871,6,0.0715777138755998,1017.67286192537,208.415674234318,-1.04345873971728,0,257.67976995216,0,1,1,113.987128189976,36.6243271885104
97.4208565757965,2,16,42,578.996271759024,2.07099198470419,8,0.0715777138755998,1024.01591820952,197.523430522169,-1.04345873971729,0,257.67976995216,0,1,1,114.043373662807,36.5263708874377
8.9393842366919,2,16,42,261.720869514482,1.81045934520284,7,0.0715777138755998,1039.15762951615,171.522209283978,-1.04345873971729,0,257.679769952159,0,1,1,114.176870092912,36.29253628704
100.598543192614,2,17,42,116.633729203294,2.30616649345764,5,0.0715777138755998,1043.96856504877,163.260910635943,-1.04345873971729,0,257.679769952159,0,1,1,114.219058670737,36.2182406433687
462.41881811093,2,18,42,470.243797484332,1.69734356694437,7,0.0741577315221403,1061.49436813641,133.165746738613,-1.04345873971729,0,201.800420904133,0,1,1,114.371822557057,35.9475883321034
96.7084495951764,2,18,42,470.243797484332,2.36560026745145,6,0.0741577315221403,1061.49436813641,133.165746738613,0,0,0,0,1,1,114.371822557057,35.9475883321034
16.9714961478854,2,18,42,470.243797484332,1.63246123392554,7,0.0741577315221403,1061.49436813641,133.165746738613,0,1.30256487570533,0,247.219437522308,1,1,114.371822557057,35.9475883321034
0,3,13,41,654.492814999228,2.43344796947833,5,0.0410965161599199,1014.5748010256,303.872329606197,-1.30256487570533,0,21131.7882761165,0,35407447359.1044,3,114.08546463759,37.4827895145571
229.479934249446,3,18,42,470.243797484332,1.62263238084341,7,0.0741577315221403,1061.49436813641,133.165746738613,-1.30256487570533,0,14770.3460006476,0,1,1,114.371822557057,35.9475883321034
265.908716991322,3,18,42,470.243797484332,2.45398081141539,5,0.0741577315221403,1061.49436813641,133.165746738613,0,0,0,0,1,1,114.371822557057,35.9475883321034
26.6148156881338,2,18,42,470.243797484332,2.48855932582364,5,0.0741577315221403,1061.49436813641,133.165746738613,0,0,0,0,1,1,114.371822557057,35.9475883321034
257.236369115272,3,18,42,470.243797484332,1.81128815939945,4,0.0741577315221403,1061.49436813641,133.165746738613,0,0,0,0,1,1,114.371822557057,35.9475883321034
253.885926812212,3,18,42,470.243797484332,2.50576623695655,5,0.0741577315221403,1061.49436813641,133.165746738613,0,0,0,0,1,1,114.371822557057,35.9475883321034
245.368179889634,3,18,42,470.243797484332,2.50908767401596,5,0.0741577315221403,1061.49436813641,133.165746738613,0,0,0,0,1,1,114.371822557057,35.9475883321034
451.920329406566,2,18,42,470.243797484332,1.69531612914494,8,0.0741577315221403,1061.49436813641,133.165746738613,0,0,0,0,1,1,114.371822557057,35.9475883321034
272.386813704257,3,18,42,470.243797484332,2.40082963613717,7,0.0741577315221403,1061.49436813641,133.165746738613,0,0,0,0,1,1,114.371822557057,35.9475883321034
259.576515750313,3,18,42,470.243797484332,2.54594133390249,5,0.0741577315221403,1061.49436813641,133.165746738613,0,0,0,0,1,1,114.371822557057,35.9475883321034
98.6791519510016,2,18,42,470.243797484332,2.55571058080196,5,0.0741577315221403,1061.49436813641,133.165746738613,0,0,0,0,1,1,114.371822557057,35.9475883321034
17.1085556115771,2,18,42,470.243797484332,2.14141377877759,6,0.0741577315221403,1061.49436813641,133.165746738613,0,0,0,0,1,1,114.371822557057,35.9475883321034
254.914113884745,3,18,42,470.243797484332,1.60134340606186,8,0.0741577315221403,1061.49436813641,133.165746738613,0,0,0,0,1,1,114.371822557057,35.9475883321034
281.594932999363,3,18,42,470.243797484332,2.57211223202473,5,0.0741577315221403,1061.49436813641,133.165746738613,0,1.30256487570533,0,12.079656941751,1,1,114.371822557057,35.9475883321034
18.3731953880371,1,13,41,654.492814999228,2.29777428322304,7,0.0410965161599199,1014.5748010256,303.872329606197,-1.30256487570533,0,3326.62434120771,0,35407447359.1044,3,114.08546463759,37.4827895145571
271.73815179461,3,18,42,470.243797484332,2.0866651181059,4,0.0741577315221403,1061.49436813641,133.165746738613,-1.30256487570533,0,1597.97917438852,0,1,1,114.371822557057,35.9475883321034
21.4197413880698,1,18,42,470.243797484332,2.56900189449792,5,0.0741577315221403,1061.49436813641,133.165746738613,0,0,0,0,1,1,114.371822557057,35.9475883321034
243.928486416371,3,18,42,470.243797484332,2.56419249568267,5,0.0741577315221403,1061.49436813641,133.165746738613,0,0,0,0,1,1,114.371822557057,35.9475883321034
264.554425877793,3,18,42,470.243797484332,2.1471083000505,4,0.0741577315221403,1061.49436813641,133.165746738613,0,0,0,0,1,1,114.371822557057,35.9475883321034
458.411385470623,2,18,42,470.243797484332,1.94399111242523,6,0.0741577315221403,1061.49436813641,133.165746738613,0,0,0,0,1,1,114.371822557057,35.9475883321034
10.233151781656,2,18,42,470.243797484332,2.54403666168797,5,0.0741577315221403,1061.49436813641,133.165746738613,0,0,0,0,1,1,114.371822557057,35.9475883321034
213.223526542137,2,18,42,470.243797484332,2.52977522791939,5,0.0741577315221403,1061.49436813641,133.165746738613,0,0,0,0,1,1,114.371822557057,35.9475883321034
11.3292050176087,2,18,42,470.243797484332,2.24797792027153,4,0.0741577315221403,1061.49436813641,133.165746738613,0,0,0,0,1,1,114.371822557057,35.9475883321034
37.8045563417761,2,18,42,470.243797484332,2.5134985553982,5,0.0741577315221403,1061.49436813641,133.165746738613,0,0,0,0,1,1,114.371822557057,35.9475883321034
209.222451615247,2,18,42,470.243797484332,2.50607100343456,5,0.0741577315221403,1061.49436813641,133.165746738613,0,0,0,0,1,1,114.371822557057,35.9475883321034
260.373687362389,3,18,42,470.243797484332,2.0300307112696,7,0.0741577315221403,1061.49436813641,133.165746738613,0,0,0,0,1,1,114.371822557057,35.9475883321034
302.783002008849,3,18,42,470.243797484332,2.49310433699115,5,0.0741577315221403,1061.49436813641,133.165746738613,0,0,0,0,1,1,114.371822557057,35.9475883321034
271.56057617791,3,18,42,470.243797484332,1.72639624822665,6,0.0741577315221403,1061.49436813641,133.165746738613,0,0,0,0,1,1,114.371822557057,35.9475883321034
240.691432240662,3,18,42,470.243797484332,1.87890821347102,7,0.0741577315221403,1061.49436813641,133.165746738613,0,1.30256487570533,0,87.7701032963691,1,1,114.371822557057,35.9475883321034
16.4483344769042,1,13,41,654.492814999228,1.66604082500638,3,0.0410965161599199,1014.5748010256,303.872329606197,-1.30256487570533,0,30507.301303873,0,35407447359.1044,3,114.08546463759,37.4827895145571
246.991667211461,3,18,42,470.243797484332,2.41314459568816,4,0.0741577315221403,1061.49436813641,133.165746738613,-1.30256487570533,0,8025.83827588411,0,1,1,114.371822557057,35.9475883321034
242.230718283326,3,18,42,470.243797484332,1.73307449443654,3,0.0741577315221403,1061.49436813641,133.165746738613,0,0,0,0,1,1,114.371822557057,35.9475883321034
4.70143776766565,2,18,42,470.243797484332,2.32314143175005,5,0.0741577315221403,1061.49436813641,133.165746738613,0,0,0,0,1,1,114.371822557057,35.9475883321034
93.3366321105368,2,18,42,470.243797484332,1.78813400535521,3,0.0741577315221403,1061.49436813641,133.165746738613,0,0,0,0,1,1,114.371822557057,35.9475883321034
464.297228317641,2,18,42,470.243797484332,2.50223517226742,4,0.0741577315221403,1061.49436813641,133.165746738613,0,0,0,0,1,1,114.371822557057,35.9475883321034
267.464338231721,3,18,42,470.243797484332,2.42656388607661,6,0.0741577315221403,1061.49436813641,133.165746738613,0,1.25347973717498,0,0.13632019231491,1,1,114.371822557057,35.9475883321034
261.850668990621,3,18,42,496.151293649775,2.53111275692154,4,0.0741577315221403,1061.06649254259,134.468601264642,-1.25347973717498,0,24.5122066721357,1.20385629607333,1,1,114.368939993017,35.9593051843496
217.323978056903,2,17,42,167.200191305182,1.66979974187712,7,0.0741577315221403,1056.99450902296,146.867537392363,-1.25347973717489,0,266.967833479707,0,1,1,114.341430565167,36.0708114958503
246.235661716023,3,17,42,93.5941894019089,2.5492281705415,4,0.0741577315221403,1053.30320468965,158.107329114535,-1.25347973717491,0,266.967833479706,0,1,1,114.316372816575,36.1718933712681
0,2,16,42,95.1935739304124,1.94955905850836,3,0.0741577315221403,1047.14493067113,176.858889832952,-1.25347973717491,0,266.967833479705,0,1,1,114.274314269365,36.3405302082557
253.133691551394,3,16,42,19.2434209934647,2.56301006912127,4,0.0741577315221403,1045.43402510292,182.068490696642,-1.25347973717488,0,266.967833479708,0,1,1,114.262573041048,36.387381274405
212.572183392014,3,14,42,528.663753427738,2.21327580499021,6,0.0741577315221403,1022.514181242,251.857987318886,-1.25347973717491,0,266.967833479706,0,1,1,114.102917680543,37.0150132961908
259.004370296357,3,13,41,733.631523346406,2.1269312939007,3,0.0741577315221403,1015.96817750189,271.790160883507,-1.25347973717491,0,266.967833479706,0,1,1,114.056511024521,37.1942676395866
252.762781831618,3,13,41,500.144149829389,2.57805512043268,4,0.0741577315221403,1014.07610263256,277.551410982048,-1.25347973717491,0,266.967833479706,0,1,1,114.043030602877,37.2460798064939
10.8521376330977,2,13,41,247.556146924812,2.57102374456958,4,0.0741577315221403,1010.02620485711,289.883097394712,-1.2534797371749,0,266.967833479706,4.31928928418841,1.05181960347593,1,114.014075532059,37.3569813267771
19.6847540668719,1,13,41,654.492814999228,2.56862168535146,4,0.0410965161599199,1014.5748010256,303.872329606197,1.25642893741009,1.03166219851959,1022.96458586697,0,1.84841625207809,3,114.08546463759,37.4827895145571
257.384393624514,3,13,41,326.123657960369,1.92277341923117,5,0.0741577315221403,1006.07049393698,301.9279907009,0.224766738890494,1.47824647606539,263.491318257378,0.0291678944277562,1.34829559463781,1,113.985661131287,37.4653036546895
13.2375408878624,2,12,41,173.786155406241,2.20053074323671,3,0.0741577315221403,1002.79416219129,311.904216747067,-1.2534797371749,0,266.967833479707,0,1,1,113.962027493272,37.555022010978
233.665719033106,3,11,41,56.754302305726,2.0424194034531,6,0.0741577315221403,990.431435489898,349.547949339846,-1.25347973717491,0,266.967833479706,0,1,1,113.872039314319,37.8935602314591
235.46223820911,3,11,41,43.9417359421633,2.51189632750181,4,0.0741577315221403,987.89156374218,357.281700574539,-1.2534797371749,0,266.967833479708,8.80612682589302,1.31317938532493,1,113.853392970297,37.9631115272607
19.2585104340525,1,13,41,654.492814999228,2.31442629072815,3,0.0410965161599199,1014.5748010256,303.872329606197,-1.10747003437887,0.065134920981645,1233.59790082136,0,3.47644835571856,3,114.08546463759,37.4827895145571
202.544754413787,2,10,41,634.651802517981,1.91725328749065,6,0.0705923331474184,972.88262838317,402.982973667739,-1.17260495536052,0,601.221473894214,0,1,1,113.742101690285,38.3741129503678
223.859064056284,3,10,41,634.651802517981,1.90202028714874,6,0.0705923331474184,972.88262838317,402.982973667739,0,0,0,0,1,1,113.742101690285,38.3741129503678
251.026101643694,3,10,41,634.651802517981,1.64524197748179,5,0.0705923331474184,972.88262838317,402.982973667739,0,0,0,0,1,1,113.742101690285,38.3741129503678
250.739028055612,3,10,41,634.651802517981,2.45654986935244,3,0.0705923331474184,972.88262838317,402.982973667739,0,0,0,0,1,1,113.742101690285,38.3741129503678
273.115757517259,3,10,41,634.651802517981,2.4347062675489,5,0.0705923331474184,972.88262838317,402.982973667739,0,0,0,0,1,1,113.742101690285,38.3741129503678
19.4343627915862,1,10,41,634.651802517981,2.22221351316871,4,0.0705923331474184,972.88262838317,402.982973667739,0,0,0,0,1,1,113.742101690285,38.3741129503678
101.255511406972,2,10,41,634.651802517981,1.91772429565103,2,0.0705923331474184,972.88262838317,402.982973667739,0,0,0,0,1,1,113.742101690285,38.3741129503678
4.12536926141056,2,10,41,634.651802517981,2.35961613965236,5,0.0705923331474184,972.88262838317,402.982973667739,0,0,0,0,1,1,113.742101690285,38.3741129503678
253.100928636906,3,10,41,634.651802517981,1.96293006092054,2,0.0705923331474184,972.88262838317,402.982973667739,0,0,0,0,1,1,113.742101690285,38.3741129503678
262.900205887293,3,10,41,634.651802517981,2.31828372280446,5,0.0705923331474184,972.88262838317,402.982973667739,0,0.0612729253429358,0,9.83242835345885,1,1,113.742101690285,38.3741129503678
22.9947314350621,1,10,42,102.290130306733,2.57193862375962,3,0.0673784262303574,1040.69477525485,398.822717369154,-0.0612729253429358,0,1768.97444144464,0,13587928459.9466,3,114.519742503915,38.336698866613
222.2759438258,2,10,41,634.651802517981,2.58862607558831,3,0.0705923331474184,972.88262838317,402.982973667739,-0.0612729253429358,0,832.57576082737,0,1,1,113.742101690285,38.3741129503678
0.487415610802874,2,10,41,634.651802517981,2.03235194022022,4,0.0705923331474184,972.88262838317,402.982973667739,0,0,0,0,1,1,113.742101690285,38.3741129503678
257.920471595813,3,10,41,634.651802517981,2.09451672215272,2,0.0705923331474184,972.88262838317,402.982973667739,0,0,0,0,1,1,113.742101690285,38.3741129503678
243.642752424514,3,10,41,634.651802517981,1.97307614414845,4,0.0705923331474184,972.88262838317,402.982973667739,0,0,0,0,1,1,113.742101690285,38.3741129503678
9.22183393250051,2,10,41,634.651802517981,2.16312021818065,2,0.0705923331474184,972.88262838317,402.982973667739,0,0,0,0,1,1,113.742101690285,38.3741129503678
257.632893509849,3,10,41,634.651802517981,2.5583763849798,3,0.0705923331474184,972.88262838317,402.982973667739,0,0,0,0,1,1,113.742101690285,38.3741129503678
36.2556311994645,2,10,41,634.651802517981,2.22433834874249,2,0.0705923331474184,972.88262838317,402.982973667739,0,0,0,0,1,1,113.742101690285,38.3741129503678
218.069825506546,2,10,41,634.651802517981,1.84044159154138,4,0.0705923331474184,972.88262838317,402.982973667739,0,0,0,0,1,1,113.742101690285,38.3741129503678
247.50765418047,3,10,41,634.651802517981,2.27790022735633,2,0.0705923331474184,972.88262838317,402.982973667739,0,0,0,0,1,1,113.742101690285,38.3741129503678
208.990972879641,3,10,41,634.651802517981,1.78569385335879,4,0.0705923331474184,972.88262838317,402.982973667739,0,0,0,0,1,1,113.742101690285,38.3741129503678
244.920870777705,3,10,41,634.651802517981,1.71711311782982,1,0.0705923331474184,972.88262838317,402.982973667739,0,0,0,0,1,1,113.742101690285,38.3741129503678
217.54271048267,2,10,41,634.651802517981,1.62316189753878,4,0.0705923331474184,972.88262838317,402.982973667739,0,0,0,0,1,1,113.742101690285,38.3741129503678
222.379040385769,2,10,41,634.651802517981,2.46959163240658,2,0.0705923331474184,972.88262838317,402.982973667739,0,0,0,0,1,1,113.742101690285,38.3741129503678
100.272158178997,2,10,41,634.651802517981,2.33530503776807,3,0.0705923331474184,972.88262838317,402.982973667739,0,0,0,0,1,1,113.742101690285,38.3741129503678
43.2555000691878,2,10,41,634.651802517981,1.60015970386135,4,0.0705923331474184,972.88262838317,402.982973667739,0,0,0,0,1,1,113.742101690285,38.3741129503678
258.44722522598,3,10,41,634.651802517981,1.77903510503641,1,0.0705923331474184,972.88262838317,402.982973667739,0,0.0612729253429358,0,26.2604152972918,1,1,113.742101690285,38.3741129503678
0,3,10,42,102.290130306733,1.57132372186228,4,0.0673784262303574,1040.69477525485,398.822717369154,-0.0612729253429358,0,1750.08889338339,0,13587928459.9466,3,114.519742503915,38.336698866613
17.6568956483558,2,10,41,634.651802517981,1.73306437162806,5,0.0705923331474184,972.88262838317,402.982973667739,-0.0612729253429358,0,904.771241610768,0,1,1,113.742101690285,38.3741129503678
17.0875524893395,1,10,41,634.651802517981,2.4039933656269,4,0.0705923331474184,972.88262838317,402.982973667739,0,0,0,0,1,1,113.742101690285,38.3741129503678
100,2,10,41,634.651802517981,2.56559480959241,2,0.0705923331474184,972.88262838317,402.982973667739,0,0.0612729253429358,0,32.7918278040975,1,1,113.742101690285,38.3741129503678
0,3,10,42,102.290130306733,1.93094805398307,1,0.0673784262303574,1040.69477525485,398.822717369154,-0.0612729253429358,0,9414.36091579001,0,13587928459.9466,3,114.519742503915,38.336698866613
204.805435454947,2,10,41,634.651802517981,2.12772984916636,3,0.0705923331474184,972.88262838317,402.982973667739,-0.0612729253429358,0,723.429393616848,0,1,1,113.742101690285,38.3741129503678
238.37860719666,3,10,41,634.651802517981,2.3212534093614,4,0.0705923331474184,972.88262838317,402.982973667739,0,0.0612729253429353,0,85.9208561473148,1,1,113.742101690285,38.3741129503678
0,3,10,42,470.367487881128,2.29997897832236,4,0.0673784262303574,1026.06438345521,399.720287825821,-0.0612729253429353,0,1807.6049882171,0,10656348701.963,3,114.352033106974,38.3447709116581
272.038150983212,3,10,41,634.651802517981,2.58841157377709,2,0.0705923331474184,972.88262838317,402.982973667739,-0.0612729253429353,0,392.925014881934,0,1.1808541799108,1,113.742101690285,38.3741129503678
20.0003252794883,1,10,41,457.392656066015,2.21092106216005,4,0.0673784262303574,977.292892392735,402.712405200721,-0.0612729253429368,0,67.1073784214237,0.0668176514188389,883711172.938594,3,113.792700331627,38.3716796696851
105.020818498789,2,10,41,634.651802517981,2.58045907469999,2,0.0705923331474184,972.88262838317,402.982973667739,-0.0612729253429368,0,82.9455040784213,0,1,1,113.742101690285,38.3741129503678
468.302781142145,2,10,41,634.651802517981,2.16936804234985,4,0.0705923331474184,972.88262838317,402.982973667739,0,0,0,0,1,1,113.742101690285,38.3741129503678
250.394392375538,3,10,41,634.651802517981,2.16257364708823,4,0.0705923331474184,972.88262838317,402.982973667739,0,0,0,0,1,1,113.742101690285,38.3741129503678
9.40607963476784,2,10,41,634.651802517981,1.89974360767263,3,0.0705923331474184,972.88262838317,402.982973667739,0,0,0,0,1,1,113.742101690285,38.3741129503678
255.077034189343,3,10,41,634.651802517981,2.3129216982901,1,0.0705923331474184,972.88262838317,402.982973667739,0,0,0,0,1,1,113.742101690285,38.3741129503678
220.343781050087,2,10,41,634.651802517981,2.48720459969485,2,0.0705923331474184,972.88262838317,402.982973667739,0,0,0,0,1,1,113.742101690285,38.3741129503678
265.777006761025,3,10,41,634.651802517981,2.35134709197858,1,0.0705923331474184,972.88262838317,402.982973667739,0,0,0,0,1,1,113.742101690285,38.3741129503678
250.137387171462,3,10,41,634.651802517981,2.37560057923089,1,0.0705923331474184,972.88262838317,402.982973667739,0,0,0,0,1,1,113.742101690285,38.3741129503678
256.656234210731,3,10,41,634.651802517981,1.83998204084411,4,0.0705923331474184,972.88262838317,402.982973667739,0,0,0,0,1,1,113.742101690285,38.3741129503678
260.080630232095,3,10,41,634.651802517981,2.28133883406252,2,0.0705923331474184,972.88262838317,402.982973667739,0,0,0,0,1,1,113.742101690285,38.3741129503678
230.181434638234,3,10,41,634.651802517981,2.53967332079735,1,0.0705923331474184,972.88262838317,402.982973667739,0,0,0,0,1,1,113.742101690285,38.3741129503678
457.574985778599,2,10,41,634.651802517981,2.54281672077272,1,0.0705923331474184,972.88262838317,402.982973667739,0,0,0,0,1,1,113.742101690285,38.3741129503678
241.79219828405,3,10,41,634.651802517981,1.62986045144636,4,0.0705923331474184,972.88262838317,402.982973667739,0,0,0,0,1,1,113.742101690285,38.3741129503678
97.6707796947182,2,10,41,634.651802517981,2.16021802138142,2,0.0705923331474184,972.88262838317,402.982973667739,0,0,0,0,1,1,113.742101690285,38.3741129503678
311.000785583421,3,10,41,634.651802517981,2.58157731389787,1,0.0705923331474184,972.88262838317,402.982973667739,0,0,0,0,1,1,113.742101690285,38.3741129503678
254.649107447506,3,10,41,634.651802517981,2.58558252807721,1,0.0705923331474184,972.88262838317,402.982973667739,0,0,0,0,1,1,113.742101690285,38.3741129503678
11.3140881913518,2,10,41,634.651802517981,2.58816557927807,1,0.0705923331474184,972.88262838317,402.982973667739,0,0,0,0,1,1,113.742101690285,38.3741129503678
1.232093566602,2,10,41,634.651802517981,2.25033180126744,3,0.0705923331474184,972.88262838317,402.982973667739,0,0,0,0,1,1,113.742101690285,38.3741129503678
249.793191772715,3,10,41,634.651802517981,2.58799705509957,1,0.0705923331474184,972.88262838317,402.982973667739,0,0,0,0,1,1,113.742101690285,38.3741129503678
5.50733481443334,2,10,41,634.651802517981,2.23241100802034,3,0.0705923331474184,972.88262838317,402.982973667739,0,0,0,0,1,1,113.742101690285,38.3741129503678
9.70458190023741,2,10,41,634.651802517981,2.58736719120143,1,0.0705923331474184,972.88262838317,402.982973667739,0,0,0,0,1,1,113.742101690285,38.3741129503678
20.3449303656046,1,10,41,634.651802517981,2.58382793957365,1,0.00386168416614621,972.88262838317,402.982973667739,0,0,0,0,1,3,113.742101690285,38.3741129503678
264.071618086222,3,10,41,634.651802517981,1.98097296423728,2,0.0705923331474184,972.88262838317,402.982973667739,0,0,0,0,1,1,113.742101690285,38.3741129503678
99.7650655628478,2,10,41,634.651802517981,2.57042074637723,1,0.0705923331474184,972.88262838317,402.982973667739,0,0,0,0,1,1,113.742101690285,38.3741129503678
12.4752045029785,1,10,41,634.651802517981,2.56599964799725,1,0.00386168416614621,972.88262838317,402.982973667739,0,0,0,0,1,3,113.742101690285,38.3741129503678
13.8823393786904,2,10,41,634.651802517981,2.56242154940097,1,0.0705923331474184,972.88262838317,402.982973667739,0,0,0,0,1,1,113.742101690285,38.3741129503678
267.864144870789,3,10,41,634.651802517981,2.55378685143772,1,0.0705923331474184,972.88262838317,402.982973667739,0,0,0,0,1,1,113.742101690285,38.3741129503678
261.653448829716,3,10,41,634.651802517981,1.86320623271002,2,0.0705923331474184,972.88262838317,402.982973667739,0,0,0,0,1,1,113.742101690285,38.3741129503678
289.824744336275,3,10,41,634.651802517981,2.52089594612011,1,0.0705923331474184,972.88262838317,402.982973667739,0,0,0,0,1,1,113.742101690285,38.3741129503678
10.3994962231917,2,10,41,634.651802517981,2.51348717218403,1,0.0705923331474184,972.88262838317,402.982973667739,0,0,0,0,1,1,113.742101690285,38.3741129503678
232.464886626082,3,10,41,634.651802517981,1.81071446328593,2,0.0705923331474184,972.88262838317,402.982973667739,0,1.31438545479181,0,0.0633353412432795,1,1,113.742101690285,38.3741129503678
458.067717017746,2,10,41,587.992235119892,1.91613668650391,3,0.00386168416614621,973.221108220309,401.691963044459,-1.31438545479181,0,6.86325600906807,0.00226371080165902,266928981.534106,3,113.74428355453,38.3625026128979
251.256158098603,3,10,41,634.651802517981,2.36640469447967,1,0.0705923331474184,972.88262838317,402.982973667739,-1.31438545479181,0,8.4479995074269,0.239175450662286,2.03773359501882,1,113.742101690285,38.3741129503678
20.518907005743,1,10,41,508.115710987126,2.35435956993219,1,0.00386168416614621,973.873452596098,399.203828075182,-1.31438545479183,0,144.476827296554,0.618834092645659,781375045.177764,3,113.748485217753,38.3401262775348
258.038938661139,3,10,41,634.651802517981,2.34576782185253,1,0.0705923331474184,972.88262838317,402.982973667739,-1.31438545479183,0,204.720033564563,0,1,1,113.742101690285,38.3741129503678
267.318304383601,3,10,41,634.651802517981,2.2670296837547,1,0.0705923331474184,972.88262838317,402.982973667739,0,0,0,0,1,1,113.742101690285,38.3741129503678
221.100708211707,2,10,41,634.651802517981,2.42280644615697,2,0.0705923331474184,972.88262838317,402.982973667739,0,0,0,0,1,1,113.742101690285,38.3741129503678
238.796311215773,3,10,41,634.651802517981,2.35927854986225,2,0.0705923331474184,972.88262838317,402.982973667739,0,0,0,0,1,1,113.742101690285,38.3741129503678
257.614288059194,3,10,41,634.651802517981,2.35427793553344,2,0.0705923331474184,972.88262838317,402.982973667739,0,0,0,0,1,1,113.742101690285,38.3741129503678
248.062541584914,3,10,41,634.651802517981,2.10615305740221,1,0.0705923331474184,972.88262838317,402.982973667739,0,0,0,0,1,1,113.742101690285,38.3741129503678
460.795150002011,2,10,41,634.651802517981,1.85068123031231,8,0.0705923331474184,972.88262838317,402.982973667739,0,0,0,0,1,1,113.742101690285,38.3741129503678
269.602819209483,3,10,41,634.651802517981,2.01907930091308,1,0.0705923331474184,972.88262838317,402.982973667739,0,0,0,0,1,1,113.742101690285,38.3741129503678
256.87650436081,3,10,41,634.651802517981,1.92569452666472,8,0.0705923331474184,972.88262838317,402.982973667739,0,0,0,0,1,1,113.742101690285,38.3741129503678
86.2110261817627,2,10,41,634.651802517981,1.96532900931667,1,0.0705923331474184,972.88262838317,402.982973667739,0,0,0,0,1,1,113.742101690285,38.3741129503678
217.116967307608,2,10,41,634.651802517981,2.16564705315011,2,0.0705923331474184,972.88262838317,402.982973667739,0,0,0,0,1,1,113.742101690285,38.3741129503678
279.868925698458,3,10,41,634.651802517981,2.12616149379411,2,0.0705923331474184,972.88262838317,402.982973667739,0,0,0,0,1,1,113.742101690285,38.3741129503678
191.928955268796,3,10,41,634.651802517981,2.10252435406674,2,0.0705923331474184,972.88262838317,402.982973667739,0,0,0,0,1,1,113.742101690285,38.3741129503678
250.719182164422,3,10,41,634.651802517981,1.80911301009476,1,0.0705923331474184,972.88262838317,402.982973667739,0,0,0,0,1,1,113.742101690285,38.3741129503678
283.678479421088,3,10,41,634.651802517981,2.18320495044719,8,0.0705923331474184,972.88262838317,402.982973667739,0,0,0,0,1,1,113.742101690285,38.3741129503678
260.438238236792,3,10,41,634.651802517981,1.71662489383507,1,0.0705923331474184,972.88262838317,402.982973667739,0,0,0,0,1,1,113.742101690285,38.3741129503678
18.4379658051521,1,10,41,634.651802517981,1.90541261349925,2,0.0705923331474184,972.88262838317,402.982973667739,0,0,0,0,1,1,113.742101690285,38.3741129503678
261.510660334521,3,10,41,634.651802517981,2.21363223128747,8,0.0705923331474184,972.88262838317,402.982973667739,0,1.31438545479184,0,5.25252813318888,1,1,113.742101690285,38.3741129503678
0,3,10,41,331.896587898326,1.66519369528141,1,0.00386168416614621,978.792407052627,380.442230597222,-1.31438545479184,0,407.59990414693,0.510366304525706,4660517490.97884,3,113.780023672743,38.1713991778
266.06273491925,3,10,41,634.651802517981,1.84299502670953,2,0.0705923331474184,972.88262838317,402.982973667739,-1.31438545479184,0,512.639868993035,0,1,1,113.742101690285,38.3741129503678
7.95810987227722,2,10,41,634.651802517981,1.78564850584198,2,0.0705923331474184,972.88262838317,402.982973667739,0,0,0,0,1,1,113.742101690285,38.3741129503678
253.242438622162,3,10,41,634.651802517981,2.32908386896612,8,0.0705923331474184,972.88262838317,402.982973667739,0,0,0,0,1,1,113.742101690285,38.3741129503678
256.374355407283,3,10,41,634.651802517981,2.29780885187118,8,0.0705923331474184,972.88262838317,402.982973667739,0,0,0,1.01338958554095,1,1,113.742101690285,38.3741129503678
270.61878277165,3,9,41,500.565135013008,1.85466753813107,6,0.0705923331474184,975.814083763773,411.28698730337,1.23143656784415,0,83.2683894318677,0.448783780237862,1,1,113.787129599733,38.4487927391514
244.26080656894,3,9,41,353.258953234777,2.53547806178266,7,0.0705923331474184,977.387557268304,415.744208628785,1.23143656784413,0,254.132399330722,0,1,1,113.811326196273,38.4888774935545
255.67060307848,3,9,41,187.512972307009,1.88684502408913,6,0.0766109156027634,980.789948760123,425.382255835224,1.23143656784415,0,224.9626505694,2.42968026992474,1.47478570906334,1,113.863713580551,38.5755545344707
0,3,10,41,438.723200487616,2.17574544813569,8,0.00386168416614621,980.414208007133,374.25644925553,1.56344712267636,0,622.367633901477,0,10225437456.7305,3,113.790366349589,38.1157691096993
40.5869531565435,2,9,41,187.512972307009,2.0817100515508,8,0.0766109156027634,980.789948760123,425.382255835224,1.56344712267636,1.56344712267636,258.233746459578,0,1,1,113.863713580551,38.5755545344707
221.841501290543,3,9,41,187.512972307009,2.0404674046037,6,0.0766109156027634,980.789948760123,425.382255835224,0,0,0,0,1,1,113.863713580551,38.5755545344707
276.442589336049,3,9,41,187.512972307009,2.58849252092354,7,0.0766109156027634,980.789948760123,425.382255835224,0,0,0,0,1,1,113.863713580551,38.5755545344707
243.954100572965,3,9,41,187.512972307009,2.03395355509549,8,0.0766109156027634,980.789948760123,425.382255835224,0,0,0,0,1,1,113.863713580551,38.5755545344707
38.0617033899766,2,9,41,187.512972307009,2.58512003558488,7,0.0766109156027634,980.789948760123,425.382255835224,0,0,0,0,1,1,113.863713580551,38.5755545344707
254.029686099275,3,9,41,187.512972307009,2.58169368076585,7,0.0766109156027634,980.789948760123,425.382255835224,0,0,0,0,1,1,113.863713580551,38.5755545344707
257.539985559061,3,9,41,187.512972307009,2.14124394600962,6,0.0766109156027634,980.789948760123,425.382255835224,0,0,0,0,1,1,113.863713580551,38.5755545344707
262.138750756257,3,9,41,187.512972307009,1.90568677710138,8,0.0766109156027634,980.789948760123,425.382255835224,0,1.53715272345313,0,0.995426743509183,1,1,113.863713580551,38.5755545344707
0,3,11,41,217.04806691118,2.51453878959838,7,0.00386168416614621,982.819410087349,365.082663712088,-1.53715272345313,0,444.683855153752,0.923143661470591,12066746907.9206,3,113.805654143848,38.0332672742264
41.7415256458524,2,9,41,187.512972307009,2.49948397281094,7,0.0766109156027634,980.789948760123,425.382255835224,-1.53715272345313,0,895.584274144172,0,1,1,113.863713580551,38.5755545344707
248.898716327005,3,9,41,187.512972307009,2.3338408971458,6,0.0766109156027634,980.789948760123,425.382255835224,0,0,0,0,1,1,113.863713580551,38.5755545344707
260.639170106894,3,9,41,187.512972307009,2.36549756792438,6,0.0766109156027634,980.789948760123,425.382255835224,0,0,0,0,1,1,113.863713580551,38.5755545344707
256.862622191798,3,9,41,187.512972307009,1.7211961068625,8,0.0766109156027634,980.789948760123,425.382255835224,0,0,0,0,1,1,113.863713580551,38.5755545344707
241.581869432606,3,9,41,187.512972307009,2.40540110886485,6,0.0766109156027634,980.789948760123,425.382255835224,0,0,0,0,1,1,113.863713580551,38.5755545344707
207.668486697119,2,9,41,187.512972307009,2.37520008345127,7,0.0766109156027634,980.789948760123,425.382255835224,0,0,0,0,1,1,113.863713580551,38.5755545344707
256.207166344168,3,9,41,187.512972307009,2.45102268342582,6,0.0766109156027634,980.789948760123,425.382255835224,0,0,0,0,1,1,113.863713580551,38.5755545344707
272.026747563562,3,9,41,187.512972307009,1.77354673780823,5,0.0766109156027634,980.789948760123,425.382255835224,0,0,0,0,1,1,113.863713580551,38.5755545344707
8.52316600510697,2,9,41,187.512972307009,2.47153246393527,8,0.0766109156027634,980.789948760123,425.382255835224,0,0,0,0,1,1,113.863713580551,38.5755545344707
269.51467327279,3,9,41,187.512972307009,2.55170089446584,6,0.0766109156027634,980.789948760123,425.382255835224,0,0,0,0,1,1,113.863713580551,38.5755545344707
20.9809805347073,1,9,41,187.512972307009,2.20875685083007,7,0.0766109156027634,980.789948760123,425.382255835224,0,0,0,0,1,1,113.863713580551,38.5755545344707
92.3788143616305,2,9,41,187.512972307009,2.56301119677451,6,0.0766109156027634,980.789948760123,425.382255835224,0,0,0,0,1,1,113.863713580551,38.5755545344707
193.436738820726,3,9,41,187.512972307009,2.13081693940564,7,0.0766109156027634,980.789948760123,425.382255835224,0,0,0,0,1,1,113.863713580551,38.5755545344707
96.008430683029,2,9,41,187.512972307009,2.08639161039411,7,0.0766109156027634,980.789948760123,425.382255835224,0,1.49176905920588,0,1.83649266951763,1,1,113.863713580551,38.5755545344707
0,3,11,41,92.8698160166085,2.58572965302519,6,0.00386168416614621,986.753498966423,350.077484736758,-1.49176905920588,0,584.981369121944,0,15108107070.3849,3,113.830528821379,37.8983224576945
264.47456628455,3,9,41,187.512972307009,1.90882948214612,7,0.0766109156027634,980.789948760123,425.382255835224,-1.49176905920588,0,339.58213470783,0,1,1,113.863713580551,38.5755545344707
255.990619372877,3,9,41,187.512972307009,2.08897188948047,8,0.0766109156027634,980.789948760123,425.382255835224,0,0,0,0,1,1,113.863713580551,38.5755545344707
275.252122245766,3,9,41,187.512972307009,2.50774689374745,6,0.0766109156027634,980.789948760123,425.382255835224,0,0,0,0,1,1,113.863713580551,38.5755545344707
271.361896957666,3,9,41,187.512972307009,1.59444832579151,4,0.0766109156027634,980.789948760123,425.382255835224,0,0,0,0,1,1,113.863713580551,38.5755545344707
38.7493704672552,2,9,41,187.512972307009,2.45603660138221,6,0.0766109156027634,980.789948760123,425.382255835224,0,0,0,0,1,1,113.863713580551,38.5755545344707
270.024198914202,3,9,41,187.512972307009,2.37335684516733,5,0.0766109156027634,980.789948760123,425.382255835224,0,0,0,0,1,1,113.863713580551,38.5755545344707
262.476839194779,3,9,41,187.512972307009,2.43495164010584,5,0.0766109156027634,980.789948760123,425.382255835224,0,0,0,0,1,1,113.863713580551,38.5755545344707
96.6646776180603,2,9,41,187.512972307009,2.44892820952575,5,0.0766109156027634,980.789948760123,425.382255835224,0,0,0,0,1,1,113.863713580551,38.5755545344707
229.113282095956,2,9,41,187.512972307009,2.35615711872357,6,0.0766109156027634,980.789948760123,425.382255835224,0,0,0,0,1,1,113.863713580551,38.5755545344707
254.533900723146,3,9,41,187.512972307009,1.60797441877083,7,0.0766109156027634,980.789948760123,425.382255835224,0,0,0,0,1,1,113.863713580551,38.5755545344707
220.494372607672,2,9,41,187.512972307009,2.49889422263056,5,0.0766109156027634,980.789948760123,425.382255835224,0,1.12713563983364,0,6.14761998512191,1,1,113.863713580551,38.5755545344707
20.176904987303,1,11,41,338.630681299355,1.83321917150649,4,0.0235152193398604,1012.62755662891,358.392421745377,-1.12713563983364,0,1829.89293552854,0.880227416356039,14834110888.3438,3,114.13922075693,37.9731004827316
258.311525599691,3,9,41,187.512972307009,1.84214310221089,4,0.0766109156027634,980.789948760123,425.382255835224,-1.12713563983364,0,1958.33380507781,0,1,1,113.863713580551,38.5755545344707
96.5353393000332,2,9,41,187.512972307009,2.43802288621367,7,0.0766109156027634,980.789948760123,425.382255835224,0,0,0,0,1,1,113.863713580551,38.5755545344707
225.869799412933,2,9,41,187.512972307009,2.39520824484665,7,0.0766109156027634,980.789948760123,425.382255835224,0,0,0,0,1,1,113.863713580551,38.5755545344707
243.356790984913,3,9,41,187.512972307009,2.57059686156335,5,0.0766109156027634,980.789948760123,425.382255835224,0,0,0,0,1,1,113.863713580551,38.5755545344707
462.61339827187,2,9,41,187.512972307009,2.57709708631646,5,0.0766109156027634,980.789948760123,425.382255835224,0,0,0,0,1,1,113.863713580551,38.5755545344707
17.3283658654257,1,9,41,187.512972307009,2.58547434896902,5,0.0766109156027634,980.789948760123,425.382255835224,0,0,0,0,1,1,113.863713580551,38.5755545344707
99.5493386791912,2,9,41,187.512972307009,2.03360727811907,4,0.0766109156027634,980.789948760123,425.382255835224,0,0,0,0,1,1,113.863713580551,38.5755545344707
248.498079111624,3,9,41,187.512972307009,2.22174861033666,7,0.0766109156027634,980.789948760123,425.382255835224,0,0,0,0,1,1,113.863713580551,38.5755545344707
222.621714498274,2,9,41,187.512972307009,2.13283349602349,4,0.0766109156027634,980.789948760123,425.382255835224,0,0,0,0,1,1,113.863713580551,38.5755545344707
257.689210297327,3,9,41,187.512972307009,2.5749188414839,5,0.0766109156027634,980.789948760123,425.382255835224,0,0,0,0,1,1,113.863713580551,38.5755545344707
265.551168597639,3,9,41,187.512972307009,2.57190629450235,5,0.0766109156027634,980.789948760123,425.382255835224,0,0,0,0,1,1,113.863713580551,38.5755545344707
252.016876149516,3,9,41,187.512972307009,2.18003762676344,4,0.0766109156027634,980.789948760123,425.382255835224,0,0,0,0,1,1,113.863713580551,38.5755545344707
259.194517977635,3,9,41,187.512972307009,2.56005127968322,5,0.0766109156027634,980.789948760123,425.382255835224,0,0,0,0,1,1,113.863713580551,38.5755545344707
264.450152869198,3,9,41,187.512972307009,2.22988218765753,4,0.0766109156027634,980.789948760123,425.382255835224,0,0,0,0,1,1,113.863713580551,38.5755545344707
291.994772376953,3,9,41,187.512972307009,2.27181686524703,4,0.0766109156027634,980.789948760123,425.382255835224,0,0.583103171857439,0,14.5758839544265,1,1,113.863713580551,38.5755545344707
0,3,10,42,67.3322462728469,1.81774523518029,6,0.0791561761245473,1046.87500163216,381.79171610065,-0.583103171857439,0,4561.95932909886,0,15833343762.392,3,114.566581273817,38.183535392501
255.136068038625,3,9,41,187.512972307009,1.99370780711943,7,0.0766109156027634,980.789948760123,425.382255835224,-0.583103171857439,0,1122.83583127796,0,1,1,113.863713580551,38.5755545344707
236.167602449782,3,9,41,187.512972307009,2.47272936843525,5,0.0766109156027634,980.789948760123,425.382255835224,0,0.583103171857439,0,29.191349139556,1,1,113.863713580551,38.5755545344707
0,3,10,42,67.3322462728469,2.45320176765566,5,0.0791561761245473,1046.87500163216,381.79171610065,-0.583103171857439,0,5260.78344263421,0,15833343762.392,3,114.566581273817,38.183535392501
221.127529295616,2,9,41,187.512972307009,1.93788685520487,7,0.0766109156027634,980.789948760123,425.382255835224,-0.583103171857439,0,1746.02471640427,0,1,1,113.863713580551,38.5755545344707
217.945979928261,2,9,41,187.512972307009,2.37724937092499,4,0.0766109156027634,980.789948760123,425.382255835224,0,0,0,0,1,1,113.863713580551,38.5755545344707
244.569751344971,3,9,41,187.512972307009,1.66473408006769,3,0.0766109156027634,980.789948760123,425.382255835224,0,0,0,0,1,1,113.863713580551,38.5755545344707
279.919554612021,3,9,41,187.512972307009,2.43059522814234,4,0.0766109156027634,980.789948760123,425.382255835224,0,0,0,0,1,1,113.863713580551,38.5755545344707
14.2251457664303,2,9,41,187.512972307009,2.30853483593709,5,0.0766109156027634,980.789948760123,425.382255835224,0,0,0,0,1,1,113.863713580551,38.5755545344707
220.225840264473,2,9,41,187.512972307009,2.27497143051784,5,0.0766109156027634,980.789948760123,425.382255835224,0,0,0,0,1,1,113.863713580551,38.5755545344707
260.589969958316,3,9,41,187.512972307009,2.44179801868692,6,0.0766109156027634,980.789948760123,425.382255835224,0,0,0,0,1,1,113.863713580551,38.5755545344707
284.886137218412,3,9,41,187.512972307009,1.72048760287644,7,0.0766109156027634,980.789948760123,425.382255835224,0,1.44286970266125,0,277.777206766598,1,1,113.863713580551,38.5755545344707
0,3,14,41,110.189661660041,2.4104308051066,6,0.0791561761245473,1001.85242787189,261.636387241383,-1.44286970266125,0,9088.07716997548,0,33018986966.8256,3,113.881944091856,37.102952559407
263.504605303661,3,9,41,187.512972307009,2.41869339616516,6,0.0766109156027634,980.789948760123,425.382255835224,-1.44286970266125,0.0426073699528555,5469.37306593849,10.2899498178641,21.0562567412985,1,113.863713580551,38.5755545344707
19.7177062759768,1,14,41,66.2480809447027,2.55820106750969,4,0.0791561761245473,996.106210362342,246.300998859702,-1.48547707261411,0,6587.55368132623,0,35947007925.2226,3,113.795635702039,36.965038098339
217.131036142285,2,9,41,187.512972307009,2.17173147076081,5,0.0766109156027634,980.789948760123,425.382255835224,-1.48547707261411,0,1785.58703149991,0,1,1,113.863713580551,38.5755545344707
16.109435621954,2,9,41,187.512972307009,2.33814556990454,6,0.0766109156027634,980.789948760123,425.382255835224,0,0,0,0,1,1,113.863713580551,38.5755545344707
259.834575473046,3,9,41,187.512972307009,2.10095377428611,5,0.0766109156027634,980.789948760123,425.382255835224,0,0,0,0,1,1,113.863713580551,38.5755545344707
98.1818741041467,2,9,41,187.512972307009,2.06555763876522,5,0.0766109156027634,980.789948760123,425.382255835224,0,0,0,0,1,1,113.863713580551,38.5755545344707
17.3171279512778,2,9,41,187.512972307009,2.05008605641234,5,0.0766109156027634,980.789948760123,425.382255835224,0,0,0,0,1,1,113.863713580551,38.5755545344707
259.679457482724,3,9,41,187.512972307009,2.04078191126906,5,0.0766109156027634,980.789948760123,425.382255835224,0,0,0,0,1,1,113.863713580551,38.5755545344707
225.441737368912,2,9,41,187.512972307009,2.58445006411244,4,0.0766109156027634,980.789948760123,425.382255835224,0,0,0,0,1,1,113.863713580551,38.5755545344707
249.894325539338,3,9,41,187.512972307009,1.99619671532011,5,0.0766109156027634,980.789948760123,425.382255835224,0,0,0,0,1,1,113.863713580551,38.5755545344707
253.877546310658,3,9,41,187.512972307009,2.58011781960351,4,0.0766109156027634,980.789948760123,425.382255835224,0,0,0,0,1,1,113.863713580551,38.5755545344707
244.927870814109,3,9,41,187.512972307009,2.57943620983536,4,0.0766109156027634,980.789948760123,425.382255835224,0,0,0,0,1,1,113.863713580551,38.5755545344707
296.104124105613,3,9,41,187.512972307009,1.92796415222281,5,0.0766109156027634,980.789948760123,425.382255835224,0,0,0,0,1,1,113.863713580551,38.5755545344707
9.51782452839553,2,9,41,187.512972307009,2.56127983370653,4,0.0766109156027634,980.789948760123,425.382255835224,0,0,0,0,1,1,113.863713580551,38.5755545344707
252.311740071415,3,9,41,187.512972307009,2.19753619357075,3,0.0766109156027634,980.789948760123,425.382255835224,0,0,0,0,1,1,113.863713580551,38.5755545344707
19.30477235697,1,9,41,187.512972307009,2.24194415475574,3,0.0766109156027634,980.789948760123,425.382255835224,0,0,0,0,1,1,113.863713580551,38.5755545344707
228.046272763401,3,9,41,187.512972307009,2.26253379484842,3,0.0766109156027634,980.789948760123,425.382255835224,0,0,0,0,1,1,113.863713580551,38.5755545344707
41.4483542087155,2,9,41,187.512972307009,1.98390301363492,6,0.0766109156027634,980.789948760123,425.382255835224,0,0,0,0,1,1,113.863713580551,38.5755545344707
251.084420074056,3,9,41,187.512972307009,1.69731375581748,5,0.0766109156027634,980.789948760123,425.382255835224,0,0,0,0,1,1,113.863713580551,38.5755545344707
235.613690343989,3,9,41,187.512972307009,1.68554956332901,2,0.0766109156027634,980.789948760123,425.382255835224,0,0,0,0,1,1,113.863713580551,38.5755545344707
273.033823418294,3,9,41,187.512972307009,1.85070773350195,6,0.0766109156027634,980.789948760123,425.382255835224,0,0,0,0,1,1,113.863713580551,38.5755545344707
463.608369961328,2,9,41,187.512972307009,2.44379924896649,3,0.0766109156027634,980.789948760123,425.382255835224,0,0,0,2.84354881344734,1,1,113.863713580551,38.5755545344707
233.981014558965,2,10,41,631.099300473684,2.46961436120697,5,0.0766109156027634,970.935527034271,398.866856088709,1.21496675373722,0,187.191983939191,318.688418174951,1.00053822402831,1,113.71410108881,38.3370958156545
0,3,25,38,734.122379144408,2.24227171950342,4,0.0791561761245473,864.602383273336,-104.653739407028,1.36267487931482,0,173557.33551212,0,29.5323886399507,3,111.886745152203,33.8088263101107
262.95799549668,3,11,40,377.088096771204,1.87682296327236,2,0.0766109156027634,959.187502057871,367.256317474955,1.3729869605261,0.158020206788882,4034.03881990397,0,1.11810365853069,1,113.536679330229,38.0528154121538
98.938971564368,2,11,40,237.685441622,2.57534482781119,3,0.0766109156027634,949.772897963917,341.924339815476,1.21496675373722,0,275.799296169942,0,1,1,113.395235409095,37.8249994638556
261.200933718681,3,12,40,286.125089741548,2.59177778737488,3,0.0383567124994562,948.395133596948,338.217174244225,1.21496675373722,1.21496675373722,43.8845125991249,0,1,1,113.374591107369,37.7916601229061
190.872973718067,3,12,40,286.125089741548,2.60111507593734,3,0.0383567124994562,948.395133596948,338.217174244225,0,0,0,0,1,1,113.374591107369,37.7916601229061
221.988028468935,2,12,40,286.125089741548,2.07550634043571,4,0.0383567124994562,948.395133596948,338.217174244225,0,0,0,0,1,1,113.374591107369,37.7916601229061
11.742335824059,2,12,40,286.125089741548,2.03520450187732,4,0.0383567124994562,948.395133596948,338.217174244225,0,0,0,0,1,1,113.374591107369,37.7916601229061
253.198164805164,3,12,40,286.125089741548,1.98231135933457,4,0.0383567124994562,948.395133596948,338.217174244225,0,0,0,0,1,1,113.374591107369,37.7916601229061
260.335887529966,3,12,40,286.125089741548,2.58125927444038,3,0.0383567124994562,948.395133596948,338.217174244225,0,0,0,0,1,1,113.374591107369,37.7916601229061
257.472474728399,3,12,40,286.125089741548,1.92741285339601,4,0.0383567124994562,948.395133596948,338.217174244225,0,0,0,140.010448151613,1,1,113.374591107369,37.7916601229061
24.8433255447072,1,31,37,136.293341904687,2.32746695713385,2,0.0791561761245473,787.362958615796,-310.78874448344,1.32758665710926,0,14923.2334142636,95.3784092959554,133737062016.885,3,110.824776466582,31.9550096720969
18.8503350603111,1,12,40,286.125089741548,1.89345625145116,4,0.0383567124994562,948.395133596948,338.217174244225,1.32758665710926,0.00407045927789307,30308.7267540701,0,55.5335358770517,1,113.374591107369,37.7916601229061
0,3,31,37,272.459215610441,1.98052945486121,5,0.0791561761245473,778.759059112238,-333.75065643069,1.32351619783137,0,10831.0393220204,53.9145342485541,138609835614.726,3,110.709194181302,31.7485082368232
302.927158511798,3,12,40,286.125089741548,2.53551755881876,3,0.0383567124994562,948.395133596948,338.217174244225,1.32351619783137,1.32351619783137,23250.4869050771,0,1,1,113.374591107369,37.7916601229061
263.721904683943,3,12,40,286.125089741548,1.83022805779265,4,0.0383567124994562,948.395133596948,338.217174244225,0,0,0,0,1,1,113.374591107369,37.7916601229061
103.363393117365,2,12,40,286.125089741548,1.79146206810517,4,0.0383567124994562,948.395133596948,338.217174244225,0,0,0,0,1,1,113.374591107369,37.7916601229061
267.831329641087,3,12,40,286.125089741548,1.74446353611892,4,0.0383567124994562,948.395133596948,338.217174244225,0,0,0,0,1,1,113.374591107369,37.7916601229061
261.010972592417,3,12,40,286.125089741548,1.65455704611059,1,0.0383567124994562,948.395133596948,338.217174244225,0,0,0,0,1,1,113.374591107369,37.7916601229061
100.825373980767,2,12,40,286.125089741548,1.70198281090138,1,0.0383567124994562,948.395133596948,338.217174244225,0,0,0,0,1,1,113.374591107369,37.7916601229061
290.451038021315,3,12,40,286.125089741548,2.39682617568534,3,0.0383567124994562,948.395133596948,338.217174244225,0,0,0,0,1,1,113.374591107369,37.7916601229061
98.2565075053824,2,12,40,286.125089741548,1.84673674553738,5,0.0383567124994562,948.395133596948,338.217174244225,0,0,0,0,1,1,113.374591107369,37.7916601229061
228.648412162439,2,12,40,286.125089741548,2.34682026679256,3,0.0383567124994562,948.395133596948,338.217174244225,0,0,0,0,1,1,113.374591107369,37.7916601229061
11.0165785367471,2,12,40,286.125089741548,2.52388410162727,2,0.0383567124994562,948.395133596948,338.217174244225,0,0,0,0,1,1,113.374591107369,37.7916601229061
9.87622201705894,2,12,40,286.125089741548,2.53290069957128,2,0.0383567124994562,948.395133596948,338.217174244225,0,0,0,0,1,1,113.374591107369,37.7916601229061
248.215119971783,3,12,40,286.125089741548,1.68564870381245,5,0.0383567124994562,948.395133596948,338.217174244225,0,0,0,0,1,1,113.374591107369,37.7916601229061
0.396091944708665,2,12,40,286.125089741548,2.39976953614427,4,0.0383567124994562,948.395133596948,338.217174244225,0,0,0,0,1,1,113.374591107369,37.7916601229061
20.7381419057034,1,12,40,286.125089741548,2.57869849821321,2,0.0383567124994562,948.395133596948,338.217174244225,0,0,0,0,1,1,113.374591107369,37.7916601229061
97.9671564656084,2,12,40,286.125089741548,2.14490458522117,3,0.0383567124994562,948.395133596948,338.217174244225,0,0,0,60.2540677428094,1,1,113.374591107369,37.7916601229061
0,3,35,36,75.920695974771,2.23040605348154,4,0.0499525707961066,735.182705237203,-450.046343083828,1.30663371822693,0,16415.8089928247,0,163317961334.013,3,110.132154868955,30.702636
239.542540617853,3,12,40,286.125089741548,2.60199176871357,2,0.0383567124994562,948.395133596948,338.217174244225,1.30663371822693,0,8143.26316895839,7.19857432853174,163317961334.013,1,113.374591107369,37.7916601229061
20.8184833578909,1,35,36,75.920695974771,2.22858024513062,1,0.0499525707961066,735.182705237203,-450.046343083828,1.30663371822693,0,10741.9531867287,0,163317961334.013,3,110.132154868955,30.702636
255.416498944551,3,12,40,286.125089741548,2.1906099456795,4,0.0383567124994562,948.395133596948,338.217174244225,1.30663371822693,1.30663371822693,9333.35285317764,0,1,1,113.374591107369,37.7916601229061
217.639030076427,3,12,40,286.125089741548,2.15364276313262,1,0.0383567124994562,948.395133596948,338.217174244225,0,0,0,0,1,1,113.374591107369,37.7916601229061
0,2,12,40,286.125089741548,2.18322188202894,1,0.0383567124994562,948.395133596948,338.217174244225,0,0,0,0,1,1,113.374591107369,37.7916601229061
458.03473358517,2,12,40,286.125089741548,2.57310386176849,2,0.0383567124994562,948.395133596948,338.217174244225,0,0,0,0,1,1,113.374591107369,37.7916601229061
240.845959517673,3,12,40,286.125089741548,2.10171416822301,4,0.0383567124994562,948.395133596948,338.217174244225,0,0,0,0,1,1,113.374591107369,37.7916601229061
21.7858677030907,1,12,40,286.125089741548,2.55315025751018,2,0.0383567124994562,948.395133596948,338.217174244225,0,0,0,0,1,1,113.374591107369,37.7916601229061
259.989244904251,3,12,40,286.125089741548,2.52978855829287,2,0.0383567124994562,948.395133596948,338.217174244225,0,0,0,0,1,1,113.374591107369,37.7916601229061
290.232240358351,3,12,40,286.125089741548,1.79731811815179,3,0.0383567124994562,948.395133596948,338.217174244225,0,0,0,0,1,1,113.374591107369,37.7916601229061
12.3922816040402,2,12,40,286.125089741548,1.99118608889379,4,0.0383567124994562,948.395133596948,338.217174244225,0,0,0,0,1,1,113.374591107369,37.7916601229061
260.608902774944,3,12,40,286.125089741548,2.35055374898816,1,0.0383567124994562,948.395133596948,338.217174244225,0,0,0,0,1,1,113.374591107369,37.7916601229061
235.035079729251,3,12,40,286.125089741548,2.46552471720368,2,0.0383567124994562,948.395133596948,338.217174244225,0,0,0,0,1,1,113.374591107369,37.7916601229061
257.851212756074,3,12,40,286.125089741548,2.43539878618253,1,0.0383567124994562,948.395133596948,338.217174244225,0,0,0,0,1,1,113.374591107369,37.7916601229061
15.3481748997872,1,12,40,286.125089741548,1.63998716746293,3,0.0383567124994562,948.395133596948,338.217174244225,0,0,0,290.714865003045,1,1,113.374591107369,37.7916601229061
0,3,35,36,75.920695974771,2.58796264769457,1,0.0499525707961066,735.182705237203,-450.046343083828,1.30663371822693,0,53777.4092616769,0,163317961334.013,3,110.132154868955,30.702636
41.4565657811593,2,12,40,286.125089741548,2.49816811672772,1,0.0383567124994562,948.395133596948,338.217174244225,1.30663371822693,1.30663371822693,8475.85889308374,0,1,1,113.374591107369,37.7916601229061
2.7947554051907,2,12,40,286.125089741548,2.52685478808392,1,0.0383567124994562,948.395133596948,338.217174244225,0,0,0,0,1,1,113.374591107369,37.7916601229061
277.635820836013,3,12,40,286.125089741548,2.53057248396133,1,0.0383567124994562,948.395133596948,338.217174244225,0,0,0,0,1,1,113.374591107369,37.7916601229061
298.294289182662,3,12,40,286.125089741548,2.53523078066732,1,0.0383567124994562,948.395133596948,338.217174244225,0,0,0,0,1,1,113.374591107369,37.7916601229061
217.872840124265,2,12,40,286.125089741548,2.25928614985551,2,0.0383567124994562,948.395133596948,338.217174244225,0,0,0,0,1,1,113.374591107369,37.7916601229061
96.1947411828338,2,12,40,286.125089741548,2.24708442905393,2,0.0383567124994562,948.395133596948,338.217174244225,0,0,0,0,1,1,113.374591107369,37.7916601229061
7.39445834086607,2,12,40,286.125089741548,2.22969635391314,2,0.0383567124994562,948.395133596948,338.217174244225,0,0,0,0,1,1,113.374591107369,37.7916601229061
257.426194994567,3,12,40,286.125089741548,2.60168203537729,1,0.0383567124994562,948.395133596948,338.217174244225,0,0,0,0,1,1,113.374591107369,37.7916601229061
261.64595126963,3,12,40,286.125089741548,2.60110122105393,1,0.0383567124994562,948.395133596948,338.217174244225,0,0,0,0,1,1,113.374591107369,37.7916601229061
256.701982744588,3,12,40,286.125089741548,2.2172096685038,3,0.0383567124994562,948.395133596948,338.217174244225,0,0,0,0,1,1,113.374591107369,37.7916601229061
98.4833528739278,2,12,40,286.125089741548,2.59771185538863,1,0.0383567124994562,948.395133596948,338.217174244225,0,0,0,0,1,1,113.374591107369,37.7916601229061
7.37772461718194,2,12,40,286.125089741548,2.17931238714413,3,0.0383567124994562,948.395133596948,338.217174244225,0,0,0,0,1,1,113.374591107369,37.7916601229061
251.660057347114,3,12,40,286.125089741548,2.57579125567547,1,0.0383567124994562,948.395133596948,338.217174244225,0,0,0,0,1,1,113.374591107369,37.7916601229061
260.462509979724,3,12,40,286.125089741548,2.12111864200282,3,0.0383567124994562,948.395133596948,338.217174244225,0,0,0,107.405119013704,1,1,113.374591107369,37.7916601229061
39.7824469076523,2,35,36,75.920695974771,2.51417425813912,1,0.0499525707961066,735.182705237203,-450.046343083828,1.30663371822693,0,9500.01886432664,0.827691361237881,163317961334.013,3,110.132154868955,30.702636
251.501005584608,3,12,40,286.125089741548,2.03480863244305,3,0.0383567124994562,948.395133596948,338.217174244225,1.30663371822693,1.30663371822693,9756.14294343741,0,1,1,113.374591107369,37.7916601229061
11.8371532920304,2,12,40,286.125089741548,2.46822903192122,1,0.0383567124994562,948.395133596948,338.217174244225,0,0,0,0,1,1,113.374591107369,37.7916601229061
101.321733114163,2,12,40,286.125089741548,1.9448274779999,3,0.0383567124994562,948.395133596948,338.217174244225,0,0.537325624532324,0,2.18108655189851,1,1,113.374591107369,37.7916601229061
249.614040455919,3,12,40,294.112056517797,2.43075905733232,1,0.0383567124994562,955.997463148809,333.687705446112,-0.537325624532324,0,112.120714772452,0.0913761769687709,1,1,113.455801515827,37.7509256313713
96.9052877041864,2,12,40,494.497261029664,1.66579206881218,2,0.0383567124994562,964.670757077608,328.52015595232,-0.537325624532324,0,138.084164998039,0,1,1,113.548336526778,37.7044527422771
7.12161310375597,2,12,41,594.324612509313,1.84122022087281,3,0.0383567124994562,970.213960251363,325.21751488081,-0.537325624532325,0,138.084164998038,0,1,1,113.607412103063,37.6747513775551
219.83001117258,2,12,41,161.931791042578,1.59185305435577,2,0.0383567124994562,982.326122115152,318.001087486354,-0.537325624532332,0,138.084164998038,0,1,1,113.736319667791,37.6098524868213
248.237102306098,3,12,41,113.326551984869,2.45693410647109,2,0.0383567124994562,993.288238275815,311.469857450573,-0.537325624532325,0,138.084164998039,0,1,1,113.852780066897,37.5511157239773
273.385590001764,3,12,41,142.116398543138,2.27239989818103,1,0.0383567124994562,995.445899744022,310.184322506255,-0.537325624532337,0,138.084164998036,0,1,1,113.875679626198,37.5395546304714
227.205364573178,2,12,41,245.247774594051,2.25160951199739,1,0.0822582381055504,1000.03313301984,307.451248406959,-0.537325624532321,0,123.23054682522,0,1,1,113.924339192925,37.5149755045907
18.729012037058,1,12,41,245.247774594051,1.70916127626577,8,0.0822582381055504,1000.03313301984,307.451248406959,0,0,0,0,1,1,113.924339192925,37.5149755045907
269.649812308076,3,12,41,245.247774594051,1.72887316669337,8,0.0822582381055504,1000.03313301984,307.451248406959,0,0,0,0,1,1,113.924339192925,37.5149755045907
102.233053359085,2,12,41,245.247774594051,2.33389653018106,2,0.0822582381055504,1000.03313301984,307.451248406959,0,0,0,0,1,1,113.924339192925,37.5149755045907
96.2717446336317,2,12,41,245.247774594051,2.11893714192227,1,0.0822582381055504,1000.03313301984,307.451248406959,0,0,0,0,1,1,113.924339192925,37.5149755045907
253.885520594079,3,12,41,245.247774594051,2.097624298024,1,0.0822582381055504,1000.03313301984,307.451248406959,0,0,0,0,1,1,113.924339192925,37.5149755045907
270.025918857955,3,12,41,245.247774594051,2.01984006804127,1,0.0822582381055504,1000.03313301984,307.451248406959,0,0,0,0,1,1,113.924339192925,37.5149755045907
262.416505109391,3,12,41,245.247774594051,2.14032590449247,2,0.0822582381055504,1000.03313301984,307.451248406959,0,0,0,0,1,1,113.924339192925,37.5149755045907
264.393824878703,3,12,41,245.247774594051,2.10560079376326,2,0.0822582381055504,1000.03313301984,307.451248406959,0,0,0,0,1,1,113.924339192925,37.5149755045907
219.01168427826,2,12,41,245.247774594051,2.09572908689072,8,0.0822582381055504,1000.03313301984,307.451248406959,0,0,0,0,1,1,113.924339192925,37.5149755045907
263.237424974413,3,12,41,245.247774594051,1.77607810262861,1,0.0822582381055504,1000.03313301984,307.451248406959,0,0,0,0,1,1,113.924339192925,37.5149755045907
263.119187291656,3,12,41,245.247774594051,2.18613081865912,8,0.0822582381055504,1000.03313301984,307.451248406959,0,0,0,0,1,1,113.924339192925,37.5149755045907
247.360164208865,3,12,41,245.247774594051,1.6936534019509,1,0.0822582381055504,1000.03313301984,307.451248406959,0,0,0,0,1,1,113.924339192925,37.5149755045907
221.042579038674,2,12,41,245.247774594051,2.23876473815236,8,0.0822582381055504,1000.03313301984,307.451248406959,0,0,0,0,1,1,113.924339192925,37.5149755045907
257.484778082184,3,12,41,245.247774594051,2.30539858447925,8,0.0822582381055504,1000.03313301984,307.451248406959,0,0,0,0,1,1,113.924339192925,37.5149755045907
219.377126882418,2,12,41,245.247774594051,2.3141743485991,8,0.0822582381055504,1000.03313301984,307.451248406959,0,0,0,0,1,1,113.924339192925,37.5149755045907
217.811690038629,2,12,41,245.247774594051,1.77050867994895,2,0.0822582381055504,1000.03313301984,307.451248406959,0,0,0,0,1,1,113.924339192925,37.5149755045907
258.038938661139,3,12,41,245.247774594051,2.52719077464757,7,0.0822582381055504,1000.03313301984,307.451248406959,0,0,0,0,1,1,113.924339192925,37.5149755045907
214.571547505679,2,12,41,245.247774594051,2.54959099635733,7,0.0822582381055504,1000.03313301984,307.451248406959,0,0,0,0.142537617475986,1,1,113.924339192925,37.5149755045907
110.538726970149,2,12,41,167.301782677036,1.95855949503388,6,0.0822582381055504,1003.03216458865,312.437342742754,1.02928995746672,0,44.3129703808255,0.435554824760988,1,1,113.965483928089,37.5598165282439
251.841642739168,3,12,41,454.609529626591,2.58427832741651,7,0.0794142384526346,1013.93719518877,330.567699179345,1.02928995746673,1.02928995746673,250.199519311745,0,1,1,114.115440738764,37.7228667409083
95.0592283827919,2,12,41,454.609529626591,2.03005030792644,6,0.0794142384526346,1013.93719518877,330.567699179345,0,0,0,0,1,1,114.115440738764,37.7228667409083
222.845135612818,2,12,41,454.609529626591,2.04104872633544,6,0.0794142384526346,1013.93719518877,330.567699179345,0,0,0,0,1,1,114.115440738764,37.7228667409083
102.854235423156,2,12,41,454.609529626591,2.58868326933399,7,0.0794142384526346,1013.93719518877,330.567699179345,0,0,0,0,1,1,114.115440738764,37.7228667409083
292.800181867232,3,12,41,454.609529626591,2.01885624228102,8,0.0794142384526346,1013.93719518877,330.567699179345,0,0,0,0,1,1,114.115440738764,37.7228667409083
10.6818411948773,2,12,41,454.609529626591,2.01543999145965,8,0.0794142384526346,1013.93719518877,330.567699179345,0,0,0,0,1,1,114.115440738764,37.7228667409083
241.698477477348,3,12,41,454.609529626591,2.58174553747018,7,0.0794142384526346,1013.93719518877,330.567699179345,0,0,0,0,1,1,114.115440738764,37.7228667409083
260.348229616715,3,12,41,454.609529626591,2.5696599089133,7,0.0794142384526346,1013.93719518877,330.567699179345,0,0,0,0,1,1,114.115440738764,37.7228667409083
38.5437763488622,2,12,41,454.609529626591,2.55353629075805,7,0.0794142384526346,1013.93719518877,330.567699179345,0,0,0,0,1,1,114.115440738764,37.7228667409083
255.501789740511,3,12,41,454.609529626591,2.24504852111865,6,0.0794142384526346,1013.93719518877,330.567699179345,0,0,0,0,1,1,114.115440738764,37.7228667409083
26.5916323980856,2,12,41,454.609529626591,2.52498056602869,7,0.0794142384526346,1013.93719518877,330.567699179345,0,0,0,0,1,1,114.115440738764,37.7228667409083
213.367025098727,2,12,41,454.609529626591,2.32987294709289,6,0.0794142384526346,1013.93719518877,330.567699179345,0,0,0,0,1,1,114.115440738764,37.7228667409083
42.2007285384066,2,12,41,454.609529626591,2.35439722959201,6,0.0794142384526346,1013.93719518877,330.567699179345,0,0,0,102.077579376296,1,1,114.115440738764,37.7228667409083
0,3,35,36,75.920695974771,2.51750470238465,6,0.0499525707961066,735.182705237203,-450.046343083828,1.22781355962521,0,19869.4516095689,0,165778448375.729,3,110.132154868955,30.702636
248.696642599702,3,12,41,454.609529626591,2.47527204859582,6,0.0794142384526346,1013.93719518877,330.567699179345,1.22781355962521,0,3266.57908198988,11.5647199384454,165778448375.729,1,114.115440738764,37.7228667409083
0,3,35,36,75.920695974771,2.62193801360463,6,0.0499525707961066,735.182705237203,-450.046343083828,1.22781355962521,0,13830.9227042157,29.7659273609909,165778448375.729,3,110.132154868955,30.702636
268.484051273799,3,12,41,454.609529626591,2.2860925394216,7,0.0794142384526346,1013.93719518877,330.567699179345,1.22781355962521,1.22781355962521,20252.9010813765,0,1,1,114.115440738764,37.7228667409083
102.101471378028,2,12,41,454.609529626591,2.5405599998388,6,0.0794142384526346,1013.93719518877,330.567699179345,0,0,0,0,1,1,114.115440738764,37.7228667409083
19.972921435243,1,12,41,454.609529626591,2.55579121053746,6,0.0794142384526346,1013.93719518877,330.567699179345,0,0,0,0,1,1,114.115440738764,37.7228667409083
10.5132304003301,2,12,41,454.609529626591,1.94209514999139,5,0.0794142384526346,1013.93719518877,330.567699179345,0,0,0,0,1,1,114.115440738764,37.7228667409083
265.403538241118,3,12,41,454.609529626591,2.33957543974724,8,0.0794142384526346,1013.93719518877,330.567699179345,0,0,0,0,1,1,114.115440738764,37.7228667409083
238.304057838317,3,12,41,454.609529626591,2.29577944900183,8,0.0794142384526346,1013.93719518877,330.567699179345,0,0,0,0,1,1,114.115440738764,37.7228667409083
119.376948605201,2,12,41,454.609529626591,2.01759937874871,5,0.0794142384526346,1013.93719518877,330.567699179345,0,0,0,0,1,1,114.115440738764,37.7228667409083
254.300839601694,3,12,41,454.609529626591,2.02687830202672,5,0.0794142384526346,1013.93719518877,330.567699179345,0,0,0,0,1,1,114.115440738764,37.7228667409083
264.951478292445,3,12,41,454.609529626591,2.58455194868373,6,0.0794142384526346,1013.93719518877,330.567699179345,0,0,0,0,1,1,114.115440738764,37.7228667409083
260.183688395854,3,12,41,454.609529626591,2.58061048881902,6,0.0794142384526346,1013.93719518877,330.567699179345,0,0,0,0,1,1,114.115440738764,37.7228667409083
258.748130459005,3,12,41,454.609529626591,2.11408964425528,8,0.0794142384526346,1013.93719518877,330.567699179345,0,0,0,0,1,1,114.115440738764,37.7228667409083
457.869148007516,2,12,41,454.609529626591,1.88477398086495,7,0.0794142384526346,1013.93719518877,330.567699179345,0,0,0,0,1,1,114.115440738764,37.7228667409083
101.51673349929,2,12,41,454.609529626591,2.29473400794747,5,0.0794142384526346,1013.93719518877,330.567699179345,0,0,0,0,1,1,114.115440738764,37.7228667409083
253.228149813536,3,12,41,454.609529626591,1.67641379542518,4,0.0794142384526346,1013.93719518877,330.567699179345,0,0,0,0,1,1,114.115440738764,37.7228667409083
6.40431092821709,2,12,41,454.609529626591,1.73952366363764,4,0.0794142384526346,1013.93719518877,330.567699179345,0,0,0,0,1,1,114.115440738764,37.7228667409083
246.963596295196,3,12,41,454.609529626591,2.4611353950438,5,0.0794142384526346,1013.93719518877,330.567699179345,0,0,0,0,1,1,114.115440738764,37.7228667409083
262.389825843259,3,12,41,454.609529626591,1.75993227478353,4,0.0794142384526346,1013.93719518877,330.567699179345,0,0,0,0,1,1,114.115440738764,37.7228667409083
18.6686442296008,2,12,41,454.609529626591,2.50274964017709,5,0.0794142384526346,1013.93719518877,330.567699179345,0,0,0,0,1,1,114.115440738764,37.7228667409083
26.6418168647452,2,12,41,454.609529626591,2.43478049660331,7,0.0794142384526346,1013.93719518877,330.567699179345,0,0,0,0,1,1,114.115440738764,37.7228667409083
7.49437109561516,2,12,41,454.609529626591,2.25190997541792,6,0.0794142384526346,1013.93719518877,330.567699179345,0,0,0,0,1,1,114.115440738764,37.7228667409083
249.082262309228,3,12,41,454.609529626591,1.71027106496713,8,0.0794142384526346,1013.93719518877,330.567699179345,0,0,0,0,1,1,114.115440738764,37.7228667409083
4.74895398452806,2,12,41,454.609529626591,1.96106827825874,4,0.0794142384526346,1013.93719518877,330.567699179345,0,0,0,0,1,1,114.115440738764,37.7228667409083
5.11180565286658,2,12,41,454.609529626591,2.57796851946979,5,0.0794142384526346,1013.93719518877,330.567699179345,0,0,0,0,1,1,114.115440738764,37.7228667409083
103.17814964305,2,12,41,454.609529626591,2.58024781254516,5,0.0794142384526346,1013.93719518877,330.567699179345,0,0,0,0,1,1,114.115440738764,37.7228667409083
12.3819883027805,2,12,41,454.609529626591,2.00106919736798,4,0.0794142384526346,1013.93719518877,330.567699179345,0,0,0,0,1,1,114.115440738764,37.7228667409083
251.705986553616,3,12,41,454.609529626591,2.07840158982906,6,0.0794142384526346,1013.93719518877,330.567699179345,0,0,0,0,1,1,114.115440738764,37.7228667409083
96.9641888144559,2,12,41,454.609529626591,2.04377927113748,6,0.0794142384526346,1013.93719518877,330.567699179345,0,0,0,0.689335070972089,1,1,114.115440738764,37.7228667409083
262.522627793944,3,12,41,826.882572911401,2.09134884128422,4,0.0794142384526346,1018.51996720478,337.694706610699,0.999347224487929,0,170.289076304369,0.645357100692185,1,1,114.177931608651,37.7869614585939
95.6243019393157,2,11,42,179.202863861196,2.56294588566305,5,0.0794142384526346,1036.95074801525,366.357775893431,0.999347224487936,0,285.891258429498,0,1,1,114.430162462399,38.044734633573
274.911462320536,3,11,42,236.652601027903,2.56075685000216,5,0.0794142384526346,1039.36963599951,370.119567354846,0.99934722448791,0,285.891258429504,0,1,1,114.463373639649,38.0785652369551
35.7224399203054,2,10,42,121.690453201693,2.55670604525204,5,0.0794142384526346,1044.97470296841,378.83642121557,0.999347224487945,0,285.891258429496,0,1,1,114.540427124371,38.1569577870809
274.96890879787,3,10,42,67.3322462728469,2.55314921430677,5,0.0436423010164591,1046.87500163216,381.79171610065,0.99934722448791,0.99934722448791,168.469111821752,0,1,1,114.566581273817,38.183535392501
5.61839355389421,2,10,42,67.3322462728469,2.18695083136315,4,0.0436423010164591,1046.87500163216,381.79171610065,0,0,0,0,1,1,114.566581273817,38.183535392501
23.3060729071015,1,10,42,67.3322462728469,1.89838944862475,6,0.0436423010164591,1046.87500163216,381.79171610065,0,0,0,0,1,1,114.566581273817,38.183535392501
259.768430217152,3,10,42,67.3322462728469,2.53348626366461,5,0.0436423010164591,1046.87500163216,381.79171610065,0,0,0,0,1,1,114.566581273817,38.183535392501
457.214411911687,2,10,42,67.3322462728469,2.52729829309499,5,0.0436423010164591,1046.87500163216,381.79171610065,0,0,0,0,1,1,114.566581273817,38.183535392501
121.374758983793,2,10,42,67.3322462728469,2.51555570954842,5,0.0436423010164591,1046.87500163216,381.79171610065,0,0,0,0,1,1,114.566581273817,38.183535392501
33.3895379503689,2,10,42,67.3322462728469,2.25417303779933,4,0.0436423010164591,1046.87500163216,381.79171610065,0,0,0,0,1,1,114.566581273817,38.183535392501
252.612622904574,3,10,42,67.3322462728469,1.8173226306493,6,0.0436423010164591,1046.87500163216,381.79171610065,0,0,0,0,1,1,114.566581273817,38.183535392501
235.333123693853,3,10,42,67.3322462728469,2.48132838475487,5,0.0436423010164591,1046.87500163216,381.79171610065,0,0,0,0,1,1,114.566581273817,38.183535392501
36.8146001833837,2,10,42,67.3322462728469,2.47712623306178,5,0.0436423010164591,1046.87500163216,381.79171610065,0,0,0,0,1,1,114.566581273817,38.183535392501
262.441650603135,3,10,42,67.3322462728469,2.44819820871644,5,0.0436423010164591,1046.87500163216,381.79171610065,0,0,0,0,1,1,114.566581273817,38.183535392501
256.047833023561,3,10,42,67.3322462728469,2.42983054194918,5,0.0436423010164591,1046.87500163216,381.79171610065,0,0,0,0,1,1,114.566581273817,38.183535392501
240.383380352782,3,10,42,67.3322462728469,1.68772492339275,6,0.0436423010164591,1046.87500163216,381.79171610065,0,0,0,0,1,1,114.566581273817,38.183535392501
195.034822756989,3,10,42,67.3322462728469,2.44033769848402,4,0.0436423010164591,1046.87500163216,381.79171610065,0,0,0,0,1,1,114.566581273817,38.183535392501
262.069792724977,3,10,42,67.3322462728469,1.75591850428636,3,0.0436423010164591,1046.87500163216,381.79171610065,0,0,0,0,1,1,114.566581273817,38.183535392501
10.4447135453602,2,10,42,67.3322462728469,2.3043844859725,5,0.0436423010164591,1046.87500163216,381.79171610065,0,0,0,0,1,1,114.566581273817,38.183535392501
278.859346558579,3,10,42,67.3322462728469,1.7721020296067,7,0.0436423010164591,1046.87500163216,381.79171610065,0,0,0,0,1,1,114.566581273817,38.183535392501
6.78026785576834,2,10,42,67.3322462728469,2.51390714882054,4,0.0436423010164591,1046.87500163216,381.79171610065,0,0,0,0,1,1,114.566581273817,38.183535392501
5.19939775672472,2,10,42,67.3322462728469,2.36231027859788,6,0.0436423010164591,1046.87500163216,381.79171610065,0,0,0,0,1,1,114.566581273817,38.183535392501
233.364441171608,3,10,42,67.3322462728469,2.13783315296107,5,0.0436423010164591,1046.87500163216,381.79171610065,0,0,0,79.7318072007791,1,1,114.566581273817,38.183535392501
0,3,35,36,75.920695974771,2.01494063684662,5,0.0499525707961066,735.182705237203,-450.046343083828,1.21228598106527,0,20898.8864444199,0,177663349550.746,3,110.132154868955,30.702636
21.1469863575013,1,10,42,67.3322462728469,2.07603634247507,5,0.0436423010164591,1046.87500163216,381.79171610065,1.21228598106527,1.21228598106527,10842.1622639083,0,1,1,114.566581273817,38.183535392501
271.957256380605,3,10,42,67.3322462728469,2.05059324278384,3,0.0436423010164591,1046.87500163216,381.79171610065,0,0,0,0,1,1,114.566581273817,38.183535392501
256.036893757085,3,10,42,67.3322462728469,2.23341117257956,6,0.0436423010164591,1046.87500163216,381.79171610065,0,0,0,0,1,1,114.566581273817,38.183535392501
7.66742495676452,2,10,42,67.3322462728469,2.08650443433728,3,0.0436423010164591,1046.87500163216,381.79171610065,0,0,0,0,1,1,114.566581273817,38.183535392501
466.07627468566,2,10,42,67.3322462728469,1.97157845787221,5,0.0436423010164591,1046.87500163216,381.79171610065,0,0,0,0,1,1,114.566581273817,38.183535392501
259.430295814243,3,10,42,67.3322462728469,2.14097769061737,3,0.0436423010164591,1046.87500163216,381.79171610065,0,0,0,0,1,1,114.566581273817,38.183535392501
98.280720868631,2,10,42,67.3322462728469,1.95506872842962,5,0.0436423010164591,1046.87500163216,381.79171610065,0,0,0,0,1,1,114.566581273817,38.183535392501
98.6793996162057,2,10,42,67.3322462728469,2.10307538984997,6,0.0436423010164591,1046.87500163216,381.79171610065,0,0,0,0,1,1,114.566581273817,38.183535392501
9.80898690575856,2,10,42,67.3322462728469,2.05283380209616,6,0.0436423010164591,1046.87500163216,381.79171610065,0,0,0,0,1,1,114.566581273817,38.183535392501
255.305689774581,3,10,42,67.3322462728469,2.50232370918185,4,0.0436423010164591,1046.87500163216,381.79171610065,0,0,0,0,1,1,114.566581273817,38.183535392501
249.504494364672,3,10,42,67.3322462728469,2.28730353605821,3,0.0436423010164591,1046.87500163216,381.79171610065,0,0,0,0,1,1,114.566581273817,38.183535392501
262.748199014722,3,10,42,67.3322462728469,1.78384583663016,5,0.0436423010164591,1046.87500163216,381.79171610065,0,0,0,0,1,1,114.566581273817,38.183535392501
231.861169745489,3,10,42,67.3322462728469,2.45085649442765,4,0.0436423010164591,1046.87500163216,381.79171610065,0,0,0,0,1,1,114.566581273817,38.183535392501
256.769526142857,3,10,42,67.3322462728469,1.74286929397216,5,0.0436423010164591,1046.87500163216,381.79171610065,0,0,0,0,1,1,114.566581273817,38.183535392501
99.4821927617076,2,10,42,67.3322462728469,1.91896997189211,6,0.0436423010164591,1046.87500163216,381.79171610065,0,0,0,0,1,1,114.566581273817,38.183535392501
263.091301440445,3,10,42,67.3322462728469,1.70636698041834,5,0.0436423010164591,1046.87500163216,381.79171610065,0,0,0,88.4875771951691,1,1,114.566581273817,38.183535392501
19.9994141964347,1,35,36,75.920695974771,1.73795789771351,6,0.0499525707961066,735.182705237203,-450.046343083828,1.21228598106527,0,7795.88589397272,115.544597767816,177663349550.746,3,110.132154868955,30.702636
8.30476780929533,2,10,42,67.3322462728469,1.64309398762208,5,0.0436423010164591,1046.87500163216,381.79171610065,1.21228598106527,1.21228598106527,55193.2862330804,0,1,1,114.566581273817,38.183535392501
252.029253724906,3,10,42,67.3322462728469,2.45976391429245,3,0.0436423010164591,1046.87500163216,381.79171610065,0,0,0,0,1,1,114.566581273817,38.183535392501
14.4691341573363,2,10,42,67.3322462728469,2.3182827231562,4,0.0436423010164591,1046.87500163216,381.79171610065,0,0,0,0,1,1,114.566581273817,38.183535392501
266.357314403647,3,10,42,67.3322462728469,2.41066634878253,5,0.0436423010164591,1046.87500163216,381.79171610065,0,0,0,0,1,1,114.566581273817,38.183535392501
263.002753965188,3,10,42,67.3322462728469,2.54090213356898,3,0.0436423010164591,1046.87500163216,381.79171610065,0,0,0,0,1,1,114.566581273817,38.183535392501
259.596512681201,3,10,42,67.3322462728469,2.55508531891689,3,0.0436423010164591,1046.87500163216,381.79171610065,0,0,0,0,1,1,114.566581273817,38.183535392501
264.474093878754,3,10,42,67.3322462728469,2.56820796281423,3,0.0436423010164591,1046.87500163216,381.79171610065,0,0,0,0,1,1,114.566581273817,38.183535392501
19.1709535775798,1,10,42,67.3322462728469,2.09417467688939,4,0.0436423010164591,1046.87500163216,381.79171610065,0,0,0,0,1,1,114.566581273817,38.183535392501
262.886450148877,3,10,42,67.3322462728469,2.27672708768392,5,0.0436423010164591,1046.87500163216,381.79171610065,0,0,0,0,1,1,114.566581273817,38.183535392501
252.661460295236,3,10,42,67.3322462728469,2.08669546365828,2,0.0436423010164591,1046.87500163216,381.79171610065,0,0,0,0,1,1,114.566581273817,38.183535392501
8.77382053922475,2,10,42,67.3322462728469,2.56646807119828,3,0.0436423010164591,1046.87500163216,381.79171610065,0,0,0,0,1,1,114.566581273817,38.183535392501
262.304498641221,3,10,42,67.3322462728469,2.15188997171183,5,0.0436423010164591,1046.87500163216,381.79171610065,0,0,0,0,1,1,114.566581273817,38.183535392501
20.3680745129203,1,10,42,67.3322462728469,1.90468492521404,4,0.0436423010164591,1046.87500163216,381.79171610065,0,0,0,0,1,1,114.566581273817,38.183535392501
264.960177183091,3,10,42,67.3322462728469,2.53452654323985,3,0.0436423010164591,1046.87500163216,381.79171610065,0,0,0,0,1,1,114.566581273817,38.183535392501
105.846599322225,2,10,42,67.3322462728469,2.23004794597107,2,0.0436423010164591,1046.87500163216,381.79171610065,0,0,0,0,1,1,114.566581273817,38.183535392501
44.6492443570918,2,10,42,67.3322462728469,2.28089330528733,2,0.0436423010164591,1046.87500163216,381.79171610065,0,0,0,0,1,1,114.566581273817,38.183535392501
22.5119865025147,1,10,42,67.3322462728469,1.95633552037922,5,0.0436423010164591,1046.87500163216,381.79171610065,0,0,0,0,1,1,114.566581273817,38.183535392501
220,2,10,42,67.3322462728469,2.37001716405719,2,0.0436423010164591,1046.87500163216,381.79171610065,0,0,0,0,1,1,114.566581273817,38.183535392501
264.300286947822,3,10,42,67.3322462728469,1.68821931335564,4,0.0436423010164591,1046.87500163216,381.79171610065,0,0,0,0,1,1,114.566581273817,38.183535392501
256.775078923058,3,10,42,67.3322462728469,2.37193522372097,3,0.0436423010164591,1046.87500163216,381.79171610065,0,0,0,0,1,1,114.566581273817,38.183535392501
232.166139177815,3,10,42,67.3322462728469,1.62538623428026,4,0.0436423010164591,1046.87500163216,381.79171610065,0,0,0,0,1,1,114.566581273817,38.183535392501
241.095569812468,3,10,42,67.3322462728469,1.77618533246468,1,0.0436423010164591,1046.87500163216,381.79171610065,0,0,0,0,1,1,114.566581273817,38.183535392501
259.474163502893,3,10,42,67.3322462728469,2.30475941530977,3,0.0436423010164591,1046.87500163216,381.79171610065,0,0,0,0,1,1,114.566581273817,38.183535392501
101.160266439589,2,10,42,67.3322462728469,2.51384076135477,2,0.0436423010164591,1046.87500163216,381.79171610065,0,0,0,0,1,1,114.566581273817,38.183535392501
15.532938725369,2,10,42,67.3322462728469,2.55065613181369,2,0.0436423010164591,1046.87500163216,381.79171610065,0,0,0,0,1,1,114.566581273817,38.183535392501
220.845630788834,2,10,42,67.3322462728469,1.60631047173598,5,0.0436423010164591,1046.87500163216,381.79171610065,0,0,0,0,1,1,114.566581273817,38.183535392501
98.6189207369083,2,10,42,67.3322462728469,2.56716324539894,2,0.0436423010164591,1046.87500163216,381.79171610065,0,0,0,0,1,1,114.566581273817,38.183535392501
5.4498274888029,2,10,42,67.3322462728469,2.57472192947545,2,0.0436423010164591,1046.87500163216,381.79171610065,0,0,0,0,1,1,114.566581273817,38.183535392501
219.281717835064,2,10,42,67.3322462728469,2.05950334764504,3,0.0436423010164591,1046.87500163216,381.79171610065,0,0,0,0,1,1,114.566581273817,38.183535392501
259.806914460153,3,10,42,67.3322462728469,2.05644994515249,3,0.0436423010164591,1046.87500163216,381.79171610065,0,0,0,0,1,1,114.566581273817,38.183535392501
93.0305924630363,2,10,42,67.3322462728469,2.56963806486378,2,0.0436423010164591,1046.87500163216,381.79171610065,0,0,0,0,1,1,114.566581273817,38.183535392501
201.409088921362,3,10,42,67.3322462728469,2.18237566232203,4,0.0436423010164591,1046.87500163216,381.79171610065,0,0,0,0,1,1,114.566581273817,38.183535392501
242.201999639453,3,10,42,67.3322462728469,2.18061607884936,4,0.0436423010164591,1046.87500163216,381.79171610065,0,0,0,0,1,1,114.566581273817,38.183535392501
225.747921630442,2,10,42,67.3322462728469,2.16846201544084,1,0.0436423010164591,1046.87500163216,381.79171610065,0,0,0,0,1,1,114.566581273817,38.183535392501
222.689579468804,2,10,42,67.3322462728469,1.84089007561477,3,0.0436423010164591,1046.87500163216,381.79171610065,0,0,0,0,1,1,114.566581273817,38.183535392501
258.632496738573,3,10,42,67.3322462728469,2.33501914894431,1,0.0436423010164591,1046.87500163216,381.79171610065,0,0,0,0,1,1,114.566581273817,38.183535392501
254.606785712754,3,10,42,67.3322462728469,1.91880962206528,4,0.0436423010164591,1046.87500163216,381.79171610065,0,0,0,0,1,1,114.566581273817,38.183535392501
20.9448021653031,1,10,42,67.3322462728469,2.42246588466558,2,0.0436423010164591,1046.87500163216,381.79171610065,0,0,0,0,1,1,114.566581273817,38.183535392501
269.799273746715,3,10,42,67.3322462728469,1.65272857157695,3,0.0436423010164591,1046.87500163216,381.79171610065,0,0,0,0,1,1,114.566581273817,38.183535392501
223.406482341039,2,10,42,67.3322462728469,1.8284887177557,4,0.0436423010164591,1046.87500163216,381.79171610065,0,0,0,0,1,1,114.566581273817,38.183535392501
98.4004164709296,2,10,42,67.3322462728469,2.31489358890006,2,0.0436423010164591,1046.87500163216,381.79171610065,0,0,0,0,1,1,114.566581273817,38.183535392501
17.6392709047611,1,10,42,67.3322462728469,2.28788215283823,2,0.0436423010164591,1046.87500163216,381.79171610065,0,0,0,0,1,1,114.566581273817,38.183535392501
11.4475885605553,2,10,42,67.3322462728469,2.50457272878898,1,0.0436423010164591,1046.87500163216,381.79171610065,0,0,0,0,1,1,114.566581273817,38.183535392501
281.396646533992,3,10,42,67.3322462728469,2.40453345897171,3,0.0436423010164591,1046.87500163216,381.79171610065,0,0,0,0,1,1,114.566581273817,38.183535392501
243.791321781626,3,10,42,67.3322462728469,2.39342472995395,3,0.0436423010164591,1046.87500163216,381.79171610065,0,0,0,0,1,1,114.566581273817,38.183535392501
270.433389913972,3,10,42,67.3322462728469,2.5444979064432,1,0.0436423010164591,1046.87500163216,381.79171610065,0,0,0,0,1,1,114.566581273817,38.183535392501
21.4579107583994,1,10,42,67.3322462728469,2.36357999851091,3,0.0436423010164591,1046.87500163216,381.79171610065,0,0,0,0,1,1,114.566581273817,38.183535392501
460.165687515026,2,10,42,67.3322462728469,2.1470641291173,2,0.0436423010164591,1046.87500163216,381.79171610065,0,0,0,0,1,1,114.566581273817,38.183535392501
254.827999097077,3,10,42,67.3322462728469,2.56720251458117,1,0.0436423010164591,1046.87500163216,381.79171610065,0,0,0,0,1,1,114.566581273817,38.183535392501
8.09817221300008,2,10,42,67.3322462728469,2.1078834732609,2,0.0436423010164591,1046.87500163216,381.79171610065,0,0,0,0,1,1,114.566581273817,38.183535392501
96.7727875936804,2,10,42,67.3322462728469,2.57518158931862,1,0.0436423010164591,1046.87500163216,381.79171610065,0,0,0,0,1,1,114.566581273817,38.183535392501
259.223680300777,3,10,42,67.3322462728469,2.02136896375021,2,0.0436423010164591,1046.87500163216,381.79171610065,0,0,0,0,1,1,114.566581273817,38.183535392501
101.932659670392,2,10,42,67.3322462728469,2.56342064839579,1,0.0436423010164591,1046.87500163216,381.79171610065,0,0,0,0,1,1,114.566581273817,38.183535392501
261.393658354321,3,10,42,67.3322462728469,2.55670333415668,1,0.0436423010164591,1046.87500163216,381.79171610065,0,0,0,0,1,1,114.566581273817,38.183535392501
267.49593204586,3,10,42,67.3322462728469,2.55454799808557,1,0.0436423010164591,1046.87500163216,381.79171610065,0,0,0,127.834730904861,1,1,114.566581273817,38.183535392501
17.9049571934,1,17,39,331.234196429676,1.88217798852012,2,0.0499525707961066,901.03796914016,136.535329772229,1.03433402675461,0,5909.19288345474,0,57068076919.0446,3,112.581446746919,35.977891720354
5.1465343905036,2,10,42,67.3322462728469,2.52469602286248,1,0.0436423010164591,1046.87500163216,381.79171610065,1.03433402675461,1.03433402675461,3180.00536265228,0,1,1,114.566581273817,38.183535392501
6.28394048794171,2,10,42,67.3322462728469,2.05179343092387,3,0.0436423010164591,1046.87500163216,381.79171610065,0,0,0,0,1,1,114.566581273817,38.183535392501
19.4014285419386,1,10,42,67.3322462728469,2.00571590827756,3,0.0436423010164591,1046.87500163216,381.79171610065,0,0,0,0,1,1,114.566581273817,38.183535392501
39.1101464704563,2,10,42,67.3322462728469,1.70907451001003,2,0.0436423010164591,1046.87500163216,381.79171610065,0,0,0,0,1,1,114.566581273817,38.183535392501
266.309481250191,3,10,42,67.3322462728469,2.41143712675125,1,0.0436423010164591,1046.87500163216,381.79171610065,0,0,0,0,1,1,114.566581273817,38.183535392501
266.695768390683,3,10,42,67.3322462728469,1.85477344780568,3,0.0436423010164591,1046.87500163216,381.79171610065,0,0,0,0,1,1,114.566581273817,38.183535392501
255.846819788907,3,10,42,67.3322462728469,1.84664033519369,3,0.0436423010164591,1046.87500163216,381.79171610065,0,0,0,0,1,1,114.566581273817,38.183535392501
19.3517410530058,1,10,42,67.3322462728469,2.33895523888174,1,0.0436423010164591,1046.87500163216,381.79171610065,0,0,0,0,1,1,114.566581273817,38.183535392501
8.51658399748004,2,10,42,67.3322462728469,2.29822190211143,1,0.0436423010164591,1046.87500163216,381.79171610065,0,0,0,0,1,1,114.566581273817,38.183535392501
40.6766097613814,2,10,42,67.3322462728469,2.26449236357427,1,0.0436423010164591,1046.87500163216,381.79171610065,0,0,0,0,1,1,114.566581273817,38.183535392501
267.413321689927,3,10,42,67.3322462728469,2.24446300010307,1,0.0436423010164591,1046.87500163216,381.79171610065,0,0,0,0,1,1,114.566581273817,38.183535392501
7.51990386492885,2,10,42,67.3322462728469,1.67275970580237,3,0.0436423010164591,1046.87500163216,381.79171610065,0,0,0,0,1,1,114.566581273817,38.183535392501
256.741776177102,3,10,42,67.3322462728469,1.64172544784431,3,0.0436423010164591,1046.87500163216,381.79171610065,0,0,0,0,1,1,114.566581273817,38.183535392501
252.428149255441,3,10,42,67.3322462728469,2.07064512401129,1,0.0436423010164591,1046.87500163216,381.79171610065,0,0,0,0,1,1,114.566581273817,38.183535392501
259.087533866655,3,10,42,67.3322462728469,2.02273416679781,1,0.0436423010164591,1046.87500163216,381.79171610065,0,0,0,0,1,1,114.566581273817,38.183535392501
15.7896809367273,2,10,42,67.3322462728469,2.01336735600114,1,0.0436423010164591,1046.87500163216,381.79171610065,0,0,0,0,1,1,114.566581273817,38.183535392501
254.501360043912,3,10,42,67.3322462728469,2.00595011686346,1,0.0436423010164591,1046.87500163216,381.79171610065,0,0,0,0,1,1,114.566581273817,38.183535392501
9.83629360873474,2,10,42,67.3322462728469,1.97557873542593,1,0.0436423010164591,1046.87500163216,381.79171610065,0,0,0,0,1,1,114.566581273817,38.183535392501
37.5922383952148,2,10,42,67.3322462728469,1.9350510855319,8,0.0436423010164591,1046.87500163216,381.79171610065,0,0,0,0,1,1,114.566581273817,38.183535392501
453.406626614925,2,10,42,67.3322462728469,2.11596833431811,2,0.0436423010164591,1046.87500163216,381.79171610065,0,0,0,0,1,1,114.566581273817,38.183535392501
249.005988562189,3,10,42,67.3322462728469,1.89190529160854,1,0.0436423010164591,1046.87500163216,381.79171610065,0,0,0,0,1,1,114.566581273817,38.183535392501
8.08479666005429,2,10,42,67.3322462728469,2.0116245343317,8,0.0436423010164591,1046.87500163216,381.79171610065,0,0,0,0,1,1,114.566581273817,38.183535392501
98.4382026767405,2,10,42,67.3322462728469,2.04473878238334,8,0.0436423010164591,1046.87500163216,381.79171610065,0,0,0,0,1,1,114.566581273817,38.183535392501
252.727516723325,3,10,42,67.3322462728469,2.02195073383747,2,0.0436423010164591,1046.87500163216,381.79171610065,0,0.663938780328826,0,7.49509619760392,1,1,114.566581273817,38.183535392501
0,3,9,41,152.483512115977,2.10040755838513,8,0.0499525707961066,984.240679188033,430.799037161069,-0.663938780328826,0,1839.10060930431,0,15905691893.8528,3,113.911033157644,38.6242688192794
256.411988020357,3,10,42,67.3322462728469,1.8974404380545,2,0.0436423010164591,1046.87500163216,381.79171610065,-0.663938780328826,0,387.375782064059,0,1,1,114.566581273817,38.183535392501
9.96027260588197,2,10,42,67.3322462728469,2.23291608638417,8,0.0436423010164591,1046.87500163216,381.79171610065,0,0,0,0,1,1,114.566581273817,38.183535392501
249.983972407133,3,10,42,67.3322462728469,2.26700977617713,8,0.0436423010164591,1046.87500163216,381.79171610065,0,0,0,0,1,1,114.566581273817,38.183535392501
215.006331220606,2,10,42,67.3322462728469,1.57224321880343,1,0.0436423010164591,1046.87500163216,381.79171610065,0,0,0,0,1,1,114.566581273817,38.183535392501
219.497008876887,2,10,42,67.3322462728469,2.29231832063505,8,0.0436423010164591,1046.87500163216,381.79171610065,0,0,0,0,1,1,114.566581273817,38.183535392501
244.366315152094,3,10,42,67.3322462728469,2.22833432196668,8,0.0436423010164591,1046.87500163216,381.79171610065,0,0,0,0,1,1,114.566581273817,38.183535392501
215.994161497839,2,10,42,67.3322462728469,1.89663146181076,6,0.0436423010164591,1046.87500163216,381.79171610065,0,0,0,0,1,1,114.566581273817,38.183535392501
258.379815480506,3,10,42,67.3322462728469,2.54333785850891,7,0.0436423010164591,1046.87500163216,381.79171610065,0,0,0,0,1,1,114.566581273817,38.183535392501
260.179771093041,3,10,42,67.3322462728469,2.55767594346519,7,0.0436423010164591,1046.87500163216,381.79171610065,0,0,0,0,1,1,114.566581273817,38.183535392501
12.7904470648417,2,10,42,67.3322462728469,2.11887674617719,8,0.0436423010164591,1046.87500163216,381.79171610065,0,0,0,0,1,1,114.566581273817,38.183535392501
241.3514251704,3,10,42,67.3322462728469,2.57210270861123,7,0.0436423010164591,1046.87500163216,381.79171610065,0,0,0,0,1,1,114.566581273817,38.183535392501
100.060714965176,2,10,42,67.3322462728469,2.574903068601,7,0.0436423010164591,1046.87500163216,381.79171610065,0,0,0,0,1,1,114.566581273817,38.183535392501
13.3527982387004,1,10,42,67.3322462728469,2.03219014182452,8,0.0436423010164591,1046.87500163216,381.79171610065,0,1.52321859232632,0,22.2662286541478,1,1,114.566581273817,38.183535392501
21.8401725855464,1,3,42,282.323378460232,2.045924217901,8,0.0499525707961066,1035.85068340856,613.328562600165,-1.52321859232632,0,5421.73135727348,0,46359830404.8819,3,114.769636135176,40.2657962787341
218.575959066541,2,10,42,67.3322462728469,2.14372006220735,6,0.0436423010164591,1046.87500163216,381.79171610065,-1.52321859232632,0,2135.47707998333,0,1,1,114.566581273817,38.183535392501
268.228784195577,3,10,42,67.3322462728469,2.17713962412443,6,0.0436423010164591,1046.87500163216,381.79171610065,0,0,0,0,1,1,114.566581273817,38.183535392501
217.850686950649,2,10,42,67.3322462728469,2.53944091649083,7,0.0436423010164591,1046.87500163216,381.79171610065,0,0,0,0,1,1,114.566581273817,38.183535392501
251.970610344531,3,10,42,67.3322462728469,1.868033988694,8,0.0436423010164591,1046.87500163216,381.79171610065,0,0,0,0,1,1,114.566581273817,38.183535392501
214.975923531591,2,10,42,67.3322462728469,2.25940952181305,6,0.0436423010164591,1046.87500163216,381.79171610065,0,0,0,0,1,1,114.566581273817,38.183535392501
234.98629924257,3,10,42,67.3322462728469,1.81225238631837,8,0.0436423010164591,1046.87500163216,381.79171610065,0,0,0,0,1,1,114.566581273817,38.183535392501
242.181420268289,3,10,42,67.3322462728469,1.79927309512609,8,0.0436423010164591,1046.87500163216,381.79171610065,0,0,0,0,1,1,114.566581273817,38.183535392501
10,2,10,42,67.3322462728469,2.32409216109228,6,0.0436423010164591,1046.87500163216,381.79171610065,0,0,0,0,1,1,114.566581273817,38.183535392501
266.090210433999,3,10,42,67.3322462728469,2.32498513088608,6,0.0436423010164591,1046.87500163216,381.79171610065,0,0,0,0,1,1,114.566581273817,38.183535392501
96.8484280164867,2,10,42,67.3322462728469,2.4592249092645,7,0.0436423010164591,1046.87500163216,381.79171610065,0,0,0,0,1,1,114.566581273817,38.183535392501
1.10724776785275,2,10,42,67.3322462728469,2.3618890080343,6,0.0436423010164591,1046.87500163216,381.79171610065,0,0,0,0,1,1,114.566581273817,38.183535392501
240.967379537846,3,10,42,67.3322462728469,1.66843172822179,5,0.0436423010164591,1046.87500163216,381.79171610065,0,0,0,140.327319940344,1,1,114.566581273817,38.183535392501
0,3,1,42,831.824889147731,1.73537224630249,8,0.0322200105687471,1064.93006027741,716.17383339798,1.51685342169306,1.51685342169306,29842.3010106314,0,1,3,115.26483381881,41.1907060196845
21.3055698593865,1,1,42,831.824889147731,1.66011617900332,5,0.0322200105687471,1064.93006027741,716.17383339798,0,0,0,16.7018823111413,1,3,115.26483381881,41.1907060196845
259.201137227059,3,10,42,67.3322462728469,1.61754716264109,8,0.0436423010164591,1046.87500163216,381.79171610065,1.51685342169306,1.51685342169306,3722.75505491716,0,1,1,114.566581273817,38.183535392501
102.192059487152,2,10,42,67.3322462728469,1.61379905133167,8,0.0436423010164591,1046.87500163216,381.79171610065,0,0,0,164.511012151595,1,1,114.566581273817,38.183535392501
19.6916768218719,1,1,42,831.824889147731,2.34604075350578,7,0.0322200105687471,1064.93006027741,716.17383339798,1.51685342169306,0,4608.80929788541,0,66973841314.6292,3,115.26483381881,41.1907060196845
108.436672202522,2,10,42,67.3322462728469,2.43478470032097,8,0.0436423010164591,1046.87500163216,381.79171610065,1.51685342169306,1.51685342169306,3349.68758842765,0,1,1,114.566581273817,38.183535392501
229.515439634273,2,10,42,67.3322462728469,2.25610683336422,7,0.0436423010164591,1046.87500163216,381.79171610065,0,0,0,0,1,1,114.566581273817,38.183535392501
14.1248267720473,2,10,42,67.3322462728469,2.37557495050587,8,0.0436423010164591,1046.87500163216,381.79171610065,0,0,0,0,1,1,114.566581273817,38.183535392501
275.821855459279,3,10,42,67.3322462728469,1.91459718188115,5,0.0436423010164591,1046.87500163216,381.79171610065,0,0,0,0,1,1,114.566581273817,38.183535392501
254.932265597533,3,10,42,67.3322462728469,2.55222911095309,6,0.0436423010164591,1046.87500163216,381.79171610065,0,0,0,0,1,1,114.566581273817,38.183535392501
253.795143287835,3,10,42,67.3322462728469,2.35245173388442,8,0.0436423010164591,1046.87500163216,381.79171610065,0,0,0,0,1,1,114.566581273817,38.183535392501
240.105098694187,3,10,42,67.3322462728469,2.01204867642709,5,0.0436423010164591,1046.87500163216,381.79171610065,0,0,0,0,1,1,114.566581273817,38.183535392501
245.389137078399,3,10,42,67.3322462728469,2.01494308783271,5,0.0436423010164591,1046.87500163216,381.79171610065,0,0,0,0,1,1,114.566581273817,38.183535392501
244.431770017605,3,10,42,67.3322462728469,2.07564690777251,7,0.0436423010164591,1046.87500163216,381.79171610065,0,0,0,75.5460201336538,1,1,114.566581273817,38.183535392501
19.2247272990608,1,1,42,831.824889147731,2.57284196367278,6,0.0322200105687471,1064.93006027741,716.17383339798,1.51685342169306,0,5515.79102360228,6.02499478578041,66973841314.6292,3,115.26483381881,41.1907060196845
273.155266293797,3,10,42,67.3322462728469,2.0799477442423,5,0.0436423010164591,1046.87500163216,381.79171610065,1.51685342169306,1.51685342169306,6832.61154374126,0,1,1,114.566581273817,38.183535392501
223.234069761218,2,10,42,67.3322462728469,2.16291636141105,8,0.0436423010164591,1046.87500163216,381.79171610065,0,0,0,0,1,1,114.566581273817,38.183535392501
266.910994246898,3,10,42,67.3322462728469,2.15169685630997,8,0.0436423010164591,1046.87500163216,381.79171610065,0,0,0,0,1,1,114.566581273817,38.183535392501
7.91953655496932,2,10,42,67.3322462728469,2.54989223824578,6,0.0436423010164591,1046.87500163216,381.79171610065,0,0,0,0,1,1,114.566581273817,38.183535392501
221.294790448344,2,10,42,67.3322462728469,2.20125299367743,5,0.0436423010164591,1046.87500163216,381.79171610065,0,0,0,0,1,1,114.566581273817,38.183535392501
246.060552206539,3,10,42,67.3322462728469,2.27394215760247,5,0.0436423010164591,1046.87500163216,381.79171610065,0,0,0,0,1,1,114.566581273817,38.183535392501
284.722200489856,3,10,42,67.3322462728469,2.47220562912014,6,0.0436423010164591,1046.87500163216,381.79171610065,0,0,0,0,1,1,114.566581273817,38.183535392501
320.896677983718,3,10,42,67.3322462728469,2.31980212953175,5,0.0436423010164591,1046.87500163216,381.79171610065,0,0,0,0,1,1,114.566581273817,38.183535392501
0.88414515928395,2,10,42,67.3322462728469,2.45557133498194,6,0.0436423010164591,1046.87500163216,381.79171610065,0,0,0,0,1,1,114.566581273817,38.183535392501
247.797012700825,3,10,42,67.3322462728469,2.34086515909596,5,0.0436423010164591,1046.87500163216,381.79171610065,0,0,0,0,1,1,114.566581273817,38.183535392501
256.38927192413,3,10,42,67.3322462728469,1.73566278741534,7,0.0436423010164591,1046.87500163216,381.79171610065,0,0,0,147.159607110812,1,1,114.566581273817,38.183535392501
0,3,1,42,831.824889147731,1.97031684041814,8,0.0322200105687471,1064.93006027741,716.17383339798,1.51685342169306,0,14517.4154121814,0,66973841314.6292,3,115.26483381881,41.1907060196845
244.595289121008,3,10,42,67.3322462728469,1.71483178883462,4,0.0436423010164591,1046.87500163216,381.79171610065,1.51685342169306,1.51685342169306,2208.03844911374,0,1,1,114.566581273817,38.183535392501
12.4337360945405,2,10,42,67.3322462728469,1.77354947373074,8,0.0436423010164591,1046.87500163216,381.79171610065,0,0,0,0,1,1,114.566581273817,38.183535392501
97.0903975444305,2,10,42,67.3322462728469,2.51951376275895,5,0.0436423010164591,1046.87500163216,381.79171610065,0,0,0,0,1,1,114.566581273817,38.183535392501
218.991165896542,2,10,42,67.3322462728469,1.65856143044711,8,0.0436423010164591,1046.87500163216,381.79171610065,0,0,0,0,1,1,114.566581273817,38.183535392501
262.720329163344,3,10,42,67.3322462728469,2.18102283586213,6,0.0436423010164591,1046.87500163216,381.79171610065,0,0,0,0,1,1,114.566581273817,38.183535392501
223.805167518335,2,10,42,67.3322462728469,2.55658667389833,5,0.0436423010164591,1046.87500163216,381.79171610065,0,0,0,0,1,1,114.566581273817,38.183535392501
276.17526155819,3,10,42,67.3322462728469,2.56801859262424,5,0.0436423010164591,1046.87500163216,381.79171610065,0,0,0,0,1,1,114.566581273817,38.183535392501
457.663735891319,2,10,42,67.3322462728469,2.21222165588658,7,0.0436423010164591,1046.87500163216,381.79171610065,0,0,0,0,1,1,114.566581273817,38.183535392501
252.978938582836,3,10,42,67.3322462728469,2.17710234381405,7,0.0436423010164591,1046.87500163216,381.79171610065,0,0,0,0,1,1,114.566581273817,38.183535392501
246.766697925077,3,10,42,67.3322462728469,2.16452688475204,4,0.0436423010164591,1046.87500163216,381.79171610065,0,0,0,0,1,1,114.566581273817,38.183535392501
44.0835531924614,2,10,42,67.3322462728469,2.54869229275807,5,0.0436423010164591,1046.87500163216,381.79171610065,0,0,0,0,1,1,114.566581273817,38.183535392501
246.635547060851,3,10,42,67.3322462728469,2.07449752516661,7,0.0436423010164591,1046.87500163216,381.79171610065,0,0,0,0,1,1,114.566581273817,38.183535392501
257.327179500255,3,10,42,67.3322462728469,2.05817160965624,7,0.0436423010164591,1046.87500163216,381.79171610065,0,0,0,0,1,1,114.566581273817,38.183535392501
289.135221155102,3,10,42,67.3322462728469,1.84183718853456,6,0.0436423010164591,1046.87500163216,381.79171610065,0,0,0,0,1,1,114.566581273817,38.183535392501
251.689855340244,3,10,42,67.3322462728469,2.46266638502569,5,0.0436423010164591,1046.87500163216,381.79171610065,0,0,0,0,1,1,114.566581273817,38.183535392501
10.0847490046182,2,10,42,67.3322462728469,2.34030040515817,4,0.0436423010164591,1046.87500163216,381.79171610065,0,1.22269265142748,0,1.22071155399167,1,1,114.566581273817,38.183535392501
277.454742445071,3,10,42,39.0230924244286,2.38966700845859,4,0.0436423010164591,1042.03330626558,395.134094663443,-1.22269265142748,0,123.905418772596,0,1,1,114.529911560218,38.3035262856597
271.230647163448,3,10,42,102.290130306733,2.40802937248593,4,0.0520091956339181,1040.69477525485,398.822717369154,-1.22269265142749,0,87.7781730819467,0,1,1,114.519742503915,38.336698866613
287.607172844071,3,10,42,102.290130306733,2.37804095317759,5,0.0520091956339181,1040.69477525485,398.822717369154,0,0,0,1.27255233778814,1,1,114.519742503915,38.336698866613
257.557941805882,3,10,42,51.6837519469232,1.72405976451564,3,0.0520091956339181,1039.81599652772,394.411081807529,1.3741742750787,0,130.043664004607,0.459254367432195,1,1,114.503278676538,38.2970240748329
276.201139568972,3,11,42,341.157232652586,2.48150895023535,4,0.0520091956339181,1035.23035475002,371.390292028657,1.37417427507869,0,187.233104282103,0,1,1,114.417540309125,38.0899931384984
262.614052453478,3,11,42,168.776083702337,2.44235301364621,6,0.0520091956339181,1032.51577193468,357.762572429389,1.3741742750787,0,187.233104282103,0,1,1,114.366922322005,37.9674361117481
246.82261312625,3,12,42,396.437216515057,1.65588266222611,7,0.0520091956339181,1026.85843845265,329.361687425224,1.37417427507869,0,187.233104282103,0,1,1,114.261759050464,37.7120208166336
261.86642967441,3,12,42,384.476168912976,2.36983256341699,6,0.0520091956339181,1026.31719792021,326.644557496389,1.37417427507871,0,187.233104282105,0,1,1,114.251721198979,37.6875850801227
12.4330016685058,2,12,42,464.506166006613,2.3471853765325,6,0.0520091956339181,1024.4119349843,317.079776894858,1.37417427507871,0,187.233104282102,0,1,1,114.216418385766,37.6015669416144
5.15911078577672,2,12,42,542.76273457784,2.56108585419154,4,0.0520091956339181,1023.70364047504,313.524004379286,1.37417427507867,0,187.233104282102,0,1,1,114.203307115479,37.5695891111245
281.403111381451,3,13,42,810.576519213741,2.11696988189734,5,0.0520091956339181,1021.840348893,304.169927919291,1.3741742750787,0,187.233104282104,0,1,1,114.168848754668,37.4854658804856
273.814702389295,3,13,41,622.265424610899,2.28493493303165,6,0.0520091956339181,1019.18684179784,290.84881999685,1.37417427507869,0,187.233104282103,0,1,1,114.119859541515,37.3656662787914
18.5108917002366,1,13,41,568.1889856682,2.58861161397421,4,0.0520091956339181,1017.4528921095,282.144064327413,1.37417427507869,0,187.233104282103,0,1,1,114.087899823438,37.2873825303137
232.919921469873,3,13,41,589.852694466404,2.05258405878282,5,0.0520091956339181,1016.77570155599,278.744439557667,1.37417427507869,0,187.233104282103,0,1,1,114.075429302721,37.2568089702392
40.394667515654,2,14,41,648.361115388239,2.5869766304449,4,0.0520091956339181,1014.9022845896,269.339531751508,1.37417427507869,0,187.233104282103,0,1,1,114.04096319108,37.1722286023216
467.751879683806,2,14,41,357.324498605448,2.58266873651529,4,0.0520091956339181,1012.77280612518,258.649146753156,1.3741742750787,2.62795971445258,187.233104282104,140.340194319538,1.05928650569516,1,114.001845100253,37.0760876602756
20.3311188920923,1,4,39,108.75949554508,2.25136635473867,6,0.0255720919146723,902.813042543959,593.815378709204,-1.25378543937388,0.00971410951195617,29600.6108918466,0,100.289266009145,3,113.169558658756,40.09031
101.380937162468,2,14,41,295.566230966408,1.97304150061652,5,0.0520091956339181,1011.38648879562,251.689571331072,-1.26349954888584,0,13813.8111283614,0,1.00320340612024,1,113.976412409487,37.0134986948246
10.5030732639911,2,14,41,374.265486370045,1.94683143981428,5,0.0520091956339181,1009.4894028234,242.165840635136,1.3741742750787,0,187.233104282103,0,1,1,113.941652452218,36.9278497269865
296.608109631752,3,15,41,452.489140762128,2.56375813101309,4,0.0520091956339181,1008.34281656791,236.409760585582,1.37417427507869,0,187.233104282104,0,1,1,113.920667878063,36.8760840554469
12.4318702037437,2,15,41,162.931980836883,2.06107174253285,6,0.0520091956339181,1003.33079014299,211.248439163726,1.37417427507869,0,187.233104282103,0,1,1,113.829152145277,36.6498028555655
11.8955698126234,2,16,41,121.768147864685,1.80983846376624,5,0.0520091956339181,1000.25375034486,195.801116898309,1.3741742750787,0,187.233104282103,0,1,1,113.773139767735,36.5108817488967
271.035566607605,3,16,41,258.636121782848,2.3584648991586,3,0.0520091956339181,995.19254688458,170.392917449802,1.37417427507869,0,187.233104282103,0,1,1,113.681293619569,36.2823803215813
38.2569855878086,2,17,41,167.233512097951,2.37472551997284,3,0.0520091956339181,994.21486047568,165.484746602618,1.3741742750787,0,187.233104282103,0,1,1,113.663592247676,36.2382400806972
257.482521584375,3,17,41,14.2091669262025,2.39194707817134,4,0.0278337390043981,991.229143841523,150.495883907665,1.3741742750787,1.3741742750787,130.688392188194,0,1,1,113.609616520871,36.103442
14.7359372403275,2,17,41,14.2091669262025,1.84753397893831,6,0.0278337390043981,991.229143841523,150.495883907665,0,0,0,0,1,1,113.609616520871,36.103442
97.3773614694917,2,17,41,14.2091669262025,2.34932640633595,4,0.0278337390043981,991.229143841523,150.495883907665,0,0,0,0,1,1,113.609616520871,36.103442
250.877809101046,3,17,41,14.2091669262025,2.47155312396307,3,0.0278337390043981,991.229143841523,150.495883907665,0,0,0,0,1,1,113.609616520871,36.103442
257.833739346687,3,17,41,14.2091669262025,2.47988877440326,3,0.0278337390043981,991.229143841523,150.495883907665,0,0,0,0,1,1,113.609616520871,36.103442
260.676914266593,3,17,41,14.2091669262025,1.73388595955583,6,0.0278337390043981,991.229143841523,150.495883907665,0,0,0,0,1,1,113.609616520871,36.103442
34.6928762276368,2,17,41,14.2091669262025,2.54265286045794,3,0.0278337390043981,991.229143841523,150.495883907665,0,0,0,0,1,1,113.609616520871,36.103442
256.319267318639,3,17,41,14.2091669262025,2.40480223447617,5,0.0278337390043981,991.229143841523,150.495883907665,0,0,0,0,1,1,113.609616520871,36.103442
255.237266621512,3,17,41,14.2091669262025,1.90784376047349,2,0.0278337390043981,991.229143841523,150.495883907665,0,0,0,0,1,1,113.609616520871,36.103442
317.863387565138,3,17,41,14.2091669262025,2.17243098817205,4,0.0278337390043981,991.229143841523,150.495883907665,0,0,0,0,1,1,113.609616520871,36.103442
227.185284734593,2,17,41,14.2091669262025,2.57743014616299,3,0.0278337390043981,991.229143841523,150.495883907665,0,0,0,0,1,1,113.609616520871,36.103442
8.3510747968228,2,17,41,14.2091669262025,2.00094425572374,2,0.0278337390043981,991.229143841523,150.495883907665,0,0,0,0,1,1,113.609616520871,36.103442
272.85595609902,3,17,41,14.2091669262025,2.09335615295686,4,0.0278337390043981,991.229143841523,150.495883907665,0,0,0,0,1,1,113.609616520871,36.103442
267.773075390829,3,17,41,14.2091669262025,2.24304324251762,5,0.0278337390043981,991.229143841523,150.495883907665,0,0,0,0,1,1,113.609616520871,36.103442
94.4892232602715,2,17,41,14.2091669262025,2.0026466991107,4,0.0278337390043981,991.229143841523,150.495883907665,0,0,0,0,1,1,113.609616520871,36.103442
12.6323663296489,2,17,41,14.2091669262025,1.96991286665304,4,0.0278337390043981,991.229143841523,150.495883907665,0,0,0,0,1,1,113.609616520871,36.103442
96.86386041318,2,17,41,14.2091669262025,2.56950791642114,3,0.0278337390043981,991.229143841523,150.495883907665,0,0,0,0,1,1,113.609616520871,36.103442
37.6407517830464,2,17,41,14.2091669262025,2.55592343183441,3,0.0278337390043981,991.229143841523,150.495883907665,0,0,0,0,1,1,113.609616520871,36.103442
209.074201679769,3,17,41,14.2091669262025,2.54530460908347,3,0.0278337390043981,991.229143841523,150.495883907665,0,0,0,0,1,1,113.609616520871,36.103442
260.696128553722,3,17,41,14.2091669262025,2.2379645228699,2,0.0278337390043981,991.229143841523,150.495883907665,0,0,0,0,1,1,113.609616520871,36.103442
259.587844873995,3,17,41,14.2091669262025,2.05883781874935,5,0.0278337390043981,991.229143841523,150.495883907665,0,0,0,0,1,1,113.609616520871,36.103442
264.76379498749,3,17,41,14.2091669262025,2.29154448412286,2,0.0278337390043981,991.229143841523,150.495883907665,0,0,0,0,1,1,113.609616520871,36.103442
241.648255927263,3,17,41,14.2091669262025,2.34791898973858,2,0.0278337390043981,991.229143841523,150.495883907665,0,0,0,0,1,1,113.609616520871,36.103442
250.554489052994,3,17,41,14.2091669262025,1.94423530263034,5,0.0278337390043981,991.229143841523,150.495883907665,0,0,0,0,1,1,113.609616520871,36.103442
255.665533575157,3,17,41,14.2091669262025,2.39872232285363,2,0.0278337390043981,991.229143841523,150.495883907665,0,0,0,0,1,1,113.609616520871,36.103442
259.948023287985,3,17,41,14.2091669262025,2.43038468520663,2,0.0278337390043981,991.229143841523,150.495883907665,0,0,0,0,1,1,113.609616520871,36.103442
266.266957789487,3,17,41,14.2091669262025,1.84609179988783,5,0.0278337390043981,991.229143841523,150.495883907665,0,0,0,0,1,1,113.609616520871,36.103442
183.508230351736,3,17,41,14.2091669262025,1.79419406646571,1,0.0278337390043981,991.229143841523,150.495883907665,0,0,0,0,1,1,113.609616520871,36.103442
8.452597242391,2,17,41,14.2091669262025,2.30486118489687,3,0.0278337390043981,991.229143841523,150.495883907665,0,0,0,0,1,1,113.609616520871,36.103442
253.935049053487,3,17,41,14.2091669262025,1.8255341209565,1,0.0278337390043981,991.229143841523,150.495883907665,0,0,0,0,1,1,113.609616520871,36.103442
9.59645546312159,2,17,41,14.2091669262025,2.53486907684809,2,0.0278337390043981,991.229143841523,150.495883907665,0,0,0,0,1,1,113.609616520871,36.103442
221.569602534608,2,17,41,14.2091669262025,2.18280537234392,3,0.0278337390043981,991.229143841523,150.495883907665,0,0,0,0,1,1,113.609616520871,36.103442
263.760798912461,3,17,41,14.2091669262025,2.56754199144464,2,0.0278337390043981,991.229143841523,150.495883907665,0,0,0,0,1,1,113.609616520871,36.103442
257.319506617006,3,17,41,14.2091669262025,2.577449857159,2,0.0278337390043981,991.229143841523,150.495883907665,0,0,0,0,1,1,113.609616520871,36.103442
258.038938661139,3,17,41,14.2091669262025,1.97722956125005,1,0.0278337390043981,991.229143841523,150.495883907665,0,1.44981056875268,0,33.5018177119464,1,1,113.609616520871,36.103442
0,3,8,40,122.118788073652,2.59893704849295,2,0.0255720919146723,954.177271461725,455.250041688271,-1.44981056875268,0,1977.89536406509,1.82790675948501,61399654048.3462,3,113.594599124304,38.8441619858566
105.247606940982,2,17,41,14.2091669262025,2.20533334127572,4,0.0278337390043981,991.229143841523,150.495883907665,-1.44981056875268,0,2999.27961152003,0,1,1,113.609616520871,36.103442
16.8862186383603,2,17,41,14.2091669262025,2.13812853835296,1,0.0278337390043981,991.229143841523,150.495883907665,0,1.46693590733461,0,19.6140207206899,1,1,113.609616520871,36.103442
0,3,9,40,464.73522631595,2.59301771627588,2,0.0255720919146723,961.530703442884,435.412680119754,-1.46693590733461,0,4353.71275891657,5.91811983996713,57292086059.3756,3,113.653845691584,38.6657603072268
458.493321684703,2,17,41,14.2091669262025,2.11724194143945,4,0.0278337390043981,991.229143841523,150.495883907665,-1.46693590733461,0,5755.52911640601,0,1,1,113.609616520871,36.103442
104.399437281561,2,17,41,14.2091669262025,2.53929931064536,2,0.0278337390043981,991.229143841523,150.495883907665,0,0,0,0,1,1,113.609616520871,36.103442
256.562486038702,3,17,41,14.2091669262025,2.52537204813189,2,0.0278337390043981,991.229143841523,150.495883907665,0,0,0,0,1,1,113.609616520871,36.103442
12.5813892889828,2,17,41,14.2091669262025,2.03728707973585,4,0.0278337390043981,991.229143841523,150.495883907665,0,0,0,0,1,1,113.609616520871,36.103442
265.071378246582,3,17,41,14.2091669262025,2.49771406518915,2,0.0278337390043981,991.229143841523,150.495883907665,0,0,0,0,1,1,113.609616520871,36.103442
256.473018987536,3,17,41,14.2091669262025,2.31818660154517,1,0.0278337390043981,991.229143841523,150.495883907665,0,0,0,0,1,1,113.609616520871,36.103442
3.35473537293312,2,17,41,14.2091669262025,2.36805598901205,1,0.0278337390043981,991.229143841523,150.495883907665,0,0,0,0,1,1,113.609616520871,36.103442
260.642078419773,3,17,41,14.2091669262025,2.37458776148078,1,0.0278337390043981,991.229143841523,150.495883907665,0,0,0,0,1,1,113.609616520871,36.103442
282.39738586396,3,17,41,14.2091669262025,2.41432732648975,2,0.0278337390043981,991.229143841523,150.495883907665,0,0,0,0,1,1,113.609616520871,36.103442
248.900733152693,3,17,41,14.2091669262025,2.40176687060034,2,0.0278337390043981,991.229143841523,150.495883907665,0,0,0,0,1,1,113.609616520871,36.103442
12.3506993273227,2,17,41,14.2091669262025,2.35516126636879,2,0.0278337390043981,991.229143841523,150.495883907665,0,0,0,0,1,1,113.609616520871,36.103442
249.362904223898,3,17,41,14.2091669262025,2.33896778029307,2,0.0278337390043981,991.229143841523,150.495883907665,0,0,0,0,1,1,113.609616520871,36.103442
254.867810351743,3,17,41,14.2091669262025,2.27488417787995,2,0.0278337390043981,991.229143841523,150.495883907665,0,0,0,0,1,1,113.609616520871,36.103442
246.739807910239,3,17,41,14.2091669262025,2.42930759899271,3,0.0278337390043981,991.229143841523,150.495883907665,0,0,0,0,1,1,113.609616520871,36.103442
247.117824889635,3,17,41,14.2091669262025,1.69932177898433,4,0.0278337390043981,991.229143841523,150.495883907665,0,0,0,0,1,1,113.609616520871,36.103442
460.879417805033,2,17,41,14.2091669262025,2.56622633656962,1,0.0278337390043981,991.229143841523,150.495883907665,0,0,0,0,1,1,113.609616520871,36.103442
252.528128863939,3,17,41,14.2091669262025,2.57744968161327,1,0.0278337390043981,991.229143841523,150.495883907665,0,1.02178249947008,0,0.0196078392522063,1,1,113.609616520871,36.103442
261.891190355171,3,17,41,14.2240684784034,2.11394761788873,2,0.0278337390043981,991.08803054635,150.726555732753,-1.02178249947008,0,5.07163186518609,0.495606004281333,1,1,113.608349612872,36.1055164815618
259.041845537725,3,17,41,262.454594189788,2.23710217555005,3,0.0278337390043981,982.950665774731,164.028355403468,-1.02178249946994,0,100.201460415834,0,1,1,113.535141192397,36.2251424399766
8.46450190259757,2,16,41,485.939171670158,2.20240697835161,3,0.0278337390043981,978.714387081305,170.953217703585,-1.02178249946994,0,100.201460415834,0,1,1,113.49691124711,36.2874192228216
253.162654709366,3,16,41,466.134801465245,2.57564784459662,1,0.0278337390043981,974.841905564294,177.283396430177,-1.02178249946995,0,100.201460415834,0,1,1,113.461893706222,36.3443478878031
218.653079374287,2,16,41,588.619332963045,2.56033345190794,1,0.0278337390043981,970.174789183225,184.912530539714,-1.02178249946994,0,100.201460415834,0,1,1,113.419600875647,36.4129583391947
12.6710831319998,2,16,40,595.086953656878,1.89600946142686,2,0.0278337390043981,967.650065487071,189.039587611958,-1.02178249946995,0,100.201460415833,0,1,1,113.396681287647,36.450073855134
251.85160155038,3,16,40,486.625101664006,1.84778137625318,2,0.0278337390043981,962.666463723253,197.186066743893,-1.02178249946994,0,100.201460415834,0,1,1,113.351355669602,36.5233369020892
97.9921830574648,2,16,40,504.215657140636,1.82165697677314,2,0.0278337390043981,959.955964688728,201.616802759399,-1.02178249946994,0,100.201460415834,0,1,1,113.326656887526,36.5631834683778
216.521141889386,2,15,40,359.012082672181,2.00063728895876,3,0.0278337390043981,956.727341946595,206.894493281269,-1.02178249946995,0,100.201460415833,0,1,1,113.297193680981,36.6106468795345
5.8001192064122,2,15,40,79.0029423520153,2.4637861722233,1,0.0278337390043981,951.148615965228,216.013796336328,-1.02178249946994,0,100.201460415834,0,1,1,113.246173756977,36.6926587422179
217.164074119661,2,15,40,41.2406597003941,2.45184033212546,1,0.0278337390043981,949.569013006316,218.595905250997,-1.02178249946993,0,100.201460415834,23.0288854599063,1.01185459921759,1,113.231702145435,36.7158802055759
0,3,12,41,454.609529626591,1.71567690111956,2,0.0301753663125422,1013.93719518877,330.567699179345,1.04906675204128,0.0743740959069907,2604.61907868398,0,24.0670563828017,3,114.115440738764,37.7228667409083
12.2313232670893,2,15,40,52.7143991355457,2.40799509722897,1,0.0278337390043981,944.070176122847,227.58461703899,0.974692656134289,0,2239.28917243548,0,24889287302.1992,1,113.181236698157,36.796717632779
0,3,12,41,454.609529626591,1.65542467479313,2,0.0301753663125422,1013.93719518877,330.567699179345,0.974692656134289,0.120961872076254,1848.26225541632,0,15.4531801554801,3,114.115440738764,37.7228667409083
226.447294936073,3,14,40,232.211118886603,2.34195643894207,1,0.0278337390043981,935.85538461875,241.012982854089,0.853730784058034,1.87551328352795,1323.54369833925,0,1.01747200230594,1,113.1055921653,36.917481827876
44.3154702174997,2,14,40,211.228683015233,2.33453294130299,1,0.0278337390043981,935.021434760826,242.37620476399,-1.02178249946992,0,100.201460415838,0,1,1,113.097895898479,36.9297415770484
280.314725394318,3,14,40,178.124391800406,1.76469198684119,3,0.0278337390043981,931.816622343382,247.614973573734,-1.02178249946994,0,100.201460415834,0,1,1,113.068290546964,36.9768549568385
259.851409037014,3,14,40,181.676459714584,1.7569914746865,3,0.0278337390043981,931.009694846916,248.934023193361,-1.02178249946995,0,100.201460415833,0,1,1,113.060829044676,36.9887174550606
219.964505677003,2,14,40,293.012519410733,2.44036529226791,2,0.0278337390043981,926.415653255284,256.443705092342,-1.02178249946994,0,100.201460415835,0,1,1,113.018293003594,37.0562536469139
245.240039933382,3,14,40,413.730329158914,2.22509193062599,1,0.0771352030565016,924.000084282431,260.392331640307,-1.02178249946995,0,74.4052668711546,0,1,1,112.99588925256,37.0917644985968
256.03445536775,3,14,40,413.730329158914,1.73154502720277,8,0.0771352030565016,924.000084282431,260.392331640307,0,0,0,0,1,1,112.99588925256,37.0917644985968
277.446029673578,3,14,40,413.730329158914,2.13431060220513,1,0.0771352030565016,924.000084282431,260.392331640307,0,0,0,0,1,1,112.99588925256,37.0917644985968
236.21448204258,2,14,40,413.730329158914,2.27375640508257,2,0.0771352030565016,924.000084282431,260.392331640307,0,0,0,0,1,1,112.99588925256,37.0917644985968
264.28445513686,3,14,40,413.730329158914,1.85943823878173,8,0.0771352030565016,924.000084282431,260.392331640307,0,0,0,0,1,1,112.99588925256,37.0917644985968
257.34026743057,3,14,40,413.730329158914,2.16571210661589,2,0.0771352030565016,924.000084282431,260.392331640307,0,0,0,0,1,1,112.99588925256,37.0917644985968
256.431243972777,3,14,40,413.730329158914,2.15355773344176,2,0.0771352030565016,924.000084282431,260.392331640307,0,0,0,2.72382790431536,1,1,112.99588925256,37.0917644985968
99.7668946422831,2,14,39,306.77039075274,2.01613199076658,8,0.0771352030565016,907.7673140387,245.85562211499,0.730332361332341,0,236.646035999574,0.123807657959901,1,1,112.79333463186,36.961032729046
134.221749442697,2,15,39,97.7016566307734,2.06261163466065,2,0.0771352030565016,890.000042217863,229.944741492713,0.73033236133234,0,277.686731003406,0,1,1,112.572376919333,36.8179427419179
216.953866301803,2,15,39,230.029754321642,2.0311203465768,2,0.0771352030565016,877.333782322249,218.601899937631,0.730332361332343,0,277.686731003406,0,1,1,112.415331670668,36.715934117088
260.806825534783,3,16,38,626.031684174993,1.89368573880998,2,0.0771352030565016,822.779395742974,169.747560282267,0.73033236133234,0,277.686731003406,0,1,1,111.743448088758,36.2765764851383
249.898476696376,3,17,37,476.354310984048,1.86242072240791,2,0.0771352030565016,811.154894040054,159.33763011664,0.73033236133234,0,277.686731003406,0,1,1,111.601230742452,36.1829577339978
240.581211227305,3,17,37,132.569405001786,2.30470835036739,8,0.0771352030565016,801.815262108154,150.973837958624,0.730332361332337,0,277.686731003407,0,1,1,111.487208466585,36.1077403440466
38.7798950956357,2,18,37,307.867410494548,2.35256515730274,8,0.0771352030565016,783.932873688347,134.959868551399,0.730332361332342,0,277.686731003406,0,1,1,111.269492554909,35.9637232572022
96.0698289254513,2,18,37,276.360362288125,1.57253993817436,1,0.0771352030565016,777.735798584374,129.410287097315,0.730332361332344,0,277.686731003404,0,1,1,111.194227852829,35.9138146721476
280.53546820992,3,18,36,459.25851293383,2.29432692543046,8,0.0771352030565016,760.28585707263,113.783580923244,0.730332361332338,0,277.686731003407,0,1,1,110.982803496354,35.7732803272308
254.433802769804,3,18,36,308.740123506876,1.88350409909328,6,0.0771352030565016,750.486495456329,105.008093362536,0.730332361332343,0,277.686731003406,0,1,1,110.864403089908,35.6943604715726
261.726496224721,3,19,36,182.849543787875,2.20321885056914,8,0.0771352030565016,725.997950534238,83.0782034617299,0.730332361332341,0,277.686731003406,0,1,1,110.569556189801,35.4971402335405
251.897758192361,3,19,36,675.871833948828,2.63976461689564,7,0.0771352030565016,715.77941657238,73.9273402542948,0.730332361332336,0,277.686731003407,0,1,1,110.446960189882,35.4148445435879
260.772607188316,3,20,35,481.418073861505,2.66168009937337,7,0.0771352030565016,705.455236337233,64.6818690924451,0.730332361332342,0,277.686731003407,0,1,1,110.323358132701,35.3316980238604
232.799401067177,3,20,35,4.97095132247267,2.66876810079607,7,0.0771352030565016,687.667996004009,48.7531063428511,0.730332361332343,0,277.686731003405,0,1,1,110.111023964523,35.1884472188978
251.323171839114,3,20,35,183.726278570429,2.07928249505431,6,0.0771352030565016,679.062559907615,41.0467984857392,0.730332361332336,0,277.686731003407,0,1,1,110.008577017514,35.1191427273202
96.8992689958812,2,21,34,693.082299976249,2.67948026664146,7,0.0771352030565016,662.177032037147,25.9255338987889,0.730332361332343,0,277.686731003406,0,1,1,109.808086878683,34.9831539278016
258.852228206308,3,21,34,166.191091056617,2.67290831912059,7,0.0771352030565016,650.199764134341,15.1996958689419,0.730332361332341,0,277.686731003406,0,1,1,109.66630103131,34.8866941489833
265.632041433137,3,21,34,222.426329343965,1.96903480948411,8,0.0771352030565016,635.623105396477,2.14606110787469,0.73033236133234,0,277.686731003407,0,1,1,109.494220935241,34.7692999912193
210.792819962319,3,22,34,240.920827328259,2.64791320286867,7,0.0771352030565016,625.878703239315,-6.58020936411964,0.730332361332339,0,277.686731003407,38.4010021673792,1.05917374701627,1,109.379478629989,34.6908227554738
20.1790053046467,1,12,40,140.328677686457,2.57926198133637,7,0.0422658306522205,950.243052159754,312.393843274688,0.777019726577461,0.00354348283109851,6789.71715176482,2.04393430331407,25.342607121203,3,113.362003990311,37.5594253281292
442.817596983802,2,22,33,346.710377682078,2.30892227650287,6,0.0771352030565016,598.035873462364,-31.513915857419,0.773476243746362,0.0431438824140219,7282.72913102036,0,1.000061665792,1,109.052913674094,34.4665885458232
0,2,23,33,309.45353925184,2.56263942941277,7,0.0771352030565016,569.859357233864,-56.7464439902712,0.73033236133234,0,277.686731003406,0,1,1,108.724380577445,34.2396669686049
39.7831980022547,2,24,32,6.3854728908468,1.70993681738667,8,0.0771352030565016,537.88757648439,-85.3776931722581,0.73033236133234,0,277.686731003406,0,1,1,108.35396579327,33.9821799586669
14.8008067915819,2,24,32,514.792423182233,2.45385390063955,7,0.0771352030565016,520.009948048584,-101.387399936463,0.730332361332344,0,277.686731003406,80.0959994427618,1.08374512574567,1,108.14793984056,33.8382012066922
19.8900345273694,1,12,40,140.328677686457,1.70147596875702,8,0.0422658306522205,950.243052159754,312.393843274688,0.765908236739265,0.00307120565265917,25197.1907761112,0,22.1630956792955,3,113.362003990311,37.5594253281292
105.694356932464,2,26,31,224.887509368728,2.34349797838495,7,0.0771352030565016,477.987149838252,-139.019498577204,0.762837031086606,0.0325046697542648,3640.50931736825,0,1.00004445026333,1,107.666762092346,33.4997676128553
262.786817540984,3,27,30,35.5038044138913,1.98964537536552,5,0.0771352030565016,428.235830818492,-183.572613186271,0.730332361332341,0,277.686731003406,0,1,1,107.102717765406,33.0990918270663
263.507029735487,3,27,30,582.174331374725,2.72940143409271,6,0.0771352030565016,412.218548079464,-197.916350149593,0.73033236133234,0,277.686731003407,0,1,1,106.92242394267,32.9700955014589
13.6496755650331,2,28,29,121.6298735152,2.75146017876148,6,0.0771352030565016,392.426383401012,-215.640555229067,0.730332361332341,0,277.686731003406,0,1,1,106.700512898006,32.8106978957019
217.83712083616,2,29,29,501.535073190829,2.74255481248837,6,0.0771352030565016,365.078294044248,-240.131213636877,0.730332361332339,0,277.686731003406,0,1,1,106.395473436825,32.5904481132087
247.054614915954,3,29,28,417.66703742521,2.22794893368332,8,0.0771352030565016,351.778846590443,-252.041084939209,0.730332361332337,0,277.686731003407,0,1,1,106.247798296911,32.4833400673497
253.975982817629,3,29,28,143.127315747379,2.19665573493492,8,0.0771352030565016,340.299326289248,-262.321181903736,0.730332361332346,0,277.686731003405,0,1,1,106.120681987941,32.3908889342383
253.001445448572,3,30,28,187.969763651354,1.92451316336349,7,0.0771352030565016,324.875882893064,-276.133126086034,0.730332361332342,0,277.686731003407,0,1,1,105.950404852485,32.2666751360095
250.103782108436,3,30,28,463.954269534988,2.10856455069804,8,0.0771352030565016,309.963868744792,-289.487077066432,0.73033236133234,0,277.686731003408,0,1,1,105.786331570044,32.146580169599
266.806728984709,3,30,27,513.502361386013,2.0879222730433,8,0.0771352030565016,301.178560643015,-297.354463227168,0.730332361332339,0,277.686731003406,0,1,1,105.689925571047,32.0758270660344
99.1276459041174,2,30,27,465.505688586617,2.66553399788632,6,0.0771352030565016,298.869750598541,-299.42204013867,0.730332361332325,0,277.686731003403,0,1,1,105.66462130642,32.0572329001503
11.1199121407267,2,31,27,22.1271304095167,1.79492286084737,7,0.0771352030565016,276.631774436729,-319.336509144353,0.730332361332342,0,277.686731003406,0,1,1,105.421568772533,31.8781377776782
259.205632045682,3,32,26,327.06603948075,2.53604098274115,6,0.0771352030565016,245.368932838991,-347.332891796157,0.730332361332343,0,277.686731003406,0,1,1,105.081939613763,31.6263602596148
241.324485501761,3,32,26,96.5405697880658,2.5458248379817,5,0.0771352030565016,238.885861828448,-353.138587231823,0.73033236133233,0,277.686731003403,0,1,1,105.011811313967,31.574148386188
246.136122327346,3,32,26,75.8867512343267,1.87903030035623,8,0.0771352030565016,226.566198899001,-364.171045571726,0.730332361332335,0,277.686731003407,0,1,1,104.878833301694,31.4749311046733
35.2138477741646,2,32,26,89.7137734233376,1.75355407437405,4,0.0771352030565016,225.928202018213,-364.74238214551,0.730332361332416,0,277.686731003432,0,1,1,104.871956975709,31.4697929514228
268.420971202277,3,32,26,239.495362305656,2.59087837871025,5,0.0771352030565016,221.160197640417,-369.012207542825,0.73033236133234,0,277.686731003408,0,1,1,104.820599229519,31.4313934890897
233.846302194945,3,33,26,526.580030559159,1.82653495013414,8,0.0771352030565016,208.653405855995,-380.212242813081,0.730332361332345,0,277.686731003406,0,1,1,104.686150767394,31.3306691520338
248.320432937066,3,33,25,244.226933782113,2.69948998433824,5,0.0771352030565016,180.588139014395,-405.345145312233,0.730332361332337,0,277.686731003407,0,1,1,104.385851694649,31.1046435296644
247.48600192542,3,34,25,464.052910921987,2.74903355691475,5,0.0771352030565016,157.097783679713,-426.381140217577,0.730332361332342,0,277.686731003406,0,1,1,104.135997084094,30.9154622824607
97.7057172124807,2,35,24,230.546956669611,2.16644662856802,6,0.0771352030565016,114.120575385911,-464.867928596614,0.73033236133234,0,277.686731003406,0,1,1,103.682392148436,30.5693422791438
253.230359423226,3,35,24,476.945961232197,2.38740011549719,7,0.0771352030565016,109.06567388677,-469.394675027986,0.73033236133235,0,277.686731003405,0,1,1,103.629339236677,30.5286322704413
277.942537173061,3,36,23,540.890108521481,2.35162117390017,7,0.0771352030565016,96.855350588735,-480.329217951261,0.730332361332342,0,277.686731003407,0,1,1,103.501447593879,30.4302955634238
13.1938809176366,2,36,23,111.260772701594,2.83157953119656,5,0.0771352030565016,86.8009565432178,-489.333091196446,0.73033236133234,0,277.686731003408,0,1,1,103.396413215599,30.3493217859604
266.007986449104,3,36,23,32.7861245042795,2.8265246527676,5,0.0771352030565016,78.2127589630456,-497.023961682166,0.730332361332339,0,277.686731003404,0,1,1,103.306892978746,30.2801561259991
100.492295834573,2,36,23,145.149078967529,2.82122498747252,5,0.0771352030565016,71.8813423353141,-502.693848153739,0.730332361332342,0,277.686731003405,351.24483518991,1.0133833749728,1,103.241013040128,30.2291656119291
0,3,10,41,634.651802517981,2.10332277608957,6,0.0390582051746103,972.88262838317,402.982973667739,0.787986076161455,0.00104281083461921,38979.3386294606,0,109.514082975919,3,113.742101690285,38.3741129503678
247.410193756686,3,37,23,540.507073441909,1.99229480183603,6,0.0771352030565016,54.3411920513011,-518.401337749211,0.786943265326836,0.056610903994451,25011.6921411601,0,1.00000370311685,1,103.059019603001,30.0879047642496
16.2669876848673,2,37,23,620.876911729233,2.79372515083769,5,0.0771352030565016,52.0903752165523,-520.416980799052,0.730332361332385,0,277.686731003401,0,1,1,103.035720441976,30.0697776508042
97.9424606481426,2,37,22,442.884489443904,1.97301509493081,6,0.0771352030565016,46.5417838956921,-525.385834487915,0.730332361332341,0,277.686731003413,0,1,1,102.978337959693,30.0250916760138
93.0307617268394,2,37,22,297.319914659412,2.19440600973219,7,0.0771352030565016,42.3421910242619,-529.146638144959,0.730332361332333,0,277.686731003404,0,1,1,102.934957026317,29.9912699561698
97.1358266183097,2,37,22,285.733463289048,2.75412120589154,5,0.0744836945575509,41.9016465603045,-529.541152870996,0.730332361332257,0.730332361332257,7.0297117356258,0,1,1,102.930408812055,29.987722
283.869989684599,3,37,22,285.733463289048,2.73470724370648,5,0.0744836945575509,41.9016465603045,-529.541152870996,0,0,0,0,1,1,102.930408812055,29.987722
253.80651852138,3,37,22,285.733463289048,2.09552062927455,7,0.0744836945575509,41.9016465603045,-529.541152870996,0,0,0,0,1,1,102.930408812055,29.987722
256.296905988781,3,37,22,285.733463289048,2.41537774622877,4,0.0744836945575509,41.9016465603045,-529.541152870996,0,0,0,271.530231767403,1,1,102.930408812055,29.987722
19.4193936696563,1,10,41,634.651802517981,2.5633548867169,5,0.0390582051746103,972.88262838317,402.982973667739,0.786226250401996,0.786226250401996,37935.3645546442,0,1,3,113.742101690285,38.3741129503678
0,3,10,41,634.651802517981,2.12749165692776,7,0.0390582051746103,972.88262838317,402.982973667739,0,0,0,419.48652606946,1,3,113.742101690285,38.3741129503678
258.873972179367,3,37,22,285.733463289048,2.61458593995239,4,0.0744836945575509,41.9016465603045,-529.541152870996,0.786226250401996,0.786226250401996,4297.91444720228,0,1,1,102.930408812055,29.987722
97.4361313479756,2,37,22,285.733463289048,2.64884871567225,4,0.0744836945575509,41.9016465603045,-529.541152870996,0,0,0,0,1,1,102.930408812055,29.987722
243.692816637945,3,37,22,285.733463289048,1.80604846521815,7,0.0744836945575509,41.9016465603045,-529.541152870996,0,0,0,0,1,1,102.930408812055,29.987722
274.283987454241,3,37,22,285.733463289048,2.73363328455608,4,0.0744836945575509,41.9016465603045,-529.541152870996,0,0,0,0,1,1,102.930408812055,29.987722
245.464469753538,3,37,22,285.733463289048,1.68093684289735,7,0.0744836945575509,41.9016465603045,-529.541152870996,0,0,0,0,1,1,102.930408812055,29.987722
225.318901868114,2,37,22,285.733463289048,1.66881098586079,7,0.0744836945575509,41.9016465603045,-529.541152870996,0,0,0,0,1,1,102.930408812055,29.987722
267.916806114503,3,37,22,285.733463289048,2.24148480203348,5,0.0744836945575509,41.9016465603045,-529.541152870996,0,0,0,0,1,1,102.930408812055,29.987722
215.562758445045,2,37,22,285.733463289048,2.02996697871573,3,0.0744836945575509,41.9016465603045,-529.541152870996,0,0,0,0,1,1,102.930408812055,29.987722
250.472696121244,3,37,22,285.733463289048,2.44744135000894,6,0.0744836945575509,41.9016465603045,-529.541152870996,0,0,0,0,1,1,102.930408812055,29.987722
9.21495175518766,2,37,22,285.733463289048,2.84109434479182,4,0.0744836945575509,41.9016465603045,-529.541152870996,0,0,0,0,1,1,102.930408812055,29.987722
266.482125498801,3,37,22,285.733463289048,2.8480248782005,4,0.0744836945575509,41.9016465603045,-529.541152870996,0,0,0,0,1,1,102.930408812055,29.987722
257.677946488958,3,37,22,285.733463289048,2.30257455354278,6,0.0744836945575509,41.9016465603045,-529.541152870996,0,0,0,21.0773345468444,1,1,102.930408812055,29.987722
19.7390321247762,1,10,41,634.651802517981,2.24202320818035,6,0.0390582051746103,972.88262838317,402.982973667739,0.786226250401996,0,6659.46016677905,46.9243048996916,263539510137.869,3,113.742101690285,38.3741129503678
1.44168465665119,2,37,22,285.733463289048,2.16681041724439,6,0.0744836945575509,41.9016465603045,-529.541152870996,0.786226250401996,0.786226250401996,40084.8947077453,0,1,1,102.930408812055,29.987722
97.8903901485803,2,37,22,285.733463289048,2.35558504560687,3,0.0744836945575509,41.9016465603045,-529.541152870996,0,0,0,135.335862779484,1,1,102.930408812055,29.987722
19.3276673340712,1,10,41,634.651802517981,2.1742832803966,6,0.0390582051746103,972.88262838317,402.982973667739,0.786226250401996,0,29480.9378877838,0,263539510137.869,3,113.742101690285,38.3741129503678
37.8973466492098,2,37,22,285.733463289048,2.61414452577468,4,0.0744836945575509,41.9016465603045,-529.541152870996,0.786226250401996,0.786226250401996,6399.25257740007,0,1,1,102.930408812055,29.987722
240.653396918725,3,37,22,285.733463289048,1.66561056073724,5,0.0744836945575509,41.9016465603045,-529.541152870996,0,0,0,0,1,1,102.930408812055,29.987722
463.189997845322,2,37,22,285.733463289048,1.83169702550003,6,0.0744836945575509,41.9016465603045,-529.541152870996,0,0,0,0,1,1,102.930408812055,29.987722
258.510123516256,3,37,22,285.733463289048,1.58582107587157,5,0.0744836945575509,41.9016465603045,-529.541152870996,0,0,0,0,1,1,102.930408812055,29.987722
7.47366811436339,2,37,22,285.733463289048,2.70676733392464,3,0.0744836945575509,41.9016465603045,-529.541152870996,0,0,0,317.755527219667,1,1,102.930408812055,29.987722
19.106325487087,1,10,41,634.651802517981,1.70229470418871,2,0.0390582051746103,972.88262838317,402.982973667739,0.786226250401996,0,36583.6024955461,149.059015194272,263539510137.869,3,113.742101690285,38.3741129503678
98.7984976879894,2,37,22,285.733463289048,1.89191768496934,2,0.0744836945575509,41.9016465603045,-529.541152870996,0.786226250401996,0,55911.740486135,0,263539510137.869,1,102.930408812055,29.987722
0,3,10,41,634.651802517981,2.30879304470751,4,0.0390582051746103,972.88262838317,402.982973667739,0.786226250401996,0,8044.2709785921,54.1710517937941,263539510137.869,3,113.742101690285,38.3741129503678
248.5038835115,3,37,22,285.733463289048,2.24909507136696,4,0.0744836945575509,41.9016465603045,-529.541152870996,0.786226250401996,0.786226250401996,39988.9711067805,0,1,1,102.930408812055,29.987722
97.8358029627728,2,37,22,285.733463289048,2.48044878865993,5,0.0744836945575509,41.9016465603045,-529.541152870996,0,0,0,0,1,1,102.930408812055,29.987722
36.5855786273026,2,37,22,285.733463289048,2.84694216308741,3,0.0744836945575509,41.9016465603045,-529.541152870996,0,0,0,0,1,1,102.930408812055,29.987722
218.310990381328,2,37,22,285.733463289048,2.11402695301918,2,0.0744836945575509,41.9016465603045,-529.541152870996,0,0,0,0,1,1,102.930408812055,29.987722
236.196965913825,3,37,22,285.733463289048,2.35769189496054,5,0.0744836945575509,41.9016465603045,-529.541152870996,0,0,0,0,1,1,102.930408812055,29.987722
244.811643424247,3,37,22,285.733463289048,2.84797962750364,3,0.0744836945575509,41.9016465603045,-529.541152870996,0,0,0,0,1,1,102.930408812055,29.987722
23.41333484768,1,37,22,285.733463289048,2.84462649453565,3,0.0744836945575509,41.9016465603045,-529.541152870996,0,0,0,0,1,1,102.930408812055,29.987722
219.278823707862,2,37,22,285.733463289048,2.29349831969995,5,0.0744836945575509,41.9016465603045,-529.541152870996,0,0,0,0,1,1,102.930408812055,29.987722
42.6310784810122,2,37,22,285.733463289048,2.81872065947604,3,0.0744836945575509,41.9016465603045,-529.541152870996,0,0,0,0,1,1,102.930408812055,29.987722
38.9498759196581,2,37,22,285.733463289048,2.19622932599044,5,0.0744836945575509,41.9016465603045,-529.541152870996,0,0,0,0,1,1,102.930408812055,29.987722
248.561842104869,3,37,22,285.733463289048,1.92533758097983,4,0.0744836945575509,41.9016465603045,-529.541152870996,0,0,0,0,1,1,102.930408812055,29.987722
301.400358901127,3,37,22,285.733463289048,2.34608983171983,2,0.0744836945575509,41.9016465603045,-529.541152870996,0,0,0,0,1,1,102.930408812055,29.987722
13.1168989305294,1,37,22,285.733463289048,2.73161791797487,3,0.0744836945575509,41.9016465603045,-529.541152870996,0,0,0,0,1,1,102.930408812055,29.987722
12.4414470997831,2,37,22,285.733463289048,2.09989733001714,5,0.0744836945575509,41.9016465603045,-529.541152870996,0,0,0,0.939977373433357,1,1,102.930408812055,29.987722
268.076291333834,3,37,22,423.81561420144,2.42438818718535,2,0.0744836945575509,46.0805091021265,-525.090746806356,0.816855516192406,0,99.064215399286,0.762123140837464,1,1,102.97361587734,30.0277454632904
260.586945795052,3,37,23,576.874218900315,2.44555482378897,2,0.0744836945575509,54.2551432977568,-516.384922856332,0.816855516192406,0,268.141300407184,0,1,1,103.058284985621,30.1060388190462
6.01714569195616,2,36,23,166.417831313989,2.48401257550098,2,0.0744836945575509,68.2463607444774,-501.484552635148,0.816855516192407,0,268.141300407184,0,1,1,103.203654205869,30.2400410678072
34.8594266820875,2,36,23,0.777456273051963,1.75021935736778,4,0.0744836945575509,76.7804426774216,-492.395923944827,0.816855516192404,0.0360101846057622,268.141300407183,173.688413553605,1.00000623413295,1,103.292605396761,30.321777069301
23.7161531451629,1,10,41,370.532261171941,2.51536095725962,3,0.0390582051746103,979.914364132174,402.551578640604,0.780845331586642,0.000385316205592456,29340.6337717867,984.492083268281,187.871336534895,3,113.822774731475,38.3702333216819
240.911952315773,3,36,23,171.026207149539,2.56640052382055,3,0.0744836945575509,85.9965704168646,-482.580929942599,0.78046001538105,0,182923.969507112,0,1.06012610226988,1,103.388905389983,30.4100454309827
276.399401236979,3,35,24,270.696827725547,2.60278115591723,2,0.0744836945575509,111.137679270534,-455.806145609691,0.816855516192406,0,268.141300407184,0,1,1,103.65287288255,30.6508368514267
245.209998266292,3,35,24,197.93125569383,2.47769106893992,3,0.0744836945575509,114.517464821956,-452.20674075617,0.816855516192402,0,268.141300407181,0,1,1,103.688500032442,30.6832070769589
263.838418415869,3,34,24,182.548263860713,1.78914326160806,5,0.0744836945575509,140.994298161721,-424.009436229282,0.816855516192406,0,268.141300407183,0,1,1,103.968757637808,30.9367915288559
259.228429837327,3,33,25,331.096388726678,2.72138387255346,2,0.0744836945575509,163.441092093497,-400.10404406911,0.816855516192407,0.0781527930243847,268.141300407184,41.1379243658271,1.00007989162427,1,104.207967037171,31.1517778855319
0,3,10,42,102.290130306733,2.47532929696759,2,0.082686453613915,1040.69477525485,398.822717369154,0.738702723168023,0.00178507701089758,18379.5113976595,66.181612050016,88.4701920856544,3,114.519742503915,38.336698866613
269.32720309786,3,33,25,92.393172301024,2.27334168457381,3,0.0744836945575509,181.597519008423,-380.767808037007,0.736917646157125,0,33760.5373897447,0,1.03847940525627,1,104.402535826941,31.32567283394
247.433663920344,3,32,25,406.54612271716,1.6380175565057,5,0.0744836945575509,196.612289479901,-364.777374062044,0.816855516192405,0,268.141300407184,0,1,1,104.564167943143,31.469478261557
17.3804409485032,1,32,26,540.126614910079,2.42896524260476,4,0.0744836945575509,206.280410107508,-354.481016561849,0.816855516192407,0,268.141300407184,0,1,1,104.66859386222,31.5620756291789
252.818131931646,3,32,26,334.830621542599,2.78867523130815,2,0.0744836945575509,218.944408165283,-340.994108774176,0.816855516192406,0,268.141300407183,0,1,1,104.805792997755,31.6833663048838
102.887127721508,2,30,26,828.185842249078,2.78799895671602,2,0.0744836945575509,253.018071286307,-304.706330585569,0.816855516192407,0,268.141300407184,0,1,1,105.177274482424,32.0097101344418
3.68090294864438,2,30,27,75.4936108304459,2.22453904405624,1,0.0744836945575509,274.350824187108,-281.987370118445,0.816855516192407,0,268.141300407183,0,1,1,105.411583313254,32.2140266545628
8.1443713143237,2,29,27,239.691903124472,1.94104279578179,3,0.0744836945575509,294.727743108605,-260.286353959303,0.816855516192407,0.0931960548240466,268.141300407184,10.0466561252097,1.00012237071397,1,105.636639599896,32.4091885815859
0,3,10,42,102.290130306733,1.87767273495585,3,0.082686453613915,1040.69477525485,398.822717369154,0.72365946136836,0.00688488330882631,4283.41048010932,42.2076397866241,28.0290413474126,3,114.519742503915,38.336698866613
251.821019285206,3,28,28,205.893454544391,2.41476941421135,1,0.0744836945575509,341.68084321865,-210.282229776673,0.716774578059534,0,39594.9735891105,0,1.0018443656835,1,106.15985516168,32.8588864742107
17.1154142420164,2,28,28,231.184656914111,2.02443379617949,4,0.0744836945575509,342.267044101808,-209.657937414961,0.816855516192461,0,268.141300407168,0,1,1,106.166428263297,32.8645008703037
259.638659557481,3,28,28,521.130868590767,1.78896676935189,3,0.0744836945575509,347.487787678464,-204.097948627832,0.816855516192407,0,268.141300407186,0,1,1,106.22501317892,32.914503050753
248.198978880641,3,27,28,587.574696078862,2.44033093446935,1,0.0744836945575509,352.070377655648,-199.217580819101,0.816855516192403,0,268.141300407181,0,1,1,106.276502866844,32.9583932529052
226.521944782754,3,27,29,397.342239846284,2.46453536423474,1,0.0744836945575509,362.584706264683,-188.02002853329,0.816855516192405,0,268.141300407184,0,1,1,106.394873877445,33.0590952599456
263.261186046926,3,26,29,256.399854179128,2.50899362701855,2,0.0744836945575509,380.920599998593,-168.492663883863,0.816855516192407,0,268.141300407184,0,1,1,106.602076036937,33.2347090693044
98.4342630492672,2,26,29,144.924706734577,1.87761448044175,4,0.0744836945575509,394.388930533901,-154.149157895081,0.816855516192408,0,268.141300407183,0,1,1,106.754900905033,33.3637033177078
273.692794009055,3,26,30,799.796344824404,2.57730581704393,1,0.0744836945575509,408.652123545131,-138.959139069854,0.816855516192406,0,268.141300407184,0,1,1,106.917324879992,33.5003104389461
8.01113940126112,2,25,30,207.561610631984,2.60308921672093,1,0.0744836945575509,420.966841013134,-125.844208211172,0.816855516192405,0,268.141300407183,0,1,1,107.058040120446,33.6182558457596
9.69705997884178,2,25,30,89.4924119903437,2.61170459283189,1,0.0744836945575509,424.595133162676,-121.980148739245,0.816855516192409,0,268.141300407182,0,1,1,107.099583926865,33.6530061674562
257.989739773963,3,25,30,17.4587662007573,2.3639702648257,2,0.0744836945575509,430.40574836038,-115.791958327057,0.816855516192404,0,268.141300407186,0,1,1,107.166195646836,33.7086579008484
100,2,24,30,385.441627233493,2.32894009136581,2,0.0744836945575509,444.010397238641,-101.303275995641,0.816855516192404,0,268.141300407183,0,1,1,107.322543793387,33.8389577514677
291.438136029263,3,23,31,384.148261893106,2.37909244147606,3,0.0744836945575509,501.094447452801,-40.5098900623094,0.816855516192407,0,268.141300407184,0,1,1,107.984483635856,34.3856858061357
95.1013724494533,2,22,32,644.714518697862,2.12527891716696,2,0.0744836945575509,512.668212397902,-28.1840590049562,0.816855516192406,0,268.141300407182,0,1,1,108.119856475099,34.4965346679435
267.075490750499,3,22,32,205.167715735394,2.09974085006513,2,0.0744836945575509,521.266854376481,-19.0266751412468,0.81685551619241,0,268.141300407185,0,1,1,108.220684978711,34.5788889995668
218.353053205235,2,22,32,96.3020992685209,2.3053058694154,3,0.0744836945575509,526.129026394195,-13.8485579817568,0.816855516192396,0,268.141300407181,0,1,1,108.277795216683,34.6254569259619
40.7709422687042,2,21,32,234.575521181432,2.0434725378042,2,0.0744836945575509,542.097539750761,3.15759332715015,0.816855516192405,0,268.141300407185,0,1,1,108.465846240609,34.7783969190181
252.494872511005,3,21,32,228.733093775443,2.24260057666331,3,0.0744836945575509,549.240180014131,10.7643641236326,0.816855516192408,0.148481010976082,268.141300407184,111.142553685683,1.00017743598658,1,108.550202552939,34.8468062523036
17.6023676882367,1,10,42,102.290130306733,2.57397356722149,1,0.082686453613915,1040.69477525485,398.822717369154,0.668374505216326,0.00728265582979293,15838.3258093876,0,41.6157621811275,3,114.519742503915,38.336698866613
5.82647596539008,2,21,33,523.791923401197,1.96029468191014,2,0.0744836945575509,569.362096158632,32.1938073621809,0.661091849386533,0,8519.38108814272,0,1.11869070880463,1,108.788651468761,35.0395258653759
215.667063045354,2,20,33,70.5518308499322,2.63732735827176,1,0.0744836945575509,592.416692643537,56.7464972358996,0.816855516192405,0,268.141300407184,0,1,1,109.06331243345,35.2603335102445
2.81363273605801,2,20,33,177.645687089057,1.88902383151686,2,0.0744836945575509,595.792190983086,60.341336293459,0.816855516192418,0,268.14130040718,0,1,1,109.103657216352,35.2926626745872
277.498466327475,3,19,33,561.902002189725,2.6167680921391,1,0.0744836945575509,605.541311394306,70.7239569632656,0.816855516192399,0,268.141300407184,0,1,1,109.22036865724,35.3860358255313
222.360893841021,2,19,34,569.372636475134,2.58891008824682,1,0.0744836945575509,614.081634225908,79.8192320873852,0.816855516192414,0,268.141300407182,0,1,1,109.322837965947,35.4678315998403
257.0259195131,3,19,34,406.926575883024,2.04439658682052,3,0.0744836945575509,617.310675369483,83.2580971241067,0.816855516192385,0,268.141300407191,0,1,1,109.361636662019,35.4987580561139
461.372352955835,2,19,34,265.764230499842,1.99700186784028,3,0.0744836945575509,633.59133976656,100.596683125439,0.816855516192409,0,268.141300407183,0,1,1,109.557723365024,35.6546877061847
270.207514744759,3,18,34,206.585278683513,1.94972382488673,3,0.0744836945575509,651.744026236289,119.92893565729,0.816855516192405,0,268.141300407185,0,1,1,109.777273242527,35.8285468301144
252.563358716019,3,18,35,802.282879834942,2.4688919058161,1,0.0744836945575509,663.969723336269,132.949061582391,0.816855516192406,0,268.141300407182,0,1,1,109.925682852729,35.9456396356766
98.5004169151139,2,17,35,81.6206390931789,1.66417795008276,2,0.0744836945575509,679.811148409723,149.819866380077,0.816855516192403,0,268.141300407184,0,1,1,110.118636108105,36.0973624283146
18.9174257676898,1,17,35,227.732645833146,2.39231992310741,1,0.0744836945575509,695.090106467282,166.091654915887,0.816855516192408,0,268.141300407182,0,1,1,110.305435360758,36.2436981382865
94.0674877964076,2,16,35,354.227044252444,2.37987275797043,1,0.0744836945575509,701.521174594658,172.940615442765,0.816855516192417,0,268.141300407184,0,1,1,110.384265723103,36.3052923200856
11.2761930644181,2,16,35,475.063284643736,1.58788208058091,2,0.0744836945575509,709.676058772258,181.625406013695,0.816855516192396,0,268.141300407185,0,1,1,110.484400537771,36.3833965181188
264.648561540896,3,14,37,340.131341240981,2.38261279177087,2,0.0744836945575509,772.783156869684,248.833218973292,0.816855516192407,0,268.141300407184,0,1,1,111.265892585047,36.9878109009299
255.688841037801,3,14,37,185.554278345694,2.16725691258896,1,0.0744836945575509,776.833772165897,253.147044254544,0.816855516192405,0,268.141300407184,0,1,1,111.316452486149,37.0266060637258
456.785151040197,2,14,37,164.700662519433,1.8058039153165,8,0.0744836945575509,789.917349373487,267.080795549092,0.816855516192408,0,268.141300407182,0,1,1,111.480090706048,37.1519152996326
226.081629447944,2,13,37,217.036583518668,1.82229550017391,8,0.0744836945575509,797.672195530984,275.339553530308,0.816855516192401,0,268.141300407183,0,1,1,111.577318591055,37.2261880945382
103.305362280971,2,13,37,220.505591723851,2.30415182598072,2,0.0744836945575509,803.919752403407,281.993078195442,0.816855516192413,0,268.141300407185,0,1,1,111.65577678221,37.2860246794069
100.305150397826,2,13,38,673.386659337872,1.87219763722322,8,0.0744836945575509,816.475883330482,295.36510961955,0.816855516192401,0,268.141300407183,0,1,1,111.813805530943,37.4062822471542
252.088230995875,3,13,38,534.05630383994,2.24034831333193,2,0.0744836945575509,824.817545713473,304.248815289911,0.816855516192417,0,268.141300407183,0,1,1,111.919047427521,37.4861753316539
250.213388744106,3,12,38,31.0445898759445,2.20985401802502,2,0.0744836945575509,837.663454622218,317.929454540698,0.816855516192402,0,268.141300407184,0,1,1,112.081515756448,37.6092082762641
218.202250523414,2,12,38,535.956999754499,1.94542384285075,1,0.0744836945575509,857.323750804187,338.867281637235,0.816855516192407,0,268.141300407184,0,1,1,112.331105711391,37.7975066791531
15.3631913937352,1,11,39,348.784855288153,1.90143736205606,1,0.0744836945575509,873.726780480754,356.33618424422,0.816855516192403,0.567684434412005,268.141300407183,17.4293619280678,1.01724983349606,1,112.540211399526,37.9546082946146
17.8160863588161,1,10,42,102.290130306733,1.88214797301489,1,0.082686453613915,1040.69477525485,398.822717369154,0.249171081780398,0.0487507157513502,5875.52363613303,5.45665819999616,22.8971684069626,3,114.519742503915,38.336698866613
214.679105354328,2,11,39,196.433832150276,2.08130245606096,2,0.0744836945575509,883.667652532614,366.923016623761,0.200420366029048,0,6451.546363131,0,1.14621142775693,1,112.667321444747,38.0498179655863
102.10254866002,2,10,39,197.278354776843,1.85573730833034,1,0.0744836945575509,892.021544052475,375.819746083335,0.816855516192399,0,268.141300407185,0,1,1,112.774363426028,38.1298281758363
263.748370899878,3,10,39,322.765109361514,1.80687753300536,1,0.0744836945575509,909.7115975268,394.659303613174,0.816855516192411,0,268.141300407182,0,1,1,113.001709003038,38.2992563871617
99.9163561789456,2,10,40,804.600245388957,1.77799063480211,1,0.0744836945575509,919.373890289282,404.949454552126,0.816855516192402,0,268.141300407182,0,1,1,113.12627238668,38.3917979378373
279.026386950329,3,9,40,340.77438432557,2.15430432030376,8,0.0744836945575509,927.783783777251,413.905825001564,0.816855516192404,0.949653378611252,268.141300407185,8.75960622659519,1.03889148467936,1,113.23491300781,38.4723445123952
26.9879837980575,1,10,42,102.290130306733,1.9185275467018,2,0.082686453613915,1040.69477525485,398.822717369154,-0.132797862418849,0.241474311527556,1713.01434618175,0.124478940756183,7.28461134564505,3,114.519742503915,38.336698866613
248.095805150356,3,9,40,152.797980757524,2.21624627206029,8,0.0499846410450785,947.860232599572,435.286846440077,-0.374272173946405,0,1742.81421588675,0,1,1,113.495102784006,38.6646286577579
284.421550226535,3,9,40,152.797980757524,2.23247057158006,8,0.0499846410450785,947.860232599572,435.286846440077,0,0,0,0,1,1,113.495102784006,38.6646286577579
8.04307587562545,2,9,40,152.797980757524,2.23565099891695,8,0.0499846410450785,947.860232599572,435.286846440077,0,0,0,0,1,1,113.495102784006,38.6646286577579
100,2,9,40,152.797980757524,2.27574073438851,8,0.0499846410450785,947.860232599572,435.286846440077,0,0,0,0,1,1,113.495102784006,38.6646286577579
240.267943446898,3,9,40,152.797980757524,2.32100229237163,8,0.0499846410450785,947.860232599572,435.286846440077,0,0,0,0,1,1,113.495102784006,38.6646286577579
248.463365270237,3,9,40,152.797980757524,2.51980632165528,7,0.0499846410450785,947.860232599572,435.286846440077,0,0,0,0,1,1,113.495102784006,38.6646286577579
206.371547916266,3,9,40,152.797980757524,2.26991103978757,8,0.0499846410450785,947.860232599572,435.286846440077,0,0,0,0,1,1,113.495102784006,38.6646286577579
14.2340320885119,2,9,40,152.797980757524,2.54983940880974,7,0.0499846410450785,947.860232599572,435.286846440077,0,0,0,0,1,1,113.495102784006,38.6646286577579
220.437554106072,2,9,40,152.797980757524,2.57036668683506,7,0.0499846410450785,947.860232599572,435.286846440077,0,0,0,0,1,1,113.495102784006,38.6646286577579
18.2822294786354,1,9,40,152.797980757524,2.58211709398506,7,0.0499846410450785,947.860232599572,435.286846440077,0,0,0,0,1,1,113.495102784006,38.6646286577579
98.7780321151964,2,9,40,152.797980757524,2.16681000152992,8,0.0499846410450785,947.860232599572,435.286846440077,0,0,0,0,1,1,113.495102784006,38.6646286577579
262.605946065601,3,9,40,152.797980757524,2.60196704216851,7,0.0499846410450785,947.860232599572,435.286846440077,0,0.374272173946405,0,2.36302346904703,1,1,113.495102784006,38.6646286577579
15.8443928549613,1,10,42,102.290130306733,2.01014162293417,8,0.082686453613915,1040.69477525485,398.822717369154,-0.374272173946405,0,1966.92079633354,16.9623503051292,19947816942.1266,3,114.519742503915,38.336698866613
245.607043253002,3,9,40,152.797980757524,2.10540536013665,6,0.0499846410450785,947.860232599572,435.286846440077,-0.374272173946405,0,5063.39192504501,0,1,1,113.495102784006,38.6646286577579
311.51656756297,3,9,40,152.797980757524,2.14454827064249,6,0.0499846410450785,947.860232599572,435.286846440077,0,0,0,0,1,1,113.495102784006,38.6646286577579
293.087304265624,3,9,40,152.797980757524,1.97286381558564,8,0.0499846410450785,947.860232599572,435.286846440077,0,0,0,0,1,1,113.495102784006,38.6646286577579
7.56832205894273,2,9,40,152.797980757524,1.96706192262137,8,0.0499846410450785,947.860232599572,435.286846440077,0,0,0,0,1,1,113.495102784006,38.6646286577579
223.7053088366,3,9,40,152.797980757524,1.92630677533683,8,0.0499846410450785,947.860232599572,435.286846440077,0,0,0,0,1,1,113.495102784006,38.6646286577579
0.719278170146714,2,9,40,152.797980757524,1.9041780691864,8,0.0499846410450785,947.860232599572,435.286846440077,0,0,0,0,1,1,113.495102784006,38.6646286577579
22.5772958836762,1,9,40,152.797980757524,2.56422226267016,7,0.0499846410450785,947.860232599572,435.286846440077,0,0,0,0,1,1,113.495102784006,38.6646286577579
250.823920942099,3,9,40,152.797980757524,2.2330446125916,6,0.0499846410450785,947.860232599572,435.286846440077,0,0,0,0,1,1,113.495102784006,38.6646286577579
20.2935626956132,2,9,40,152.797980757524,2.55318109089869,7,0.0499846410450785,947.860232599572,435.286846440077,0,0,0,0,1,1,113.495102784006,38.6646286577579
248.915352829514,3,9,40,152.797980757524,2.27758805708609,6,0.0499846410450785,947.860232599572,435.286846440077,0,0,0,0,1,1,113.495102784006,38.6646286577579
279.613490094645,3,9,40,152.797980757524,2.50811088053271,7,0.0499846410450785,947.860232599572,435.286846440077,0,0,0,0,1,1,113.495102784006,38.6646286577579
10.9075304252777,2,9,40,152.797980757524,2.31937830850342,6,0.0499846410450785,947.860232599572,435.286846440077,0,0,0,0,1,1,113.495102784006,38.6646286577579
215.908821657011,2,9,40,152.797980757524,2.49158525893537,7,0.0499846410450785,947.860232599572,435.286846440077,0,0,0,0,1,1,113.495102784006,38.6646286577579
9.6792845099647,2,9,40,152.797980757524,1.73389984421691,8,0.0499846410450785,947.860232599572,435.286846440077,0,0.374272173946405,0,2.73013465793019,1,1,113.495102784006,38.6646286577579
17.1286848800745,1,10,42,102.290130306733,1.69486268040448,5,0.082686453613915,1040.69477525485,398.822717369154,-0.374272173946405,0,893.982362863313,5.34671990947381,19947816942.1266,3,114.519742503915,38.336698866613
47.9755467780602,2,9,40,152.797980757524,2.43757629694011,6,0.0499846410450785,947.860232599572,435.286846440077,-0.374272173946405,0,3041.44868844189,0,1,1,113.495102784006,38.6646286577579
82.2196677219167,2,9,40,152.797980757524,2.36878504796425,7,0.0499846410450785,947.860232599572,435.286846440077,0,0,0,0,1,1,113.495102784006,38.6646286577579
262.721480666383,3,9,40,152.797980757524,2.35258034259311,7,0.0499846410450785,947.860232599572,435.286846440077,0,0.374272173946405,0,7.27677457233014,1,1,113.495102784006,38.6646286577579
20.911678600165,1,10,42,102.290130306733,2.28291699154449,7,0.082686453613915,1040.69477525485,398.822717369154,-0.374272173946405,0,930.254311456147,2.88880509363233,19947816942.1266,3,114.519742503915,38.336698866613
99.9479620967677,2,9,40,152.797980757524,2.53007167259977,6,0.0499846410450785,947.860232599572,435.286846440077,-0.374272173946405,0,2045.27885972516,0,1,1,113.495102784006,38.6646286577579
98.5964955379081,2,9,40,152.797980757524,2.45308157053429,8,0.0499846410450785,947.860232599572,435.286846440077,0,0,0,0,1,1,113.495102784006,38.6646286577579
218.800964422353,2,9,40,152.797980757524,2.439651445829,8,0.0499846410450785,947.860232599572,435.286846440077,0,0,0,0,1,1,113.495102784006,38.6646286577579
236.175445456582,3,9,40,152.797980757524,2.56903538111272,6,0.0499846410450785,947.860232599572,435.286846440077,0,0,0,0,1,1,113.495102784006,38.6646286577579
25.7939878472498,2,9,40,152.797980757524,2.17068785528007,7,0.0499846410450785,947.860232599572,435.286846440077,0,0,0,0,1,1,113.495102784006,38.6646286577579
253.346824783916,3,9,40,152.797980757524,1.98673020359571,5,0.0499846410450785,947.860232599572,435.286846440077,0,0,0,0,1,1,113.495102784006,38.6646286577579
12.9654038923349,2,9,40,152.797980757524,2.60206685590448,6,0.0499846410450785,947.860232599572,435.286846440077,0,0,0,0,1,1,113.495102784006,38.6646286577579
249.439778844919,3,9,40,152.797980757524,2.22802089618018,8,0.0499846410450785,947.860232599572,435.286846440077,0,0,0,0,1,1,113.495102784006,38.6646286577579
93.6027833896594,2,9,40,152.797980757524,2.16648912909169,8,0.0499846410450785,947.860232599572,435.286846440077,0,0,0,0,1,1,113.495102784006,38.6646286577579
99.8276832254163,2,9,40,152.797980757524,2.1622393874131,5,0.0499846410450785,947.860232599572,435.286846440077,0,0,0,0,1,1,113.495102784006,38.6646286577579
13.3241489867767,2,9,40,152.797980757524,2.19061185276435,5,0.0499846410450785,947.860232599572,435.286846440077,0,0,0,0,1,1,113.495102784006,38.6646286577579
5.41355761322461,2,9,40,152.797980757524,2.12464557970951,8,0.0499846410450785,947.860232599572,435.286846440077,0,0,0,0,1,1,113.495102784006,38.6646286577579
223.925773995926,2,9,40,152.797980757524,1.89375506811774,7,0.0499846410450785,947.860232599572,435.286846440077,0,0,0,0,1,1,113.495102784006,38.6646286577579
265.270207063647,3,9,40,152.797980757524,2.04748495883776,8,0.0499846410450785,947.860232599572,435.286846440077,0,0.805835999949162,0,9.30554806552503,1,1,113.495102784006,38.6646286577579
0,3,11,42,532.10096460632,2.012797150477,8,0.082686453613915,1022.3768876504,357.660280076803,-0.805835999949162,0,3435.31753028509,0,21520795231.8834,3,114.250250027889,37.9665161745201
264.536685544869,3,9,40,152.797980757524,2.00929093226809,8,0.0499846410450785,947.860232599572,435.286846440077,-0.805835999949162,0,2469.27911236463,0,1,1,113.495102784006,38.6646286577579
216.637297609944,2,9,40,152.797980757524,1.96065893621047,8,0.0499846410450785,947.860232599572,435.286846440077,0,0,0,0,1,1,113.495102784006,38.6646286577579
217.49333808962,2,9,40,152.797980757524,1.62397351254447,4,0.0499846410450785,947.860232599572,435.286846440077,0,0,0,0,1,1,113.495102784006,38.6646286577579
92.9935393731403,2,9,40,152.797980757524,2.45577604205268,6,0.0499846410450785,947.860232599572,435.286846440077,0,0,0,0,1,1,113.495102784006,38.6646286577579
270.721843683822,3,9,40,152.797980757524,2.38415894491847,6,0.0499846410450785,947.860232599572,435.286846440077,0,0,0,0,1,1,113.495102784006,38.6646286577579
0,2,9,40,152.797980757524,2.47972560172986,5,0.0499846410450785,947.860232599572,435.286846440077,0,0,0,0,1,1,113.495102784006,38.6646286577579
220.402893770744,2,9,40,152.797980757524,2.30446300929523,6,0.0499846410450785,947.860232599572,435.286846440077,0,0,0,0,1,1,113.495102784006,38.6646286577579
266.473578127194,3,9,40,152.797980757524,2.52583790452785,5,0.0499846410450785,947.860232599572,435.286846440077,0,1.54954826191105,0,12.8302176793149,1,1,113.495102784006,38.6646286577579
0,3,12,40,275.054713477202,2.2447446943363,6,0.0439680020593589,949.942680014466,337.295145915413,-1.54954826191105,0,1833.6763361483,0,19602765069.1949,3,113.391130155596,37.7833681229324
259.727962244842,3,9,40,152.797980757524,2.22804634527548,6,0.0499846410450785,947.860232599572,435.286846440077,-1.54954826191105,0,1532.49351058035,0,1,1,113.495102784006,38.6646286577579
252.81898153705,3,9,40,152.797980757524,1.90142852315176,4,0.0499846410450785,947.860232599572,435.286846440077,0,0,0,0,1,1,113.495102784006,38.6646286577579
229.3420990139,3,9,40,152.797980757524,1.91764752952488,4,0.0499846410450785,947.860232599572,435.286846440077,0,0.374272173946395,0,0.442449651516074,1,1,113.495102784006,38.6646286577579
461.935087515209,2,9,40,153.377040795678,2.3855655129382,7,0.0499846410450785,948.622285183014,434.987522686583,-0.374272173946395,0,50.8772522866558,2.22790762514272,1,1,113.503551696775,38.6619367745711
244.128178217518,3,9,40,245.166493683214,2.58408698755891,5,0.0499846410450785,956.85778937019,431.752730129243,-0.374272173946405,0,179.944707762286,0,1,1,113.594819056459,38.6328455861963
252.597574887978,3,9,40,530.774953145427,2.59206121528701,5,0.0499846410450785,966.0079435771,428.158675648267,-0.374272173946406,0,179.944707762285,0,1,1,113.696136727065,38.6005234777204
247.494709127286,3,9,41,530.277586708711,1.99132260712884,4,0.0499846410450785,971.469832437764,426.013320970043,-0.374272173946409,0,179.944707762284,0,1,1,113.756571887432,38.5812298395755
265.597554513434,3,9,41,229.852263235787,2.58620801142849,5,0.0499846410450785,979.247582967624,422.958327741332,-0.374272173946405,0,179.944707762285,0,1,1,113.842576112599,38.5537556254104
241.283108772259,3,9,41,152.146799530873,2.28534525914126,7,0.0499846410450785,982.21017535586,421.794662276524,-0.374272173946401,0,179.944707762286,0,1,1,113.875318440924,38.5432905304647
261.235777100787,3,9,41,77.1928540414195,2.58814662073544,5,0.0499846410450785,986.373444320786,420.159387598028,-0.374272173946399,0,179.944707762287,0,1,1,113.921314508984,38.5285841519649
246.86953032094,3,9,41,435.450073209465,2.10924323205521,4,0.0499846410450785,1010.6122323708,410.638725668766,-0.374272173946406,0,179.944707762285,3.20593818754692,1.34548971534549,1,114.188734025389,38.4429627822086
18.1958503232046,1,12,40,286.125089741548,2.58785827536348,5,0.0523759269461824,948.395133596948,338.217174244225,0.861044944110864,0.18361741335417,1850.20918340038,0,9.9268663082255,3,113.374591107369,37.7916601229061
263.625299771286,3,10,42,439.191498498919,2.13755270403898,7,0.0499846410450785,1029.30010422788,403.298387127025,0.677427530756694,1.0516997047031,1731.28678614288,0,1.05122375562574,1,114.394478179881,38.3769495317551
92.0475073752614,2,10,42,102.290130306733,2.54141229520723,5,0.0603196048915287,1040.69477525485,398.822717369154,-0.374272173946406,0,164.849220424414,0,1,1,114.519742503915,38.336698866613
246.283638735467,3,10,42,102.290130306733,2.20775010351327,4,0.0603196048915287,1040.69477525485,398.822717369154,0,0,0,0,1,1,114.519742503915,38.336698866613
460.611547039131,2,10,42,102.290130306733,2.04709646927878,7,0.0603196048915287,1040.69477525485,398.822717369154,0,0,0,0,1,1,114.519742503915,38.336698866613
275.968522661545,3,10,42,102.290130306733,2.28311810026172,4,0.0603196048915287,1040.69477525485,398.822717369154,0,0,0,0,1,1,114.519742503915,38.336698866613
228.998471796387,2,10,42,102.290130306733,2.49033174280251,5,0.0603196048915287,1040.69477525485,398.822717369154,0,0,0,0,1,1,114.519742503915,38.336698866613
100.041172326851,2,10,42,102.290130306733,1.91664827683449,7,0.0603196048915287,1040.69477525485,398.822717369154,0,0,0,0,1,1,114.519742503915,38.336698866613
39.4853450149884,2,10,42,102.290130306733,2.38715856238715,4,0.0603196048915287,1040.69477525485,398.822717369154,0,0,0,0,1,1,114.519742503915,38.336698866613
96.7567568501699,2,10,42,102.290130306733,2.34388073031001,5,0.0603196048915287,1040.69477525485,398.822717369154,0,0,0,0,1,1,114.519742503915,38.336698866613
284.255075916863,3,10,42,102.290130306733,1.5886142704531,6,0.0603196048915287,1040.69477525485,398.822717369154,0,0,0,2.79971919093297,1,1,114.519742503915,38.336698866613
18.1017679815149,1,11,41,619.851276768167,2.43626634693722,6,0.0523759269461824,970.759234573928,348.112653122753,0.627371896411101,0,656.48293312169,0.0683379061959103,17277141506.8655,3,113.644247134816,37.8806523024698
261.245871656138,3,10,42,102.290130306733,2.19325547164992,5,0.0603196048915287,1040.69477525485,398.822717369154,0.627371896411101,0.627371896411101,688.855909004361,0,1,1,114.519742503915,38.336698866613
8.70606829668565,2,10,42,102.290130306733,2.55565828449174,4,0.0603196048915287,1040.69477525485,398.822717369154,0,0,0,0,1,1,114.519742503915,38.336698866613
458.4571935612,2,10,42,102.290130306733,2.5621927624505,4,0.0603196048915287,1040.69477525485,398.822717369154,0,0,0,0,1,1,114.519742503915,38.336698866613
254.824058320592,3,10,42,102.290130306733,2.30447737908136,6,0.0603196048915287,1040.69477525485,398.822717369154,0,0,0,0,1,1,114.519742503915,38.336698866613
269.883441790313,3,10,42,102.290130306733,2.2464451745208,6,0.0603196048915287,1040.69477525485,398.822717369154,0,0,0,0,1,1,114.519742503915,38.336698866613
14.3620855231236,2,10,42,102.290130306733,2.5724949952666,4,0.0603196048915287,1040.69477525485,398.822717369154,0,0,0,0,1,1,114.519742503915,38.336698866613
221.612202327659,2,10,42,102.290130306733,2.16551745112326,6,0.0603196048915287,1040.69477525485,398.822717369154,0,0,0,0.590166785654853,1,1,114.519742503915,38.336698866613
98.6694260949291,2,10,42,238.476297833012,2.54323024960994,4,0.0603196048915287,1037.80148128245,376.405855177463,1.4424381882519,0,184.444189024644,0.0741366063597262,1,1,114.454303677046,38.1350991815541
21.0815116938349,1,11,42,111.670674032262,2.52308580430125,4,0.0603196048915287,1035.71301295243,360.224676495893,1.44243818825189,0,217.150577609502,0,1,1,114.40717888139,37.9895783455784
261.356277925232,3,11,42,105.255434752957,2.24738959788141,3,0.0603196048915287,1035.12591521747,355.675920253674,1.44243818825187,0,217.150577609501,0,1,1,114.393948192557,37.9486703978916
104.109711914746,2,11,42,144.04374975491,2.04084969128769,6,0.0603196048915287,1034.50702368277,350.880829821337,1.44243818825188,0,217.150577609504,0,1,1,114.380008966313,37.9055471136102
289.939488973958,3,11,42,304.690041529181,2.02290638404872,6,0.0603196048915287,1033.5107472154,343.161810431358,1.44243818825191,0,217.150577609501,0,1,1,114.357587101469,37.8361283044711
0,2,11,42,363.90272826962,2.49794016448788,4,0.0603196048915287,1033.26119818674,341.228337289986,1.44243818825193,0,217.150577609502,0,1,1,114.351974150073,37.8187401627661
300.599757229645,3,12,42,219.335563677305,1.60179095969289,2,0.0603196048915287,1030.62481873693,320.802015120485,1.4424381882519,0.13203395440504,217.150577609502,7.64794814277529,1.9565123491794,1,114.292756843806,37.6350418342012
0,3,10,42,67.3322462728469,2.46235981995399,4,0.0690316600082384,1046.87500163216,381.79171610065,1.31040423384686,0,2828.49507054827,0,5.49795362052124,3,114.566581273817,38.183535392501
224.543273582172,2,13,42,360.011321955074,2.41036433227738,4,0.0603196048915287,1027.03714844351,293.005216273228,1.35097367151702,0,852.199953637152,0,1.00018962482998,1,114.212410158758,37.385059216414
284.490885722413,3,13,42,358.326964797152,1.67920988076963,2,0.0603196048915287,1026.45486514552,288.493761657101,1.44243818825189,0,217.150577609501,0,1,1,114.199395687557,37.34448673031
41.3177495171026,2,13,42,463.287404946089,2.38590924261606,4,0.0603196048915287,1025.38389170321,280.195999903081,1.44243818825191,0,217.150577609503,0,1,1,114.175477505369,37.2698631660484
217.552949244771,2,14,42,537.548585175838,1.80567131655421,6,0.0603196048915287,1022.26333561914,256.018340679654,1.44243818825189,0.064882686981995,217.150577609502,2.808330654096,1.46890658752176,1,114.105925232117,37.0524282528468
20.1920194664956,1,10,42,67.3322462728469,2.4776052086651,3,0.0690316600082384,1046.87500163216,381.79171610065,1.3775555012699,0,1352.13930723708,1.17298513782928,7.15821741531885,3,114.566581273817,38.183535392501
286.033587655092,3,15,41,539.918919769885,2.42836601134524,5,0.0603196048915287,1016.93684024866,214.749353212812,1.39345420331183,0,1752.3806793016,0,1.00000412848891,1,113.987685883446,36.6812873320135
250.38610081747,3,15,41,543.410126562315,2.24480411759622,4,0.0603196048915287,1016.86155247832,214.166033443561,1.44243818825189,0,217.150577609496,0,1,1,113.986018957162,36.6760414112971
101.890427704985,2,16,41,486.068198004298,1.91085980584339,2,0.0603196048915287,1014.46145527853,195.570395154564,1.4424381882519,0,217.150577609502,0,1,1,113.932942410085,36.5088068184056
268.61734581277,3,17,41,547.279594458441,2.1314422537544,4,0.0603196048915287,1011.0312308007,168.993465834755,1.44243818825189,0,217.150577609502,0,1,1,113.857298569697,36.2697947508428
7.72459367674042,2,17,41,208.129764622214,2.09075188111192,4,0.0603196048915287,1008.77780579541,151.534224470131,1.4424381882519,0,217.150577609502,0,1,1,113.807742281282,36.1127800210213
10.908442911201,2,17,41,241.763717465292,2.5880568019183,3,0.0603196048915287,1007.92152900936,144.899904247599,1.44243818825189,0,217.150577609504,0,1,1,113.788939832419,36.0531161458542
260.81300236208,3,17,41,300.231108842533,2.58848342198191,3,0.0603196048915287,1007.43841397018,141.156792293083,1.4424381882519,0,217.150577609501,0,1,1,113.778338310861,36.0194535313135
230.061698755215,3,18,41,427.621578103137,2.04764369616246,4,0.0603196048915287,1006.68011372061,135.281581423818,1.4424381882519,0.0332751429964981,217.150577609502,147.099201959513,1.0485740038816,1,113.761708138574,35.9666164905729
21.5253442506579,1,10,42,67.3322462728469,2.2718166605588,5,0.0690316600082384,1046.87500163216,381.79171610065,1.40916304525541,0,14663.6568919943,0,21.3844605095909,3,114.566581273817,38.183535392501
261.200766195765,3,18,41,142.738235229129,2.11919807596239,2,0.0603196048915287,1003.54334192847,110.978285021167,1.41213562536444,0,2862.3876742275,0,1.00002131531688,1,113.693046352387,35.7480516950734
261.720916860611,3,19,41,204.597855371849,2.15650156529566,5,0.0603196048915287,1001.74182508847,97.0203688455358,1.44243818825189,0,217.150577609502,0,1,1,113.653707258803,35.6225251391699
331.085586179872,3,19,41,51.7622078838132,2.55830959591421,3,0.0603196048915287,999.505859126432,79.6963978579792,1.44243818825189,0,217.150577609503,0,1,1,113.604977527659,35.4667269250758
13.2445983749157,2,19,41,58.1929264028402,2.5576494541314,3,0.0603196048915287,999.418306570556,79.0180521391129,1.44243818825188,0,217.150577609495,0,1,1,113.603071612418,35.4606264154632
256.544717089408,3,20,41,210.679315670285,1.87277611383928,4,0.0603196048915287,997.609535195077,65.0039287741216,1.4424381882519,0,217.150577609503,0,1,1,113.563733385662,35.3345943761617
258.226071179061,3,20,41,30.7304447784423,1.85177881445011,4,0.0603196048915287,996.447146473688,55.9978934285556,1.44243818825189,0,217.150577609503,0,1,1,113.538489901674,35.2536011544623
19.8920525707479,1,20,41,241.891944275995,2.4994118735074,3,0.0603196048915287,993.777062716984,35.3104347101249,1.44243818825189,0,217.150577609502,0,1,1,113.480613080282,35.067554368492
259.29994784823,3,21,41,141.382286681952,2.48569490953944,3,0.0603196048915287,992.930490825716,28.7513067393917,1.4424381882519,0,217.150577609503,0,1,1,113.462294510186,35.0085667134913
286.496461889575,3,21,41,54.3017091867071,2.35779192074914,2,0.0603196048915287,990.592114354581,10.6338725602956,1.44243818825189,0,217.150577609502,0,1,1,113.411774909382,34.8456327134806
266.292237302256,3,21,41,80.1146405327392,1.73794898406614,4,0.0603196048915287,990.374719612845,8.94952661647716,1.44243818825192,0,217.150577609504,0,1,1,113.407084116423,34.8304850264894
251.071513138978,3,22,41,53.4377786928893,2.41454222266849,2,0.0603196048915287,987.21290184654,-15.5478227087734,1.4424381882519,0,217.150577609503,0,1,1,113.338974550485,34.6101750711301
258.758092438157,3,24,41,365.179201810462,1.83240066289868,1,0.0603196048915287,979.887387661983,-72.3049457405162,1.44243818825189,0,217.150577609502,0,1,1,113.181992986449,34.0997460008077
9.92843837697154,2,24,41,269.679243795107,2.24186112088012,3,0.0603196048915287,978.057063132527,-86.4860601154393,1.44243818825189,0,217.150577609501,0,1,1,113.142948900592,33.972212175274
251.459232273713,3,26,41,772.923115036461,2.58282699417296,2,0.0603196048915287,971.582178743782,-136.65261506431,1.4424381882519,0,217.150577609502,0,1,1,113.005401560225,33.5210535076737
220.846536021613,3,26,41,619.986355897499,2.0148261347106,1,0.0603196048915287,970.384629192401,-145.931071908698,1.44243818825189,0,217.150577609502,0,1,1,112.980059748635,33.4376103405763
221.104897990771,2,27,40,696.067406580866,2.23231504741732,4,0.0603196048915287,966.740188987025,-174.167716587432,1.4424381882519,0,217.150577609503,0,1,1,112.903126522997,33.1836720941939
21.3078413308371,1,27,40,466.972610845115,2.12384911422241,1,0.0603196048915287,964.936579714653,-188.141844654647,1.44243818825189,0,217.150577609502,0,1,1,112.86515757166,33.0579997412467
30.0366903802181,2,27,40,518.056975646383,2.14321742506001,1,0.0603196048915287,963.87236175902,-196.38726578396,1.4424381882519,0,217.150577609501,0,1,1,112.842786575749,32.9838468875318
45.0801885368611,2,27,40,524.188972813406,2.58709827715643,2,0.0444809954262383,963.819577897658,-196.796228218266,1.44243818825185,1.44243818825185,13.9070806086941,0,1,1,112.841677631493,32.980169
252.380246978606,3,27,40,524.188972813406,2.14844948155765,4,0.0444809954262383,963.819577897658,-196.796228218266,0,0,0,0,1,1,112.841677631493,32.980169
265.888033808125,3,27,40,524.188972813406,2.57342074259858,2,0.0444809954262383,963.819577897658,-196.796228218266,0,0,0,0,1,1,112.841677631493,32.980169
10,2,27,40,524.188972813406,2.54615016755777,2,0.0444809954262383,963.819577897658,-196.796228218266,0,0,0,0,1,1,112.841677631493,32.980169
271.290937275483,3,27,40,524.188972813406,2.06010561825429,4,0.0444809954262383,963.819577897658,-196.796228218266,0,0,0,0,1,1,112.841677631493,32.980169
16.9540671629978,1,27,40,524.188972813406,2.53728300793638,2,0.0444809954262383,963.819577897658,-196.796228218266,0,0,0,0,1,1,112.841677631493,32.980169
222.577791133198,2,27,40,524.188972813406,1.82583551097977,3,0.0444809954262383,963.819577897658,-196.796228218266,0,0,0,0,1,1,112.841677631493,32.980169
241.541587403576,3,27,40,524.188972813406,2.01097869790664,4,0.0444809954262383,963.819577897658,-196.796228218266,0,0,0,0,1,1,112.841677631493,32.980169
222.182982343742,2,27,40,524.188972813406,1.77387014863906,3,0.0444809954262383,963.819577897658,-196.796228218266,0,0,0,0,1,1,112.841677631493,32.980169
208.889236482534,2,27,40,524.188972813406,2.4761541893245,2,0.0444809954262383,963.819577897658,-196.796228218266,0,0,0,0,1,1,112.841677631493,32.980169
0.367710741540378,2,27,40,524.188972813406,2.42682231720986,2,0.0444809954262383,963.819577897658,-196.796228218266,0,0,0,0,1,1,112.841677631493,32.980169
254.514917523204,3,27,40,524.188972813406,2.43792082967961,1,0.0444809954262383,963.819577897658,-196.796228218266,0,0,0,0,1,1,112.841677631493,32.980169
242.467392856183,3,27,40,524.188972813406,2.3119652838228,2,0.0444809954262383,963.819577897658,-196.796228218266,0,0,0,0,1,1,112.841677631493,32.980169
278.298786856145,3,27,40,524.188972813406,2.53793506891601,1,0.0444809954262383,963.819577897658,-196.796228218266,0,0,0,0,1,1,112.841677631493,32.980169
7.96535756404509,2,27,40,524.188972813406,2.54273327218895,1,0.0444809954262383,963.819577897658,-196.796228218266,0,0,0,0,1,1,112.841677631493,32.980169
15.3666518833832,2,27,40,524.188972813406,2.54963379242816,1,0.0444809954262383,963.819577897658,-196.796228218266,0,0,0,0,1,1,112.841677631493,32.980169
16.0583315644703,2,27,40,524.188972813406,2.56966964096952,1,0.0444809954262383,963.819577897658,-196.796228218266,0,0,0,0,1,1,112.841677631493,32.980169
100.230316230685,2,27,40,524.188972813406,2.39279757889466,3,0.0444809954262383,963.819577897658,-196.796228218266,0,0,0,0,1,1,112.841677631493,32.980169
262.375258001812,3,27,40,524.188972813406,2.18929918432099,2,0.0444809954262383,963.819577897658,-196.796228218266,0,0,0,0,1,1,112.841677631493,32.980169
241.639976052611,3,27,40,524.188972813406,2.58459355161166,1,0.0444809954262383,963.819577897658,-196.796228218266,0,0,0,0,1,1,112.841677631493,32.980169
283.10470970834,3,27,40,524.188972813406,2.3404455874327,3,0.0444809954262383,963.819577897658,-196.796228218266,0,0,0,0,1,1,112.841677631493,32.980169
248.174609587601,3,27,40,524.188972813406,2.6021166624428,1,0.0444809954262383,963.819577897658,-196.796228218266,0,0,0,0,1,1,112.841677631493,32.980169
100.362974303402,2,27,40,524.188972813406,2.03856659244734,2,0.0444809954262383,963.819577897658,-196.796228218266,0,0,0,0,1,1,112.841677631493,32.980169
248.183034953904,3,27,40,524.188972813406,2.59828189554168,1,0.0444809954262383,963.819577897658,-196.796228218266,0,0,0,0,1,1,112.841677631493,32.980169
250.047193328537,3,27,40,524.188972813406,1.99093969600184,2,0.0444809954262383,963.819577897658,-196.796228218266,0,0,0,0,1,1,112.841677631493,32.980169
10.0270397395579,2,27,40,524.188972813406,2.59320220337957,1,0.0444809954262383,963.819577897658,-196.796228218266,0,0,0,0,1,1,112.841677631493,32.980169
95.7146760264538,2,27,40,524.188972813406,2.58982532760243,1,0.0444809954262383,963.819577897658,-196.796228218266,0,0,0,0,1,1,112.841677631493,32.980169
255.492602175596,3,27,40,524.188972813406,2.12204422595356,3,0.0444809954262383,963.819577897658,-196.796228218266,0,0,0,0,1,1,112.841677631493,32.980169
248.258906051181,3,27,40,524.188972813406,2.5541246762202,1,0.0444809954262383,963.819577897658,-196.796228218266,0,0,0,0,1,1,112.841677631493,32.980169
245.434790706025,3,27,40,524.188972813406,1.86138651235309,2,0.0444809954262383,963.819577897658,-196.796228218266,0,0,0,0,1,1,112.841677631493,32.980169
99.6579855828918,2,27,40,524.188972813406,1.82514886422326,2,0.0444809954262383,963.819577897658,-196.796228218266,0,0,0,0,1,1,112.841677631493,32.980169
97.3187888555118,2,27,40,524.188972813406,1.94717623275235,3,0.0444809954262383,963.819577897658,-196.796228218266,0,0,0,0,1,1,112.841677631493,32.980169
96.7364483305804,2,27,40,524.188972813406,1.94427675568241,3,0.0444809954262383,963.819577897658,-196.796228218266,0,0,0,0,1,1,112.841677631493,32.980169
266.599490358548,3,27,40,524.188972813406,1.93635006144428,3,0.0444809954262383,963.819577897658,-196.796228218266,0,0,0,0,1,1,112.841677631493,32.980169
93.1071782781234,2,27,40,524.188972813406,1.90913112170694,3,0.0444809954262383,963.819577897658,-196.796228218266,0,0,0,0,1,1,112.841677631493,32.980169
11.1792317461053,2,27,40,524.188972813406,1.68243461990239,2,0.0444809954262383,963.819577897658,-196.796228218266,0,0,0,0,1,1,112.841677631493,32.980169
259.306336370698,3,27,40,524.188972813406,2.38107794455822,1,0.0444809954262383,963.819577897658,-196.796228218266,0,0,0,0,1,1,112.841677631493,32.980169
261.013736916489,3,27,40,524.188972813406,1.61534431827719,2,0.0444809954262383,963.819577897658,-196.796228218266,0,0,0,0,1,1,112.841677631493,32.980169
268.457650768583,3,27,40,524.188972813406,1.79910091616727,3,0.0444809954262383,963.819577897658,-196.796228218266,0,0,0,0,1,1,112.841677631493,32.980169
2.67966548569931,2,27,40,524.188972813406,2.30349651171116,1,0.0444809954262383,963.819577897658,-196.796228218266,0,0,0,0.406218721742268,1,1,112.841677631493,32.980169
241.825926248483,3,27,40,500.902203127237,1.75367217926412,3,0.0444809954262383,964.107145735615,-194.929893158977,1.41791703255226,0,107.037898022729,0.835974930319488,1,1,112.847239912622,32.996953354427
42.3145397181239,2,27,40,476.347056704855,1.73232759852691,3,0.0444809954262383,965.153063470988,-188.141815074431,1.41791703255225,0,160.131583534457,0,1,1,112.867483036579,33.058000007268
19.332347125412,1,27,40,646.200920769179,2.23929635861777,1,0.0444809954262383,966.902797026399,-176.785923879943,1.41791703255225,0,160.131583534458,0,1,1,112.901391800982,33.1601259903246
226.646776578156,2,27,40,886.20599169003,2.21714073921472,1,0.0444809954262383,967.995502666197,-169.69418907565,1.41791703255225,0,160.131583534457,0,1,1,112.922595513106,33.2239034936541
12.3746723225039,2,26,41,551.174625971437,2.14989790131602,1,0.0444809954262383,971.248271314562,-148.583496686264,1.41791703255225,0,160.131583534457,0,1,1,112.985841041784,33.4137565114709
285.141206938548,3,25,41,554.833341597058,2.09771159302664,1,0.0444809954262383,974.033283388795,-130.508576654859,1.41791703255225,0,160.131583534457,0,1,1,113.040141914513,33.5763081725658
215.797564741872,2,25,41,451.319141269348,2.08499895466628,1,0.0444809954262383,974.649334894745,-126.510359983445,1.41791703255224,0,160.131583534458,0,1,1,113.052172118048,33.6122649989433
258.748933079591,3,25,41,369.617335895369,2.06953817480573,1,0.0444809954262383,975.397507780322,-121.654666465423,1.41791703255226,0,160.131583534457,0,1,1,113.066791495055,33.6559332998681
268.892128835888,3,25,41,379.388776921445,2.03013009708747,1,0.0444809954262383,977.300842154198,-109.301895388008,1.41791703255224,0,160.131583534457,0,1,1,113.104027932724,33.767024439097
292.448347006762,3,25,41,497.920285374972,2.0108347134135,1,0.0444809954262383,978.23163742148,-103.260970044316,1.41791703255225,2.34496135727832,160.131583534457,1266.10655486455,1.00314669462861,1,113.122261383532,33.8213517859102
0,3,11,34,18.50144313334,2.326722962163,2,0.0690316600082384,633.171243355129,356.579154313221,-0.927044324726078,0,174138.119654142,0,97.0938313998486,3,109.776139742593,37.9567933769411
212.983498759148,2,24,41,253.790424327756,1.97877678185007,1,0.0444809954262383,980.022244264854,-91.6398083979725,-0.912209653849184,0,8081.7061605947,0,1.01365932272472,1,113.157381309205,33.9258634034545
216.906617733852,2,24,41,192.503709608594,1.96436438756729,1,0.0444809954262383,980.71748093336,-87.1276745719094,1.41791703255224,0,160.131583534457,0,1,1,113.171032717492,33.9664419978403
98.3031617214022,2,24,41,284.090843371873,1.98854721752799,8,0.0444809954262383,982.997924490455,-72.3274389420564,1.41791703255225,0,160.131583534457,0,1,1,113.215871277733,34.0995437145864
460.572320987707,2,23,41,238.390146235088,1.89152901250748,1,0.0444809954262383,984.482064835219,-62.6952659632806,1.41791703255224,0,160.131583534457,0,1,1,113.245102668544,34.186167927304
258.363730130128,3,23,41,193.576323905442,2.0200002328164,8,0.0444809954262383,984.759400259296,-60.8953399742893,1.41791703255226,0,160.131583534457,0,1,1,113.25056938676,34.2023550506135
286.817654977624,3,23,41,64.5044968062512,2.0568133068801,2,0.0444809954262383,986.364353532326,-50.4790827765005,1.41791703255225,0,160.131583534457,0,1,1,113.282232531973,34.2960307021213
270.084982902945,3,23,41,137.269204934321,2.08293944114489,8,0.0444809954262383,987.799891932546,-41.1623397626907,1.41791703255225,0,160.131583534457,0,1,1,113.310592385727,34.3798181850124
257.322622873626,3,22,41,23.2730400929715,1.96577807303599,2,0.0444809954262383,991.001051742403,-20.3865922870302,1.41791703255225,0,160.131583534457,0,1,1,113.373965659914,34.5666589708522
99.9213737192867,2,22,41,59.1278990159455,1.72865721451822,1,0.0444809954262383,992.685942379917,-9.45153609230201,1.41791703255225,0,160.131583534457,0,1,1,113.407394936938,34.6650002938307
223.622334494003,2,21,41,19.5012185966413,1.86482780594878,2,0.0444809954262383,996.128720617408,12.8923316073191,1.41791703255225,0,160.131583534457,0,1,1,113.475859498568,34.8659435236513
10.269528928445,2,21,41,25.3038781239969,1.63929035438299,1,0.0444809954262383,997.377284037464,20.9955941319055,1.41791703255224,0,160.131583534458,0,1,1,113.500741291117,34.9388179143192
44.9934950811603,2,19,41,314.940929407963,2.23170760229938,8,0.0444809954262383,1005.01064552491,70.5366355273593,1.41791703255225,0,160.131583534457,0,1,1,113.653467155956,35.3843512033857
241.712970921683,3,19,41,170.485614336918,1.90501719389323,6,0.0444809954262383,1006.41989177862,79.6827407008139,1.41791703255225,0,160.131583534457,0,1,1,113.681776744799,35.4666041033106
217.761665795517,2,19,41,381.471222253725,2.14759312777323,8,0.0444809954262383,1009.16815444266,97.5191545309044,1.41791703255225,0,160.131583534457,0,1,1,113.737087183666,35.6270108266057
6.23150350909263,2,19,41,467.44330410502,2.57779361941567,7,0.0444809954262383,1009.57233516879,100.142315259967,1.41791703255225,0,160.131583534458,0,1,1,113.745232946209,35.6506014778001
251.512343965369,3,18,41,412.474183949398,2.58121127492984,7,0.0444809954262383,1010.52447543373,106.32177110747,1.41791703255224,0,160.131583534458,0,1,1,113.764433691873,35.7061746593649
246.924626728205,3,18,41,612.100042877772,2.04026989712725,8,0.0444809954262383,1014.61868113216,132.893447861021,1.41791703255225,0,160.131583534457,0,1,1,113.84718151776,35.9451394894645
8.90537590888665,2,17,41,685.999163077232,2.07669349374247,6,0.0444809954262383,1015.19754119235,136.650289489894,1.41791703255224,0,160.13158353446,0,1,1,113.85890499994,35.9789255779331
21.7541409339513,2,17,41,548.051892695102,2.12993317901245,6,0.0444809954262383,1017.78163181145,153.421215449697,1.41791703255225,0,160.131583534457,0,1,1,113.911312840188,36.1297501386022
219.585584300694,2,17,41,608.608444030506,2.57653692937369,7,0.0444809954262383,1018.47142267232,157.898005609375,1.41791703255225,0,160.131583534458,0,1,1,113.92532263542,36.1700108797599
254.807750327095,3,16,42,669.032572742596,2.54497170960341,7,0.0444809954262383,1021.38425435721,176.802483710717,1.41791703255225,1.5929719610227,160.131583534457,16.8426318869514,1.02127181928835,1,113.9845765942,36.3400229358114
21.275038968017,1,12,25,194.165979645754,2.72471911132855,7,0.0690316600082384,165.924935890646,328.103521299978,-0.175054928470448,0,7402.74371048803,79.181334249844,78.2685244896127,3,104.400236660149,37.7007058568309
95.9759011491381,2,16,42,575.979966268421,2.51074376753846,7,0.0444809954262383,1024.76439096859,198.739802945817,-0.149502305926081,0,40854.6244424934,0,1.01216515795002,1,114.053526672157,36.537309987452
11.0131626423524,2,15,42,483.296063806327,2.49375300493609,7,0.0444809954262383,1026.38904636208,209.283928261312,1.41791703255223,0,160.131583534458,0,1,1,114.086740015676,36.6321355845694
225.265081475645,3,15,42,299.111831090437,1.60745073436896,5,0.0444809954262383,1028.90515588037,225.613652198277,1.41791703255226,0,160.131583534458,0,1,1,114.138270709653,36.7789923201214
99.8613784466213,2,14,42,317.566826583518,2.42136452726053,7,0.0444809954262383,1031.58126847208,242.981807093421,1.41791703255224,0,160.131583534457,0,1,1,114.193202442871,36.9351878896429
20.5781557131766,2,14,42,145.303435427311,1.67463070981282,8,0.0444809954262383,1033.32735492041,254.314028311976,1.41791703255224,0,160.131583534458,0,1,1,114.229112796347,37.0371010034919
7.61607503574562,2,14,42,243.018960663273,2.36101664327742,7,0.0444809954262383,1035.12779825378,265.999029455338,1.41791703255225,0,160.131583534457,0,1,1,114.266198105812,37.142186743426
16.2698940946647,2,13,42,59.8667942242496,2.31070674566971,7,0.0444809954262383,1038.12729745212,285.465985683637,1.41791703255225,0,160.131583534457,0,1,1,114.328110035728,37.3172572868018
240.621422140723,3,13,42,45.7150490048675,2.30037193134931,7,0.0444809954262383,1038.67769844203,289.038125987746,1.41791703255225,0,160.13158353446,0,1,1,114.339488182449,37.3493823163504
6.96396499006425,2,12,42,183.665088831688,2.51822682328126,6,0.0444809954262383,1041.75357273153,309.000761813876,1.41791703255225,0,160.131583534457,0,1,1,114.40317373573,37.5289106134457
456.921499188687,2,12,42,10.2062805494708,2.53509658100347,6,0.0444809954262383,1043.38164240544,319.5670460443,1.41791703255225,0,160.131583534457,0,1,1,114.436951107915,37.6239354904726
456.214345417906,2,12,42,206.668836494786,2.16214092527237,7,0.0444809954262383,1045.97868708922,336.422044775433,1.41791703255226,0,160.131583534457,0,1,1,114.490929714816,37.7755161357391
234.812622358151,3,11,42,238.020788521352,2.55895968701536,6,0.0444809954262383,1046.61953755168,340.581208381263,1.41791703255224,0,160.131583534463,0,1,1,114.504268089652,37.8129203926718
253.05600540525,3,11,42,17.3822650470755,2.56902518961971,6,0.0444809954262383,1048.57630638841,353.280772800083,1.41791703255224,0,160.131583534457,0,1,1,114.545040808026,37.9271303193478
11.3228438230723,2,11,42,81.2200966756351,2.27878119894877,8,0.0444809954262383,1050.1658083602,363.596749989422,1.41791703255226,0,160.131583534459,0,1,1,114.578211230666,38.0199041310732
220.202416739305,2,10,42,162.045838518352,2.23641007792911,8,0.0444809954262383,1052.59660796517,379.372806717747,1.41791703255224,0,160.131583534457,0,1,1,114.62902552105,38.161781617793
218.510348205138,2,10,42,116.924702571363,2.57453160916769,6,0.0444809954262383,1053.03567891624,382.22240740787,1.41791703255226,0,160.131583534455,0,1,1,114.63821527131,38.1874086924817
6.80816912575893,2,10,42,252.214039422947,1.96677332320192,7,0.0444809954262383,1056.02820885454,401.64413265884,1.41791703255225,0,160.131583534457,0,1,1,114.700940627635,38.3620724639058
261.874722557758,3,9,42,264.860917824599,2.13701991339783,8,0.0444809954262383,1057.81873756952,413.264787246523,1.41791703255224,0,160.131583534458,0,1,1,114.73854776976,38.4665795213621
268.715194601915,3,9,42,201.090865260222,2.18189548491645,5,0.0444809954262383,1058.67564318145,418.826163641788,1.41791703255226,0,160.131583534457,0,1,1,114.756565943774,38.5165941808711
213.34754987984,2,9,42,535.84016546765,1.85076020544652,7,0.0444809954262383,1061.92998882913,439.947090865262,1.41791703255225,0,160.131583534457,0,1,1,114.825114666401,38.7065392427622
263.372612968129,3,8,42,390.793400081598,2.27021220151515,5,0.0444809954262383,1063.41003027666,449.552661718848,1.41791703255227,0,160.131583534457,0,1,1,114.856352485297,38.7929242168203
265.411485555889,3,8,42,624.723002818842,2.33169641858401,5,0.0444809954262383,1066.67597228035,470.748850090941,1.41791703255224,0,160.131583534458,0,1,1,114.925422065027,38.9835461184818
12.7223865112868,2,7,42,623.307721267448,1.93049978336278,8,0.0444809954262383,1068.3897795897,481.871577475963,1.41791703255225,0,160.131583534457,0,1,1,114.961742656041,39.0835752090227
215.139726395063,2,7,42,604.646930652977,1.6980078872447,7,0.0444809954262383,1069.96519418576,492.096126627348,1.41791703255225,1.27896685104902,160.131583534458,135.018010556618,1.00955472936749,1,114.995176591671,39.1755267886489
19.6197839253116,1,13,15,576.374937249546,2.55219413745251,6,0.0690316600082384,-310.089968454478,299.09349915872,0.138950181503229,0,31562.0694527928,0,172.915288606027,3,98.9611116730758,37.4398124598327
251.385222053193,3,7,42,1003.20515759892,1.7162863507479,4,0.0444809954262383,1072.42381328117,508.052733763208,0.150008990014349,0,24672.0241307272,0,1.00087166621497,1,115.04744276759,39.3190280041933
96.9235906621585,2,6,42,991.938108526881,1.84744555066686,8,0.0444809954262383,1072.68861890273,509.771340471522,1.41791703255224,0,160.131583534451,0,1,1,115.053078539636,39.3344838056419
19.7780832471383,1,6,42,922.694110760725,2.43580898776921,5,0.0444809954262383,1073.2415362402,513.359812044518,1.41791703255224,0,160.131583534457,0,1,1,115.064850138785,39.3667557058201
263.515013520001,3,6,42,897.007901399321,2.3224371132726,6,0.0444809954262383,1075.30405222092,526.745682705515,1.41791703255226,0,160.131583534457,0,1,1,115.108809252398,39.4871377328148
5.93229728930777,2,5,42,1281.12392968543,2.27447035745518,6,0.0444809954262383,1078.09067336444,544.831045707322,1.41791703255225,0,160.131583534457,0,1,1,115.168322181207,39.6497833097989
99.3653790507728,2,5,42,1196.47522868563,2.2413424235203,6,0.0444809954262383,1079.80007508361,555.9251805089,1.41791703255224,0,160.13158353446,0,1,1,115.204897954323,39.7495552610592
10.7147192167267,2,5,42,1236.2317388263,2.22722038261508,6,0.0444809954262383,1080.51989691329,560.596873722976,1.41791703255228,0,160.131583534451,0,1,1,115.220315478348,39.7915688074957
35.1599423022313,2,5,42,1297.03134431297,1.68289982017386,8,0.0444809954262383,1081.07218942642,564.181290142988,1.41791703255222,0,160.131583534457,0,1,1,115.232151047329,39.8238042388069
107.158593664252,2,5,42,1479.27156107514,2.19600319572346,6,0.0444809954262383,1082.09578288794,570.824482153802,1.41791703255225,0,160.131583534458,0,1,1,115.254100954725,39.8835478998828
265.167576387076,3,4,42,1637.40160803304,2.17416449126819,6,0.0444809954262383,1083.4323042832,579.49859799089,1.41791703255226,0,160.131583534458,0,1,1,115.282789457864,39.9615560977282
326.921119442604,3,4,42,1751.37347451734,2.56998735468167,5,0.0444809954262383,1086.63645286622,600.293742810084,1.41791703255224,0,160.131583534457,0,1,1,115.351696648052,40.1485713280693
97.5985935863576,2,4,42,1987.55317272616,2.28380945314005,7,0.0444809954262383,1087.70988226075,607.260373455958,1.41791703255224,0,160.131583534458,0,1,1,115.374822427412,40.2112237426722
219.546317519058,2,3,42,2016.78312508789,2.04513303162627,6,0.0444809954262383,1090.0215032738,622.262952920661,1.41791703255226,0,160.131583534456,0,1,1,115.424693497595,40.3461451812434
271.148536671478,3,3,42,2241.81201989751,2.00392849196961,6,0.0444809954262383,1092.02796589782,635.285033438971,1.41791703255224,0,160.13158353446,0,1,1,115.468058458119,40.4632555648847
265.480686876082,3,3,42,2317.66129256505,2.10393072847129,4,0.0444809954262383,1092.38246926004,637.585784657338,1.41791703255228,0,160.131583534457,0,1,1,115.47572768962,40.4839467176899
100.504294138015,2,3,42,2445.39122285417,2.1142860302245,4,0.0444809954262383,1092.89100059084,640.886187992272,1.41791703255227,0,160.131583534458,0,1,1,115.486733041874,40.5136279579634
308.345965211344,3,2,42,2503.93760697042,2.15174688741142,4,0.0444809954262383,1094.98350229761,654.466668079023,1.41791703255224,1.17926486982328,160.131583534457,103.78226682819,1.01237529067069,1,115.532066420826,40.6357601495711
0,3,13,14,208.792534469684,1.92953241763567,6,0.0282036367596508,-396.488113398604,291.60859890181,0.238652162728965,0,32219.7872763517,0,74.1848217815193,3,97.9791814410113,37.3724991346409
0,2,1,42,3129.39203264646,2.50237928928396,5,0.0444809954262383,1101.31898264231,695.584371535487,0.26344290141326,0,7311.93983528345,0,1.00018004793191,1,115.66979956609,41.0055405406126
263.682996586838,3,1,42,3138.17569059007,2.2735419673522,4,0.0444809954262383,1101.39042208606,696.048018442011,1.41791703255242,0,160.131583534438,0,1,1,115.671356746181,41.0097102174182
232.602568325064,3,1,42,4054.62440228482,1.9548919169947,7,0.0444809954262383,1104.76521146152,717.950633747954,1.41791703255225,0,160.131583534458,0,1,1,115.745021613193,41.2066851691258
8.94333295918962,2,1,42,5847.3869436676,1.67629194639005,3,0.0444809954262383,1107.98904508089,738.873535807845,1.41791703255225,0,160.131583534458,0,1,1,115.815581455371,41.3948493479356
105.110778744384,2,1,42,6235.67966768878,1.86880672450324,7,0.0573820047348374,1108.52952841541,742.381309845905,1.41791703255227,1.41791703255227,88.9913914976506,0,1,1,115.827429155022,41.4263955177467
215.629468558107,2,1,42,6235.67966768878,1.84800295531576,7,0.0573820047348374,1108.52952841541,742.381309845905,0,0,0,0,1,1,115.827429155022,41.4263955177467
18.0659252073331,2,1,42,6235.67966768878,2.45259917351499,4,0.0573820047348374,1108.52952841541,742.381309845905,0,0,0,0,1,1,115.827429155022,41.4263955177467
252.415051779736,3,1,42,6235.67966768878,2.45562913194138,4,0.0573820047348374,1108.52952841541,742.381309845905,0,0,0,0,1,1,115.827429155022,41.4263955177467
29.3685087416862,2,1,42,6235.67966768878,2.47660718008134,4,0.0573820047348374,1108.52952841541,742.381309845905,0,0,0,191.126269972226,1,1,115.827429155022,41.4263955177467
0,3,13,15,111.781919000863,2.81487663254595,4,0.0282036367596508,-321.29343710029,291.051400616183,0.3057560407805,0,41192.393430546,0,299872799678.892,3,98.8368091436755,37.3674881300704
34.1770165901898,2,1,42,6235.67966768878,2.44535298450334,6,0.0573820047348374,1108.52952841541,742.381309845905,0.3057560407805,0.3057560407805,33736.8604709775,0,1,1,115.827429155022,41.4263955177467
259.237730787689,3,1,42,6235.67966768878,2.51711615849254,4,0.0573820047348374,1108.52952841541,742.381309845905,0,0,0,0,1,1,115.827429155022,41.4263955177467
101.265834580164,2,1,42,6235.67966768878,1.68303017472479,7,0.0573820047348374,1108.52952841541,742.381309845905,0,0,0,0,1,1,115.827429155022,41.4263955177467
105.241986782715,2,1,42,6235.67966768878,2.54536336039665,4,0.0573820047348374,1108.52952841541,742.381309845905,0,0,0,0,1,1,115.827429155022,41.4263955177467
280.38822772731,3,1,42,6235.67966768878,2.55149215007325,4,0.0573820047348374,1108.52952841541,742.381309845905,0,0,0,0,1,1,115.827429155022,41.4263955177467
5.81665056270871,2,1,42,6235.67966768878,2.323065343339,6,0.0573820047348374,1108.52952841541,742.381309845905,0,0,0,0,1,1,115.827429155022,41.4263955177467
281.149192149061,3,1,42,6235.67966768878,2.11134691654553,5,0.0573820047348374,1108.52952841541,742.381309845905,0,0,0,0,1,1,115.827429155022,41.4263955177467
221.254746039645,2,1,42,6235.67966768878,2.09195999547051,5,0.0573820047348374,1108.52952841541,742.381309845905,0,0,0,0,1,1,115.827429155022,41.4263955177467
103.693668773235,2,1,42,6235.67966768878,2.0408524350965,3,0.0573820047348374,1108.52952841541,742.381309845905,0,0,0,0,1,1,115.827429155022,41.4263955177467
259.421679922751,3,1,42,6235.67966768878,2.57526254788696,4,0.0573820047348374,1108.52952841541,742.381309845905,0,0,0,0,1,1,115.827429155022,41.4263955177467
258.038938661139,3,1,42,6235.67966768878,2.08241585088435,3,0.0573820047348374,1108.52952841541,742.381309845905,0,0,0,0,1,1,115.827429155022,41.4263955177467
263.701401030669,3,1,42,6235.67966768878,1.97904354858268,5,0.0573820047348374,1108.52952841541,742.381309845905,0,0,0,0,1,1,115.827429155022,41.4263955177467
479.270668444581,2,1,42,6235.67966768878,2.56603921521804,4,0.0573820047348374,1108.52952841541,742.381309845905,0,0,0,0,1,1,115.827429155022,41.4263955177467
272.129983357193,3,1,42,6235.67966768878,1.95999341264627,5,0.0573820047348374,1108.52952841541,742.381309845905,0,0,0,0,1,1,115.827429155022,41.4263955177467
200.354284393479,2,1,42,6235.67966768878,2.54645034261598,4,0.0573820047348374,1108.52952841541,742.381309845905,0,0,0,0,1,1,115.827429155022,41.4263955177467
256.542627957641,3,1,42,6235.67966768878,2.20740369773736,3,0.0573820047348374,1108.52952841541,742.381309845905,0,0,0,0,1,1,115.827429155022,41.4263955177467
252.024221563881,3,1,42,6235.67966768878,2.26957088440674,3,0.0573820047348374,1108.52952841541,742.381309845905,0,0,0,35.0431718952766,1,1,115.827429155022,41.4263955177467
20.4044196082638,1,13,17,170.849775661099,2.53502930284449,3,0.0282036367596508,-216.575731387432,290.275434431203,0.328800221632082,0,16435.5726418182,60.2067681383485,280021690027.159,3,100.030967564905,37.3605096985143
253.918108775375,3,1,42,6235.67966768878,2.46305661786773,4,0.0573820047348374,1108.52952841541,742.381309845905,0.328800221632082,0.328800221632082,34899.5242172562,0,1,1,115.827429155022,41.4263955177467
100.169880410246,2,1,42,6235.67966768878,2.39095443459398,3,0.0573820047348374,1108.52952841541,742.381309845905,0,0,0,0,1,1,115.827429155022,41.4263955177467
252.72393682818,3,1,42,6235.67966768878,1.71542333142986,2,0.0573820047348374,1108.52952841541,742.381309845905,0,0,0,0,1,1,115.827429155022,41.4263955177467
12.9509568073245,2,1,42,6235.67966768878,1.63237765491401,5,0.0573820047348374,1108.52952841541,742.381309845905,0,0,0,0,1,1,115.827429155022,41.4263955177467
241.944167842497,3,1,42,6235.67966768878,2.49275195417829,5,0.0573820047348374,1108.52952841541,742.381309845905,0,0,0,0,1,1,115.827429155022,41.4263955177467
222.296067831403,2,1,42,6235.67966768878,2.47565821160486,3,0.0573820047348374,1108.52952841541,742.381309845905,0,0,0,0,1,1,115.827429155022,41.4263955177467
219.787133155442,2,1,42,6235.67966768878,2.46807036600854,5,0.0573820047348374,1108.52952841541,742.381309845905,0,0,0,0,1,1,115.827429155022,41.4263955177467
7.24608174204861,2,1,42,6235.67966768878,1.84767533822636,2,0.0573820047348374,1108.52952841541,742.381309845905,0,0,0,0,1,1,115.827429155022,41.4263955177467
267.174457724988,3,1,42,6235.67966768878,2.00014484355169,2,0.0573820047348374,1108.52952841541,742.381309845905,0,0,0,0,1,1,115.827429155022,41.4263955177467
253.838982703074,3,1,42,6235.67966768878,2.28022048924752,5,0.0573820047348374,1108.52952841541,742.381309845905,0,0,0,0,1,1,115.827429155022,41.4263955177467
260.799624167115,3,1,42,6235.67966768878,2.05660658300056,2,0.0573820047348374,1108.52952841541,742.381309845905,0,0,0,0,1,1,115.827429155022,41.4263955177467
41.8044015187164,2,1,42,6235.67966768878,2.12129149474698,2,0.0573820047348374,1108.52952841541,742.381309845905,0,0,0,0,1,1,115.827429155022,41.4263955177467
93.9445181681305,2,1,42,6235.67966768878,2.56059128721892,3,0.0573820047348374,1108.52952841541,742.381309845905,0,0,0,0,1,1,115.827429155022,41.4263955177467
256.167321636568,3,1,42,6235.67966768878,2.54864143416464,3,0.0573820047348374,1108.52952841541,742.381309845905,0,0,0,0,1,1,115.827429155022,41.4263955177467
214.519746740988,3,1,42,6235.67966768878,2.51961455998481,3,0.0573820047348374,1108.52952841541,742.381309845905,0,0,0,0,1,1,115.827429155022,41.4263955177467
18.3757315057465,1,1,42,6235.67966768878,2.27551584857006,2,0.0573820047348374,1108.52952841541,742.381309845905,0,0,0,0,1,1,115.827429155022,41.4263955177467
279.567977777252,3,1,42,6235.67966768878,2.48940392772292,3,0.0573820047348374,1108.52952841541,742.381309845905,0,0,0,0,1,1,115.827429155022,41.4263955177467
283.598240320643,3,1,42,6235.67966768878,2.31465956381363,2,0.0573820047348374,1108.52952841541,742.381309845905,0,0,0,0,1,1,115.827429155022,41.4263955177467
217.807692132148,2,1,42,6235.67966768878,2.43847922876071,3,0.0573820047348374,1108.52952841541,742.381309845905,0,0,0,0,1,1,115.827429155022,41.4263955177467
265.084174998895,3,1,42,6235.67966768878,2.38348302057323,2,0.0573820047348374,1108.52952841541,742.381309845905,0,0,0,0,1,1,115.827429155022,41.4263955177467
43.0100818900353,2,1,42,6235.67966768878,2.35770851838795,3,0.0573820047348374,1108.52952841541,742.381309845905,0,0,0,0,1,1,115.827429155022,41.4263955177467
250.96972347481,3,1,42,6235.67966768878,2.47759763256291,2,0.0573820047348374,1108.52952841541,742.381309845905,0,0,0,0,1,1,115.827429155022,41.4263955177467
260.437326045624,3,1,42,6235.67966768878,2.49530638616866,2,0.0573820047348374,1108.52952841541,742.381309845905,0,0,0,0,1,1,115.827429155022,41.4263955177467
226.174708369026,3,1,42,6235.67966768878,2.42623261973698,4,0.0573820047348374,1108.52952841541,742.381309845905,0,0,0,129.67560178082,1,1,115.827429155022,41.4263955177467
0.95052294157297,3,13,21,322.193459120767,1.98438444368786,1,0.0282036367596508,-7.55638013192021,288.726585098832,0.386070940369303,0,34275.8809901222,0,240952307691.233,3,102.413870965218,37.3465805618251
239.589627811505,3,1,42,6235.67966768878,2.12941564935228,3,0.0573820047348374,1108.52952841541,742.381309845905,0.386070940369303,0.386070940369303,5749.18733368632,0,1,1,115.827429155022,41.4263955177467
257.434511830706,3,1,42,6235.67966768878,2.29743671142156,4,0.0573820047348374,1108.52952841541,742.381309845905,0,0,0,0,1,1,115.827429155022,41.4263955177467
257.245906976929,3,1,42,6235.67966768878,2.27611368436781,4,0.0573820047348374,1108.52952841541,742.381309845905,0,0,0,0,1,1,115.827429155022,41.4263955177467
6.41599981455352,2,1,42,6235.67966768878,2.57406702100768,2,0.0573820047348374,1108.52952841541,742.381309845905,0,0,0,0,1,1,115.827429155022,41.4263955177467
250.744680399212,3,1,42,6235.67966768878,2.12106294333787,1,0.0573820047348374,1108.52952841541,742.381309845905,0,0,0,0,1,1,115.827429155022,41.4263955177467
260.694182091417,3,1,42,6235.67966768878,2.55176714971437,2,0.0573820047348374,1108.52952841541,742.381309845905,0,0,0,0,1,1,115.827429155022,41.4263955177467
7.11487246108174,2,1,42,6235.67966768878,2.20256050150241,1,0.0573820047348374,1108.52952841541,742.381309845905,0,0,0,0,1,1,115.827429155022,41.4263955177467
261.467669522351,3,1,42,6235.67966768878,2.52257403266442,2,0.0573820047348374,1108.52952841541,742.381309845905,0,0,0,0,1,1,115.827429155022,41.4263955177467
16.9761784845994,2,1,42,6235.67966768878,2.50914672590587,2,0.0573820047348374,1108.52952841541,742.381309845905,0,0,0,0,1,1,115.827429155022,41.4263955177467
462.115612276872,2,1,42,6235.67966768878,2.2836942145496,1,0.0573820047348374,1108.52952841541,742.381309845905,0,0,0,0,1,1,115.827429155022,41.4263955177467
457.696972950691,2,1,42,6235.67966768878,2.29363883429446,1,0.0573820047348374,1108.52952841541,742.381309845905,0,0,0,0,1,1,115.827429155022,41.4263955177467
216.595075922631,2,1,42,6235.67966768878,1.91154878836471,4,0.0573820047348374,1108.52952841541,742.381309845905,0,0,0,0,1,1,115.827429155022,41.4263955177467
205.476793386754,3,1,42,6235.67966768878,2.27702985286432,2,0.0573820047348374,1108.52952841541,742.381309845905,0,0,0,0,1,1,115.827429155022,41.4263955177467
230.705042654043,2,1,42,6235.67966768878,2.24136926971884,2,0.0573820047348374,1108.52952841541,742.381309845905,0,0,0,311.143782244452,1,1,115.827429155022,41.4263955177467
22.6409641397291,1,13,24,209.383339051404,2.50137041493093,3,0.0282036367596508,141.94558614002,287.618764127915,0.439757467785226,0,84586.0270146225,433.263357485597,213643955257.577,3,104.117705906278,37.3366176884788
238.634699483586,3,1,42,6235.67966768878,2.41130554009669,3,0.0573820047348374,1108.52952841541,742.381309845905,0.439757467785226,0.439757467785226,104283.76919865,0,1,1,115.827429155022,41.4263955177467
260.795488446599,3,1,42,6235.67966768878,2.40384651575198,3,0.0573820047348374,1108.52952841541,742.381309845905,0,0,0,0,1,1,115.827429155022,41.4263955177467
102.309774910449,2,1,42,6235.67966768878,2.5453203410386,1,0.0573820047348374,1108.52952841541,742.381309845905,0,0,0,0,1,1,115.827429155022,41.4263955177467
256.058720376244,3,1,42,6235.67966768878,2.33966746549886,3,0.0573820047348374,1108.52952841541,742.381309845905,0,0,0,32.9701857376968,1,1,115.827429155022,41.4263955177467
0,3,13,25,68.0519833807515,2.8063111858275,1,0.0282036367596508,170.264432160347,287.408919319343,0.451501397930145,0,10441.2942030803,53.9009074247824,208551314260.254,3,104.440397051005,37.3347305087764
83.0438833905397,2,1,42,6235.67966768878,2.08141296189253,2,0.0573820047348374,1108.52952841541,742.381309845905,0.451501397930145,0.451501397930145,29820.1075535329,0,1,1,115.827429155022,41.4263955177467
98.3859450211758,2,1,42,6235.67966768878,2.27555726168502,3,0.0573820047348374,1108.52952841541,742.381309845905,0,0,0,0,1,1,115.827429155022,41.4263955177467
335.38631176231,3,1,42,6235.67966768878,2.26915201100424,3,0.0573820047348374,1108.52952841541,742.381309845905,0,0,0,0,1,1,115.827429155022,41.4263955177467
248.760537996681,3,1,42,6235.67966768878,2.25481189049454,3,0.0573820047348374,1108.52952841541,742.381309845905,0,0,0,0,1,1,115.827429155022,41.4263955177467
21.9892702598913,1,1,42,6235.67966768878,2.23327539639639,3,0.0573820047348374,1108.52952841541,742.381309845905,0,0,0,0,1,1,115.827429155022,41.4263955177467
217.752205301411,2,1,42,6235.67966768878,1.99294150616045,2,0.0573820047348374,1108.52952841541,742.381309845905,0,0,0,0,1,1,115.827429155022,41.4263955177467
238.119356594701,3,1,42,6235.67966768878,2.5683749528665,1,0.0573820047348374,1108.52952841541,742.381309845905,0,0,0,1025.29073287604,1,1,115.827429155022,41.4263955177467
19.1249753382186,1,13,25,281.07761377443,1.96434800188304,2,0.0282036367596508,195.219108276087,287.224003266311,0.462334683262212,0,75548.8777656923,0,204088617739.242,3,104.724740170235,37.3330675187587
272.339578951632,3,1,42,6235.67966768878,1.91631538529997,2,0.0573820047348374,1108.52952841541,742.381309845905,0.462334683262212,0.462334683262212,8579.08855247755,0,1,1,115.827429155022,41.4263955177467
47.7003267984431,2,1,42,6235.67966768878,1.859992310812,2,0.0573820047348374,1108.52952841541,742.381309845905,0,0,0,0,1,1,115.827429155022,41.4263955177467
0,2,1,42,6235.67966768878,2.47314778874583,1,0.0573820047348374,1108.52952841541,742.381309845905,0,0,0,0,1,1,115.827429155022,41.4263955177467
257.786808771839,3,1,42,6235.67966768878,2.44012097828172,1,0.0573820047348374,1108.52952841541,742.381309845905,0,0,0,0,1,1,115.827429155022,41.4263955177467
254.419392076013,3,1,42,6235.67966768878,1.8802375669118,3,0.0573820047348374,1108.52952841541,742.381309845905,0,0,0,0,1,1,115.827429155022,41.4263955177467
264.910324974717,3,1,42,6235.67966768878,1.85820091716084,3,0.0573820047348374,1108.52952841541,742.381309845905,0,0,0,75.4158030813519,1,1,115.827429155022,41.4263955177467
0,3,13,27,151.125227380815,1.57755917291161,2,0.0282036367596508,268.263672517186,286.682737474993,0.49693288653627,0,11992.4829876886,0,191176138411.598,3,105.556964846483,37.3281997985519
258.932049759635,3,1,42,6235.67966768878,1.63475410176042,8,0.0573820047348374,1108.52952841541,742.381309845905,0.49693288653627,0.49693288653627,5371.7256608475,0,1,1,115.827429155022,41.4263955177467
254.779899218733,3,1,42,6235.67966768878,1.70937035623674,3,0.0573820047348374,1108.52952841541,742.381309845905,0,0,0,0,1,1,115.827429155022,41.4263955177467
253.435685442184,3,1,42,6235.67966768878,2.40543711695453,2,0.0573820047348374,1108.52952841541,742.381309845905,0,0,0,92.3843192015769,1,1,115.827429155022,41.4263955177467
0,3,13,27,463.433958842496,2.42950991618734,2,0.0282036367596508,301.926531965508,286.433293119391,0.514490751894092,0,13098.565496566,0,185310225064.76,3,105.940462050005,37.3259564915672
10.2228522769843,2,1,42,6235.67966768878,1.62095050626769,3,0.0573820047348374,1108.52952841541,742.381309845905,0.514490751894092,0.514490751894092,12886.3747406575,0,1,1,115.827429155022,41.4263955177467
258.038938661139,3,1,42,6235.67966768878,2.12330674088569,1,0.0573820047348374,1108.52952841541,742.381309845905,0,0,0,0,1,1,115.827429155022,41.4263955177467
219.423362519785,2,1,42,6235.67966768878,2.10436222499244,1,0.0573820047348374,1108.52952841541,742.381309845905,0,0,0,0,1,1,115.827429155022,41.4263955177467
178.185350381759,3,1,42,6235.67966768878,2.20721473739313,2,0.0573820047348374,1108.52952841541,742.381309845905,0,0,0,0,1,1,115.827429155022,41.4263955177467
264.718152408578,3,1,42,6235.67966768878,1.90381455282607,8,0.0573820047348374,1108.52952841541,742.381309845905,0,0,0,0,1,1,115.827429155022,41.4263955177467
113.321254301728,2,1,42,6235.67966768878,1.92171509973954,8,0.0573820047348374,1108.52952841541,742.381309845905,0,0,0,0,1,1,115.827429155022,41.4263955177467
465.64031981007,2,1,42,6235.67966768878,2.13822183772529,2,0.0573820047348374,1108.52952841541,742.381309845905,0,0,0,0,1,1,115.827429155022,41.4263955177467
211.957177355521,3,1,42,6235.67966768878,1.9168011968826,1,0.0573820047348374,1108.52952841541,742.381309845905,0,0,0,0,1,1,115.827429155022,41.4263955177467
238.812805465191,3,1,42,6235.67966768878,2.07824212915872,2,0.0573820047348374,1108.52952841541,742.381309845905,0,0,0,0,1,1,115.827429155022,41.4263955177467
98.8838785740716,2,1,42,6235.67966768878,1.83724108323697,1,0.0573820047348374,1108.52952841541,742.381309845905,0,0,0,0,1,1,115.827429155022,41.4263955177467
246.295139030048,3,1,42,6235.67966768878,2.08552914285032,8,0.0573820047348374,1108.52952841541,742.381309845905,0,0,0,0,1,1,115.827429155022,41.4263955177467
102.684098235976,2,1,42,6235.67966768878,2.10635856451803,8,0.0573820047348374,1108.52952841541,742.381309845905,0,0,0,0,1,1,115.827429155022,41.4263955177467
219.140026786794,2,1,42,6235.67966768878,2.1337985940475,8,0.0573820047348374,1108.52952841541,742.381309845905,0,0,0,0,1,1,115.827429155022,41.4263955177467
220.573057899947,2,1,42,6235.67966768878,1.73089748075156,1,0.0573820047348374,1108.52952841541,742.381309845905,0,0,0,0,1,1,115.827429155022,41.4263955177467
21.9326445397448,1,1,42,6235.67966768878,1.69471782253815,1,0.0573820047348374,1108.52952841541,742.381309845905,0,0,0,0,1,1,115.827429155022,41.4263955177467
258.038938661139,3,1,42,6235.67966768878,1.6673734495499,1,0.0573820047348374,1108.52952841541,742.381309845905,0,0,0,0,1,1,115.827429155022,41.4263955177467
267.900635737318,3,1,42,6235.67966768878,2.23873783610237,8,0.0573820047348374,1108.52952841541,742.381309845905,0,0,0,0,1,1,115.827429155022,41.4263955177467
228.031966573529,2,1,42,6235.67966768878,2.24451527719854,8,0.0573820047348374,1108.52952841541,742.381309845905,0,0,0,0,1,1,115.827429155022,41.4263955177467
251.826519100395,3,1,42,6235.67966768878,2.25147719416168,8,0.0573820047348374,1108.52952841541,742.381309845905,0,0,0,0,1,1,115.827429155022,41.4263955177467
7.15482812447328,2,1,42,6235.67966768878,2.48222381658661,7,0.0573820047348374,1108.52952841541,742.381309845905,0,0,0,0,1,1,115.827429155022,41.4263955177467
269.740593720799,3,1,42,6235.67966768878,2.2283768636743,8,0.0573820047348374,1108.52952841541,742.381309845905,0,0,0,0,1,1,115.827429155022,41.4263955177467
39.1283493408206,2,1,42,6235.67966768878,2.1924104476131,8,0.0573820047348374,1108.52952841541,742.381309845905,0,0,0,0,1,1,115.827429155022,41.4263955177467
263.179309186313,3,1,42,6235.67966768878,2.18533013397932,8,0.0573820047348374,1108.52952841541,742.381309845905,0,0,0,0,1,1,115.827429155022,41.4263955177467
256.399151818155,3,1,42,6235.67966768878,2.56012665548015,7,0.0573820047348374,1108.52952841541,742.381309845905,0,0,0,0,1,1,115.827429155022,41.4263955177467
22.219090571553,1,1,42,6235.67966768878,2.11178268667282,8,0.0573820047348374,1108.52952841541,742.381309845905,0,0,0,0.673443833453024,1,1,115.827429155022,41.4263955177467
20.4235886550151,2,1,42,4625.30024947892,2.02527214785153,6,0.0573820047348374,1104.07284615332,729.328371634281,1.24177535225287,0,189.077654048216,0.0666289496988436,1,1,115.754011603261,41.3090076242023
42.5762170765242,2,1,42,3225.16660606209,2.06431248370197,6,0.0573820047348374,1098.8631294203,714.069911053746,1.24177535225287,0,206.575217045412,0,1,1,115.668391889673,41.171784991471
209.074599598297,2,1,42,2928.46968214914,2.07513615155384,6,0.0573820047348374,1097.41576984099,709.830817026462,1.24177535225287,0,206.575217045416,0,1,1,115.644643928687,41.1336619029884
244.648392410445,3,1,42,2204.39747276442,2.11303593219762,6,0.0573820047348374,1092.33241031789,694.94243731699,1.24177535225287,0,206.575217045412,0,1,1,115.561371106619,40.9997674874899
218.405996309073,2,1,42,1975.10733382135,1.94986853869779,8,0.0573820047348374,1087.32800642842,680.285306538161,1.24177535225287,0,206.575217045412,0,1,1,115.479595211252,40.8679527435881
239.836955531088,3,2,42,1350.69108317846,2.5440593595488,7,0.0573820047348374,1081.96508782514,664.57814119725,1.24177535225288,0,206.575217045413,0,1,1,115.392185046233,40.726694812
253.987699571061,3,3,42,898.173032060389,2.26289074295171,6,0.0573820047348374,1073.09032072339,638.585310699322,1.24177535225288,0,206.575217045412,0,1,1,115.248044685484,40.4929356713423
17.7698585489586,2,3,42,524.973759971085,1.59053139185414,5,0.0573820047348374,1065.36413431091,615.956496724555,1.24177535225288,0,206.575217045413,0,1,1,115.123076182345,40.289429858104
261.770226426314,3,3,42,567.756325830135,2.4652978673329,7,0.0573820047348374,1064.20240326182,612.553964816179,1.24177535225283,0,206.575217045418,0,1,1,115.104327193656,40.2588301535037
252.526891605031,3,4,42,225.201475001659,2.39953102168284,6,0.0573820047348374,1053.25483791897,580.490226460104,1.24177535225288,0.705226003378623,206.575217045412,35.4644757064501,1.01269663183227,1,114.928180647953,39.9704740268023
24.6990807633873,1,13,32,422.327857562564,2.42686741368888,7,0.0282036367596508,555.671286075288,284.553025141165,0.536549348874254,0.0116674890238065,21146.542726133,44.2895966007624,111.873390709266,3,108.830453140952,37.3090468353899
227.654846577861,3,5,42,150.603033027443,2.37355409395822,7,0.0573820047348374,1049.9331214943,570.761428960561,0.524881859850447,0,25511.6635231385,0,185.176063569781,1,114.874925246894,39.8829808488928
21.6489242578847,1,13,33,619.574506833319,2.56008977200842,6,0.0282036367596508,561.811294876522,284.507527207718,0.530388842084725,0.0157193570280789,14857.2232234232,43.5193447733058,83.8233455625825,3,108.900367654018,37.3086376626441
2.80923188494811,2,5,42,1.65676952756666,2.44824909442759,6,0.0573820047348374,1045.60940277965,558.097920568488,0.514669485056646,0,20824.2875784161,0,1.02791186819877,1,114.805738514524,39.7690951818556
259.404503187514,3,5,42,98.757966666621,1.60112244868912,8,0.0573820047348374,1042.76828782686,549.776731004155,1.2417753522529,0,206.575217045412,0,1,1,114.760357986345,39.6942609262341
247.017152623772,3,6,42,260.278790349259,2.48323702136085,6,0.0573820047348374,1039.61108090434,540.529756582972,1.24177535225285,0.73824967015643,206.575217045413,300.47534488775,1.00465325706259,1,114.710004934589,39.6111008873706
18.2696743443729,1,13,33,151.838567824007,2.61031897305063,6,0.0282036367596508,574.694236484228,284.412063627967,0.503525682096425,0.00658245264391011,51372.0257183049,0,205.22023330945,3,109.047059502638,37.3077791380456
19.5754883238048,1,6,42,159.086485545093,2.49130968587548,6,0.0573820047348374,1037.94560367592,535.651829444129,0.496943229452515,0,36047.691129556,0,1.02298102979806,1,114.683475273718,39.56723263469
100.943476411307,2,6,42,106.783988029313,2.27323806802464,7,0.0573820047348374,1035.70816926754,529.09872752492,1.24177535225288,0.736487181759963,206.575217045414,29.6723818791555,1.00347106418971,1,114.647870017111,39.5082991732727
0,3,13,33,60.059374899475,2.66572832117348,6,0.0282036367596508,593.1407672297,284.275373428432,0.505288170492919,0.0431088968752724,3787.27274064133,52.8687034371286,31.8984671616282,3,109.257095365481,37.306549853548
10.8123208259961,2,7,42,454.893540027309,2.54303432805258,6,0.0573820047348374,1025.68984156506,499.75658357254,0.462179273617646,0,29204.5231057007,0,1.07611356270134,1,114.488939042472,39.2444189330692
19.5311547634645,1,7,41,737.370879916185,2.15263899983136,7,0.0573820047348374,1018.91175495957,479.904608392056,1.24177535225288,0,206.575217045413,0,1,1,114.381870291061,39.0658858310694
224.99389399299,2,8,41,448.356936492887,2.58387391320645,6,0.0573820047348374,1014.02299758353,465.586188498435,1.24177535225287,0,206.575217045413,0,1,1,114.304875905157,38.9371171873399
245.788807356395,3,8,41,288.048701431522,2.09091656421532,7,0.0573820047348374,1011.35875738363,457.783037933718,1.24177535225287,0,206.575217045412,0,1,1,114.262997176762,38.8669417683691
270.14042867499,3,9,41,81.7334329218305,1.97543111138499,7,0.0573820047348374,996.764486743289,415.038659557824,1.24177535225288,0,206.575217045413,0,1,1,114.034607787121,38.482532338319
225.985080264565,2,9,41,168.171712175915,2.14498896223265,5,0.0573820047348374,995.326533421892,410.827115016039,1.24177535225287,0,206.575217045411,0,1,1,114.01219783457,38.4446570083118
19.5550252942351,1,9,41,266.047230825385,2.57381747807695,6,0.0573820047348374,994.174024070657,407.451592045073,1.24177535225286,0,206.575217045414,0,1,1,113.994248453024,38.4143002009212
270.679986936591,3,10,41,170.255797645253,2.14259460743179,8,0.0573820047348374,992.579919840613,402.782705462193,1.24177535225289,0,206.575217045413,0,1,1,113.969439246929,38.3723118951255
251.95457515068,3,10,41,58.7106363074047,2.56233488080171,6,0.0573820047348374,990.402313326192,396.404830260336,1.24177535225287,0,206.575217045411,0,1,1,113.935582046677,38.3149542854367
258.863006008134,3,10,41,54.2109827712488,2.20886359612011,5,0.0573820047348374,987.387775564505,387.575711910441,1.24177535225288,0,206.575217045413,0,1,1,113.888775425456,38.2355521165039
251.886170483559,3,11,41,323.187426592508,2.52347599681354,6,0.0573820047348374,980.484367659725,367.356689882071,1.24177535225288,0,206.575217045413,0,1,1,113.781862476039,38.0537180828973
12.2833352398384,2,12,40,463.299799377274,2.42202106918363,6,0.0573820047348374,960.605484585407,309.134492914579,1.24177535225287,0,206.575217045412,0,1,1,113.476144915046,37.5301132861281
214.04802270542,2,13,40,108.059992929619,1.83713745066632,8,0.0573820047348374,953.749430241127,289.054162195788,1.24177535225288,0,206.575217045413,0,1,1,113.371444521897,37.3495265334341
252.608336376716,3,14,40,147.734726783876,1.5743717357709,7,0.0573820047348374,945.927242069247,266.144173804722,1.24177535225287,0,206.575217045412,0,1,1,113.252452945537,37.1434920579198
262.940930646567,3,14,40,78.1906188851858,2.21807515665533,6,0.0462313526381549,944.846535446966,262.978950004609,1.24177535225288,1.24177535225288,16.993791414972,0,1,1,113.23605196211,37.1150265164097
259.135865652572,3,14,40,78.1906188851858,2.5853566474143,5,0.0462313526381549,944.846535446966,262.978950004609,0,0.105717491186691,0,5.93543534797794,1,1,113.23605196211,37.1150265164097
20.8380006237248,1,13,36,284.165856183358,2.64804184357034,5,0.0282036367596508,755.488030767531,283.072367825208,-0.105717491186691,0,2320.34300723543,1.46840749710153,38084321568.9317,3,111.105314180724,37.2957309642378
268.795777574215,3,14,40,78.1906188851858,2.60093331493273,5,0.0462313526381549,944.846535446966,262.978950004609,-0.105717491186691,0,2754.16656543795,0,1,1,113.23605196211,37.1150265164097
38.9250637521457,2,14,40,78.1906188851858,2.25883186405914,7,0.0462313526381549,944.846535446966,262.978950004609,0,0,0,0,1,1,113.23605196211,37.1150265164097
459.598948542034,2,14,40,78.1906188851858,2.0263450288546,6,0.0462313526381549,944.846535446966,262.978950004609,0,0,0,0,1,1,113.23605196211,37.1150265164097
178.056211687541,3,14,40,78.1906188851858,2.11874776778768,4,0.0462313526381549,944.846535446966,262.978950004609,0,0,0,0,1,1,113.23605196211,37.1150265164097
461.51972258868,2,14,40,78.1906188851858,2.12652123530829,4,0.0462313526381549,944.846535446966,262.978950004609,0,0,0,0,1,1,113.23605196211,37.1150265164097
262.59434838786,3,14,40,78.1906188851858,2.57881427709897,5,0.0462313526381549,944.846535446966,262.978950004609,0,0,0,0,1,1,113.23605196211,37.1150265164097
4.49536552248101,2,14,40,78.1906188851858,2.05202450367403,7,0.0462313526381549,944.846535446966,262.978950004609,0,0,0,0,1,1,113.23605196211,37.1150265164097
97.3868666537519,2,14,40,78.1906188851858,2.04058868524474,7,0.0462313526381549,944.846535446966,262.978950004609,0,0,0,0,1,1,113.23605196211,37.1150265164097
22.042483926234,1,14,40,78.1906188851858,2.03364691422711,7,0.0462313526381549,944.846535446966,262.978950004609,0,0.153455037039933,0,72.3866556501325,1,1,113.23605196211,37.1150265164097
21.3974338122462,1,13,38,581.962975503577,1.82012652194195,6,0.0282036367596508,817.927241783138,282.609688510042,-0.153455037039933,0,3547.82898575341,0,25685694850.1642,3,111.816001143092,37.2915699891904
214.337129577657,3,14,40,78.1906188851858,2.47488764926145,5,0.0462313526381549,944.846535446966,262.978950004609,-0.153455037039933,0,1207.39043341595,0,1,1,113.23605196211,37.1150265164097
268.378690909807,3,14,40,78.1906188851858,1.95320299705945,7,0.0462313526381549,944.846535446966,262.978950004609,0,0,0,0,1,1,113.23605196211,37.1150265164097
270.099407896577,3,14,40,78.1906188851858,1.65808006495938,3,0.0462313526381549,944.846535446966,262.978950004609,0,0.192600612795853,0,5.2161234380455,1,1,113.23605196211,37.1150265164097
25.203472391998,1,13,38,47.6411042075041,2.43992327295767,4,0.0282036367596508,845.222505562589,282.407428523932,-0.192600612795853,0,1309.93940174061,7.2288552700169,20300160696.8804,3,112.126652541824,37.2897510214352
20.6328856968251,1,14,40,78.1906188851858,1.66124238713326,6,0.0462313526381549,944.846535446966,262.978950004609,-0.192600612795853,0.0189932818596674,3326.40262281415,0,20.371695011943,1,113.23605196211,37.1150265164097
465.140010562201,2,13,38,211.42709231812,2.38820904360731,5,0.0282036367596508,854.729248595494,282.336982833085,-0.21159389465552,0,1460.26204970752,11.3076007970618,18434596631.8322,3,112.234846609527,37.289117488117
10.9293977285594,2,14,40,78.1906188851858,1.61918851177058,6,0.0462313526381549,944.846535446966,262.978950004609,-0.21159389465552,0,4029.74543316507,0,1.09811253155729,1,113.23605196211,37.1150265164097
10.7409300029518,2,13,40,264.83266250473,1.87115680930455,3,0.0462313526381549,946.697671168103,272.222978760522,1.37315842162647,1.53350828020792,38.7790387996443,1.82451104090788,1.14551116811039,1,113.269131670615,37.1981600642689
0,3,13,39,83.1165327437908,2.42506271251382,6,0.0282036367596508,885.577925310137,282.108391786146,-0.160349858581451,0,1635.58070436129,0,9.23331843254577,3,112.585915644705,37.2870617194427
255.635123278358,3,13,40,42.3904955555152,2.56963571684578,4,0.0462313526381549,949.372983647352,285.582704472066,0.0544067831838121,0,1451.70123576296,0,1.18980157365699,1,113.317022615921,37.3183069640843
6.10603683243877,2,12,40,298.596807765694,2.33834269075588,6,0.0462313526381549,953.935640345354,308.367273554761,1.37315842162647,0,166.432869497359,0,1,1,113.398926030464,37.5232135166605
10.1752053818934,2,12,40,171.282953817968,2.59824489125587,4,0.0462313526381549,955.91579668654,318.255593438667,1.37315842162647,0,166.432869497359,0,1,1,113.43456050693,37.6121413138388
4.93705820328282,2,12,40,552.78792151748,2.60182823794109,4,0.0462313526381549,960.008465737685,338.693182085046,1.37315842162647,0,166.432869497359,0,1,1,113.508382153706,37.7959409642645
13.6148646829493,2,11,40,396.223279560209,2.59662817507353,4,0.0462313526381549,963.275600074372,355.008292540169,1.37315842162647,0,166.432869497359,0,1,1,113.567478470637,37.9426662776169
253.791924127875,3,11,40,493.619593994851,2.59175959417706,4,0.0462313526381549,964.715880479844,362.200630375119,1.37315842162648,0,166.432869497359,0,1,1,113.593577037883,38.0073485257373
6.58223871953098,2,10,40,795.926841196197,2.58155292613292,4,0.0462313526381549,967.234205854003,374.776408536417,1.37315842162647,0,166.432869497359,0,1,1,113.639278816812,38.1204452158542
104.743034048807,2,10,40,734.228828578415,2.5773980212745,4,0.0462313526381549,967.969664325099,378.449072392429,1.37315842162647,0.105392794038681,166.432869497359,28.8063379400326,1.07651631747584,1,113.652642135087,38.1534742754241
14.8057303611345,1,13,40,73.5209685176067,2.10192832639697,6,0.0500159864591642,937.726958767723,281.721963471402,1.26776562758779,1.26776562758779,2500.26903135896,0,1,3,113.179346253505,37.2835864861168
21.0842941792209,1,13,40,73.5209685176067,2.07248728525079,6,0.0500159864591642,937.726958767723,281.721963471402,0,0,0,6.66325544217051,1,3,113.179346253505,37.2835864861168
218.355983223813,2,10,41,634.651802517981,2.0371108270864,6,0.0301298183197267,972.88262838317,402.982973667739,1.28861515336577,0,1388.69301177196,0,25250864301.9968,1,113.742101690285,38.3741129503678
0,3,13,40,73.5209685176067,2.4754983886738,4,0.0500159864591642,937.726958767723,281.721963471402,1.28861515336577,0,999.955091556026,4.3695498156239,25250864301.9968,3,113.179346253505,37.2835864861168
216.52331918622,2,10,41,634.651802517981,2.46068118644952,4,0.0301298183197267,972.88262838317,402.982973667739,1.28861515336577,1.28861515336577,2986.07265519778,0,1,1,113.742101690285,38.3741129503678
8.17317528867203,2,10,41,634.651802517981,2.38611510988568,3,0.0301298183197267,972.88262838317,402.982973667739,0,0,0,0,1,1,113.742101690285,38.3741129503678
254.273720869566,3,10,41,634.651802517981,2.40859796497124,3,0.0301298183197267,972.88262838317,402.982973667739,0,0,0,0,1,1,113.742101690285,38.3741129503678
261.553685493877,3,10,41,634.651802517981,1.82669007237027,6,0.0301298183197267,972.88262838317,402.982973667739,0,0,0,0,1,1,113.742101690285,38.3741129503678
7.47144983489199,2,10,41,634.651802517981,2.47945839267776,3,0.0301298183197267,972.88262838317,402.982973667739,0,0,0,0,1,1,113.742101690285,38.3741129503678
275.250616191333,3,10,41,634.651802517981,2.45331307390149,5,0.0301298183197267,972.88262838317,402.982973667739,0,0,0,0,1,1,113.742101690285,38.3741129503678
21.8596002140653,1,10,41,634.651802517981,2.43496241528612,5,0.0301298183197267,972.88262838317,402.982973667739,0,0,0,0,1,1,113.742101690285,38.3741129503678
245.043920857858,3,10,41,634.651802517981,2.56889951723165,3,0.0301298183197267,972.88262838317,402.982973667739,0,0,0,0,1,1,113.742101690285,38.3741129503678
287.99090580744,3,10,41,634.651802517981,2.34865138961066,5,0.0301298183197267,972.88262838317,402.982973667739,0,0,0,0,1,1,113.742101690285,38.3741129503678
103.268397987904,2,10,41,634.651802517981,2.34410557780067,5,0.0301298183197267,972.88262838317,402.982973667739,0,0,0,0,1,1,113.742101690285,38.3741129503678
99.8898052562927,2,10,41,634.651802517981,2.32003941608168,5,0.0301298183197267,972.88262838317,402.982973667739,0,0,0,0,1,1,113.742101690285,38.3741129503678
272.911015620658,3,10,41,634.651802517981,1.99823140571844,2,0.0301298183197267,972.88262838317,402.982973667739,0,0,0,0,1,1,113.742101690285,38.3741129503678
254.314801512879,3,10,41,634.651802517981,2.58592706786373,3,0.0301298183197267,972.88262838317,402.982973667739,0,0,0,0,1,1,113.742101690285,38.3741129503678
104.166505974698,2,10,41,634.651802517981,2.09247587718262,4,0.0301298183197267,972.88262838317,402.982973667739,0,0,0,62.3933524710927,1,1,113.742101690285,38.3741129503678
0,3,13,40,73.5209685176067,2.60204992206226,3,0.0500159864591642,937.726958767723,281.721963471402,1.28861515336577,1.28861515336577,2188.67749330146,0,1,3,113.179346253505,37.2835864861168
19.5008503135467,1,13,40,73.5209685176067,2.24209722923926,5,0.0500159864591642,937.726958767723,281.721963471402,0,0,0,15.1705269840345,1,3,113.179346253505,37.2835864861168
267.20221094563,3,10,41,634.651802517981,2.21029915172136,5,0.0301298183197267,972.88262838317,402.982973667739,1.28861515336577,1.28861515336577,1541.66091999739,0,1,1,113.742101690285,38.3741129503678
252.831248299483,3,10,41,634.651802517981,2.57769543354311,3,0.0301298183197267,972.88262838317,402.982973667739,0,0,0,0,1,1,113.742101690285,38.3741129503678
458.120263679141,2,10,41,634.651802517981,2.15491961968091,2,0.0301298183197267,972.88262838317,402.982973667739,0,0,0,47.0552271640494,1,1,113.742101690285,38.3741129503678
18.6857861482943,1,13,40,73.5209685176067,2.18784478613791,2,0.0500159864591642,937.726958767723,281.721963471402,1.28861515336577,0,5168.26845117701,109.756262030558,25250864301.9968,3,113.179346253505,37.2835864861168
255.17551843914,3,10,41,634.651802517981,1.93783451573201,4,0.0301298183197267,972.88262838317,402.982973667739,1.28861515336577,1.28861515336577,14820.6170259774,0,1,1,113.742101690285,38.3741129503678
220.389861460605,3,10,41,634.651802517981,2.12298627783338,5,0.0301298183197267,972.88262838317,402.982973667739,0,0,0,0,1,1,113.742101690285,38.3741129503678
214.551495195219,2,10,41,634.651802517981,2.54644695713496,3,0.0301298183197267,972.88262838317,402.982973667739,0,0,0,0,1,1,113.742101690285,38.3741129503678
39.627353198284,2,10,41,634.651802517981,2.04458557632736,5,0.0301298183197267,972.88262838317,402.982973667739,0,0,0,0,1,1,113.742101690285,38.3741129503678
218.96841901819,2,10,41,634.651802517981,2.48657309962807,3,0.0301298183197267,972.88262838317,402.982973667739,0,0,0,0,1,1,113.742101690285,38.3741129503678
240.022749701888,3,10,41,634.651802517981,1.63588609407459,1,0.0301298183197267,972.88262838317,402.982973667739,0,0,0,0,1,1,113.742101690285,38.3741129503678
219.958243721924,2,10,41,634.651802517981,2.44141580554473,3,0.0301298183197267,972.88262838317,402.982973667739,0,0,0,0,1,1,113.742101690285,38.3741129503678
100.124330544897,2,10,41,634.651802517981,1.88140663505697,5,0.0301298183197267,972.88262838317,402.982973667739,0,0,0,0,1,1,113.742101690285,38.3741129503678
10.7353813389565,2,10,41,634.651802517981,2.44998581644769,2,0.0301298183197267,972.88262838317,402.982973667739,0,0,0,0,1,1,113.742101690285,38.3741129503678
241.15288421609,3,10,41,634.651802517981,2.3001830271714,3,0.0301298183197267,972.88262838317,402.982973667739,0,0,0,0,1,1,113.742101690285,38.3741129503678
264.799079391058,3,10,41,634.651802517981,2.37743400926566,4,0.0301298183197267,972.88262838317,402.982973667739,0,0,0,0,1,1,113.742101690285,38.3741129503678
252.173784558401,3,10,41,634.651802517981,2.57853437590437,2,0.0301298183197267,972.88262838317,402.982973667739,0,0,0,0,1,1,113.742101690285,38.3741129503678
232.428645800726,3,10,41,634.651802517981,2.28689349982738,4,0.0301298183197267,972.88262838317,402.982973667739,0,0,0,0,1,1,113.742101690285,38.3741129503678
98.0175770754611,2,10,41,634.651802517981,2.58866432039582,2,0.0301298183197267,972.88262838317,402.982973667739,0,0,0,0,1,1,113.742101690285,38.3741129503678
19.0752423899638,1,10,41,634.651802517981,1.98651770877169,3,0.0301298183197267,972.88262838317,402.982973667739,0,0,0,0,1,1,113.742101690285,38.3741129503678
255.159327080761,3,10,41,634.651802517981,1.92848590771105,3,0.0301298183197267,972.88262838317,402.982973667739,0,0,0,0,1,1,113.742101690285,38.3741129503678
273.318237005119,3,10,41,634.651802517981,1.89989257908657,3,0.0301298183197267,972.88262838317,402.982973667739,0,0,0,0,1,1,113.742101690285,38.3741129503678
110.649638292552,2,10,41,634.651802517981,2.0900223618828,4,0.0301298183197267,972.88262838317,402.982973667739,0,0,0,0,1,1,113.742101690285,38.3741129503678
239.873266869152,3,10,41,634.651802517981,2.08038285157484,4,0.0301298183197267,972.88262838317,402.982973667739,0,0,0,0,1,1,113.742101690285,38.3741129503678
104.853422853655,2,10,41,634.651802517981,2.23483513964587,1,0.0301298183197267,972.88262838317,402.982973667739,0,0,0,0,1,1,113.742101690285,38.3741129503678
19.5608317495136,2,10,41,634.651802517981,2.53674628206527,2,0.0301298183197267,972.88262838317,402.982973667739,0,0,0,0,1,1,113.742101690285,38.3741129503678
248.39984935915,3,10,41,634.651802517981,2.52420837495361,2,0.0301298183197267,972.88262838317,402.982973667739,0,0,0,0,1,1,113.742101690285,38.3741129503678
210.542737298455,2,10,41,634.651802517981,2.03415411418295,4,0.0301298183197267,972.88262838317,402.982973667739,0,0,0,0,1,1,113.742101690285,38.3741129503678
8.40437641106844,2,10,41,634.651802517981,2.36081591946951,1,0.0301298183197267,972.88262838317,402.982973667739,0,0,0,0,1,1,113.742101690285,38.3741129503678
454.421501295301,2,10,41,634.651802517981,2.43858048771455,2,0.0301298183197267,972.88262838317,402.982973667739,0,0,0,15.4850692232436,1,1,113.742101690285,38.3741129503678
0,3,16,40,47.6014646369124,2.37589675965703,2,0.0500159864591642,937.686664810871,190.332983726125,1.40677205826822,0,1977.87754652784,0.0329704915189849,43108595000.9744,3,113.060933598999,36.4617056458388
99.8917811180103,2,10,41,634.651802517981,2.34597026765244,2,0.0301298183197267,972.88262838317,402.982973667739,1.40677205826822,0,1990.81242625822,0,12.3445077067069,1,113.742101690285,38.3741129503678
0,3,17,40,32.7866092716134,2.36968021488628,3,0.0528695608838065,937.669927350147,152.371473401276,1.43120304497693,0,843.749647117354,2.69250573937574,50614645461.5059,3,113.011749869419,36.1203095815544
224.867459039247,2,10,41,634.651802517981,2.36257497520148,3,0.0301298183197267,972.88262838317,402.982973667739,1.43120304497693,2.7250965110536,3751.06229561335,0,1.06009133459462,1,113.742101690285,38.3741129503678
271.994936305919,3,10,41,408.317988506939,2.58143609151618,1,0.0301298183197267,974.996479672592,395.545179662599,-1.29389346607667,0,82.9282198167988,0.0760842381785779,1,1,113.756546437193,38.3072232618758
226.559662169242,2,10,41,343.457365305403,2.30475542535907,3,0.0301298183197267,975.986010158515,392.063419165569,-1.29389346607666,0,108.467345951017,0,1,1,113.763293401133,38.2759110374597
264.056933267388,3,10,41,298.275819230795,2.28429644348175,3,0.0301298183197267,977.274483310339,387.529799448622,-1.29389346607666,0,108.467345951019,0,1,1,113.772064445,38.235139215815
220.605641147341,2,10,41,311.065631911976,2.58868198918981,1,0.0301298183197267,979.123602394283,381.023491788202,-1.29389346607667,0,108.467345951018,0,1,1,113.784623883846,38.1766265852773
287.237654777435,3,10,41,427.595165029061,2.22183114480984,3,0.0301298183197267,981.119955979087,373.999125031895,-1.29389346607667,0,108.467345951017,0,1,1,113.798146176435,38.1134549373588
40.4148239853327,2,11,41,272.154849871491,2.5811167356039,1,0.0301298183197267,982.885727558539,367.786083776901,-1.29389346607667,0,108.467345951018,0,1,1,113.810074449328,38.057579714968
19.430608005203,1,11,41,110.248145196157,2.57187756124412,1,0.0301298183197267,984.942889340069,360.547757389971,-1.29389346607666,0,108.467345951018,22.4461037989178,1.00405395853484,1,113.823933054604,37.9924838818634
21.8332325998022,1,17,40,32.7866092716134,2.56558754560916,1,0.0528695608838065,937.669927350147,152.371473401276,1.34750166334823,0.0357444678586607,5714.4228793486,0,27.709489366516,3,113.011749869419,36.1203095815544
224.642008569142,2,11,41,124.422310747759,2.54368768668638,1,0.0301298183197267,989.027068424404,346.17717093415,1.31175719548957,2.60565066156625,1997.41899944835,0,1.01808292203457,1,113.851325710954,37.863246092969
8.41287035250931,2,11,41,158.902864389169,2.53915912182921,1,0.0301298183197267,989.555946328512,344.316261926829,-1.29389346607668,0,108.467345951018,0,1,1,113.854861087662,37.8465105361997
259.819022623891,3,12,41,3.28202167440314,2.47343162648725,1,0.0301298183197267,995.468621790118,323.511930835638,-1.29389346607667,0,108.467345951018,0,1,1,113.894200938294,37.6594126917297
255.370049264378,3,12,41,37.8942163773168,1.73402337181348,2,0.0301298183197267,997.406340983466,316.693874961957,-1.29389346607667,0,108.467345951018,0,1,1,113.907019834857,37.5980964421541
221.27372355946,2,12,41,245.247774594051,1.88448496417254,3,0.0528019467951857,1000.03313301984,307.451248406959,-1.29389346607667,0,93.3652206340626,0,1,1,113.924339192925,37.5149755045907
13.1815821244123,2,12,41,245.247774594051,1.67512851701142,2,0.0528019467951857,1000.03313301984,307.451248406959,0,0,0,0,1,1,113.924339192925,37.5149755045907
226.236312846986,3,12,41,245.247774594051,1.65626805877597,2,0.0528019467951857,1000.03313301984,307.451248406959,0,0,0,0,1,1,113.924339192925,37.5149755045907
229.58108332079,2,12,41,245.247774594051,1.82625010665826,3,0.0528019467951857,1000.03313301984,307.451248406959,0,0,0,0,1,1,113.924339192925,37.5149755045907
258.038938661139,3,12,41,245.247774594051,1.61893289408774,2,0.0528019467951857,1000.03313301984,307.451248406959,0,0,0,0,1,1,113.924339192925,37.5149755045907
291.900169320955,3,12,41,245.247774594051,2.34038209315702,1,0.0528019467951857,1000.03313301984,307.451248406959,0,0,0,0,1,1,113.924339192925,37.5149755045907
269.066238583611,3,12,41,245.247774594051,1.59408039752838,2,0.0528019467951857,1000.03313301984,307.451248406959,0,0,0,0,1,1,113.924339192925,37.5149755045907
231.157429522152,2,12,41,245.247774594051,1.72521695168526,3,0.0528019467951857,1000.03313301984,307.451248406959,0,0,0,0,1,1,113.924339192925,37.5149755045907
217.98961335129,2,12,41,245.247774594051,2.21585182957404,1,0.0528019467951857,1000.03313301984,307.451248406959,0,0,0,0,1,1,113.924339192925,37.5149755045907
250.315953473937,3,12,41,245.247774594051,1.65882478975673,3,0.0528019467951857,1000.03313301984,307.451248406959,0,0,0,0,1,1,113.924339192925,37.5149755045907
7.99353802571321,2,12,41,245.247774594051,2.37174568026424,2,0.0528019467951857,1000.03313301984,307.451248406959,0,0,0,0,1,1,113.924339192925,37.5149755045907
8.12752869212325,2,12,41,245.247774594051,1.7459257001737,8,0.0528019467951857,1000.03313301984,307.451248406959,0,0,0,0,1,1,113.924339192925,37.5149755045907
277.202606159292,3,12,41,245.247774594051,2.27212037129617,2,0.0528019467951857,1000.03313301984,307.451248406959,0,0,0,0,1,1,113.924339192925,37.5149755045907
248.460829853484,3,12,41,245.247774594051,1.84459444194756,8,0.0528019467951857,1000.03313301984,307.451248406959,0,0,0,0,1,1,113.924339192925,37.5149755045907
6.22229660323692,2,12,41,245.247774594051,1.8635849107525,8,0.0528019467951857,1000.03313301984,307.451248406959,0,0,0,0,1,1,113.924339192925,37.5149755045907
6.40647624258704,2,12,41,245.247774594051,1.98922501814768,1,0.0528019467951857,1000.03313301984,307.451248406959,0,0,0,0,1,1,113.924339192925,37.5149755045907
258.038938661139,3,12,41,245.247774594051,1.97096292762587,1,0.0528019467951857,1000.03313301984,307.451248406959,0,0,0,0,1,1,113.924339192925,37.5149755045907
12.1596818292642,2,12,41,245.247774594051,1.96356519635321,8,0.0528019467951857,1000.03313301984,307.451248406959,0,0.0989445063322592,0,0.747281929566963,1,1,113.924339192925,37.5149755045907
251.854245823786,3,12,41,195.941111148619,1.91646054988613,1,0.0528019467951857,992.265090348606,308.222371634235,-0.0989445063322592,0,153.760135882287,0.198759689103948,1,1,113.836650581016,37.5219103823818
0.613231033843144,2,12,41,411.517423337642,2.08366080760765,2,0.0528019467951857,978.376895903446,309.601034158997,-0.098944506332257,0,190.087008462671,0,1,1,113.679834278496,37.5343089923397
21.0732218307408,1,12,40,577.230814218353,2.06748855308518,8,0.0528019467951857,964.700825194025,310.958639443653,-0.0989445063322591,0,190.08700846267,0,1,1,113.525361628197,37.5465182299877
238.348627360688,3,12,40,140.328677686457,2.15549574943063,8,0.0328789902972251,950.243052159754,312.393843274688,-0.0989445063322564,0,83.7199715656825,0,1,1,113.362003990311,37.5594253281292
223.39082051997,2,12,40,140.328677686457,2.16012953013703,8,0.0328789902972251,950.243052159754,312.393843274688,0,0,0,0,1,1,113.362003990311,37.5594253281292
237.647393569377,3,12,40,140.328677686457,1.94907239142059,2,0.0328789902972251,950.243052159754,312.393843274688,0,0,0,0,1,1,113.362003990311,37.5594253281292
97.5628419491999,2,12,40,140.328677686457,1.72647509187731,1,0.0328789902972251,950.243052159754,312.393843274688,0,0,0,0,1,1,113.362003990311,37.5594253281292
244.340445388268,3,12,40,140.328677686457,2.22646239896735,8,0.0328789902972251,950.243052159754,312.393843274688,0,0,0,0,1,1,113.362003990311,37.5594253281292
223.760304726827,2,12,40,140.328677686457,1.88222736552709,2,0.0328789902972251,950.243052159754,312.393843274688,0,0,0,0,1,1,113.362003990311,37.5594253281292
296.906681275366,3,12,40,140.328677686457,1.83951359834998,2,0.0328789902972251,950.243052159754,312.393843274688,0,0,0,0,1,1,113.362003990311,37.5594253281292
10.0703209880821,2,12,40,140.328677686457,1.81350868497798,2,0.0328789902972251,950.243052159754,312.393843274688,0,0,0,0,1,1,113.362003990311,37.5594253281292
225.808560044999,2,12,40,140.328677686457,2.31475162939506,8,0.0328789902972251,950.243052159754,312.393843274688,0,0,0,0,1,1,113.362003990311,37.5594253281292
97.0305462552985,2,12,40,140.328677686457,1.83696074257389,6,0.0328789902972251,950.243052159754,312.393843274688,0,0,0,0,1,1,113.362003990311,37.5594253281292
255.305798871212,3,12,40,140.328677686457,2.24465726418589,8,0.0328789902972251,950.243052159754,312.393843274688,0,0,0,0,1,1,113.362003990311,37.5594253281292
263.426190028463,3,12,40,140.328677686457,2.55903062833532,7,0.0328789902972251,950.243052159754,312.393843274688,0,0,0,0,1,1,113.362003990311,37.5594253281292
8.30801168663186,2,12,40,140.328677686457,2.19619081678224,8,0.0328789902972251,950.243052159754,312.393843274688,0,0,0,0,1,1,113.362003990311,37.5594253281292
264.482767529676,3,12,40,140.328677686457,1.96329562142734,6,0.0328789902972251,950.243052159754,312.393843274688,0,0,0,0,1,1,113.362003990311,37.5594253281292
218.587693444769,2,12,40,140.328677686457,2.59239135900329,7,0.0328789902972251,950.243052159754,312.393843274688,0,0,0,0,1,1,113.362003990311,37.5594253281292
243.302306757824,3,12,40,140.328677686457,2.59402782341257,7,0.0328789902972251,950.243052159754,312.393843274688,0,0,0,0,1,1,113.362003990311,37.5594253281292
219.5451459264,2,12,40,140.328677686457,2.5992928140588,7,0.0328789902972251,950.243052159754,312.393843274688,0,0,0,0,1,1,113.362003990311,37.5594253281292
250.579832998006,3,12,40,140.328677686457,2.6012702535925,7,0.0328789902972251,950.243052159754,312.393843274688,0,0,0,0,1,1,113.362003990311,37.5594253281292
99.4673986371488,2,12,40,140.328677686457,2.60209178233746,7,0.0328789902972251,950.243052159754,312.393843274688,0,0,0,0,1,1,113.362003990311,37.5594253281292
108.804801730283,2,12,40,140.328677686457,2.60099080355142,7,0.0328789902972251,950.243052159754,312.393843274688,0,0,0,0,1,1,113.362003990311,37.5594253281292
253.659216754666,3,12,40,140.328677686457,1.99646935845616,8,0.0328789902972251,950.243052159754,312.393843274688,0,0,0,0,1,1,113.362003990311,37.5594253281292
18.6564766111151,2,12,40,140.328677686457,2.5926119191162,7,0.0328789902972251,950.243052159754,312.393843274688,0,0,0,0,1,1,113.362003990311,37.5594253281292
248.76681864221,3,12,40,140.328677686457,2.59122347719257,7,0.0328789902972251,950.243052159754,312.393843274688,0,0,0,0,1,1,113.362003990311,37.5594253281292
326.394420877331,3,12,40,140.328677686457,2.58547786918011,7,0.0328789902972251,950.243052159754,312.393843274688,0,0,0,0,1,1,113.362003990311,37.5594253281292
268.750912368504,3,12,40,140.328677686457,2.20378517727907,6,0.0328789902972251,950.243052159754,312.393843274688,0,0,0,0,1,1,113.362003990311,37.5594253281292
224.49742235347,2,12,40,140.328677686457,2.52189551950757,7,0.0328789902972251,950.243052159754,312.393843274688,0,1.49935806333592,0,0.703613797490257,1,1,113.362003990311,37.5594253281292
20.111024393294,1,12,40,286.125089741548,2.31866264987211,6,0.0742547340922693,948.395133596948,338.217174244225,-1.49935806333592,0,452.642917213434,0.28962033761688,5177873020.37044,3,113.374591107369,37.7916601229061
207.179796764976,3,12,40,140.328677686457,2.34232627540762,6,0.0328789902972251,950.243052159754,312.393843274688,-1.49935806333592,0,512.277368465917,0,1,1,113.362003990311,37.5594253281292
99.7658133637871,2,12,40,140.328677686457,2.46103443611022,7,0.0328789902972251,950.243052159754,312.393843274688,0,0,0,0,1,1,113.362003990311,37.5594253281292
254.772319475438,3,12,40,140.328677686457,2.38560732378005,7,0.0328789902972251,950.243052159754,312.393843274688,0,0,0,0,1,1,113.362003990311,37.5594253281292
217.819567223943,2,12,40,140.328677686457,2.4797689237456,6,0.0328789902972251,950.243052159754,312.393843274688,0,0,0,0,1,1,113.362003990311,37.5594253281292
210.631087132054,3,12,40,140.328677686457,1.58625175033135,8,0.0328789902972251,950.243052159754,312.393843274688,0,0,0,0,1,1,113.362003990311,37.5594253281292
12.77134269044,2,12,40,140.328677686457,2.50348576534651,6,0.0328789902972251,950.243052159754,312.393843274688,0,0,0,0,1,1,113.362003990311,37.5594253281292
266.071729807215,3,12,40,140.328677686457,2.31028243294831,7,0.0328789902972251,950.243052159754,312.393843274688,0,0,0,0,1,1,113.362003990311,37.5594253281292
17.3119823615385,1,12,40,140.328677686457,2.27460816174356,7,0.0328789902972251,950.243052159754,312.393843274688,0,0,0,0,1,1,113.362003990311,37.5594253281292
250.361420635606,3,12,40,140.328677686457,2.26302261388546,7,0.0328789902972251,950.243052159754,312.393843274688,0,0,0,0,1,1,113.362003990311,37.5594253281292
257.549706975642,3,12,40,140.328677686457,2.4072389741167,8,0.0328789902972251,950.243052159754,312.393843274688,0,0,0,0,1,1,113.362003990311,37.5594253281292
252.118933881676,3,12,40,140.328677686457,1.96781847043377,5,0.0328789902972251,950.243052159754,312.393843274688,0,0,0,0,1,1,113.362003990311,37.5594253281292
256.709290381197,3,12,40,140.328677686457,2.05157947764245,7,0.0328789902972251,950.243052159754,312.393843274688,0,0,0,0,1,1,113.362003990311,37.5594253281292
12.2293878803732,2,12,40,140.328677686457,2.0368710726034,7,0.0328789902972251,950.243052159754,312.393843274688,0,0,0,0,1,1,113.362003990311,37.5594253281292
250.534466812628,3,12,40,140.328677686457,2.15068201699746,5,0.0328789902972251,950.243052159754,312.393843274688,0,0,0,0,1,1,113.362003990311,37.5594253281292
259.565946227679,3,12,40,140.328677686457,2.207469819767,5,0.0328789902972251,950.243052159754,312.393843274688,0,0,0,0,1,1,113.362003990311,37.5594253281292
98.9270373640272,2,12,40,140.328677686457,2.03596491796794,8,0.0328789902972251,950.243052159754,312.393843274688,0,1.49935806333592,0,1.63078025529786,1,1,113.362003990311,37.5594253281292
25.880476493602,1,12,40,286.125089741548,2.51715984438827,6,0.0742547340922693,948.395133596948,338.217174244225,-1.49935806333592,0,927.585963508172,0,1,3,113.374591107369,37.7916601229061
0,3,12,40,286.125089741548,2.51142871121191,6,0.0742547340922693,948.395133596948,338.217174244225,0,1.49935806333592,0,7.00781702385226,1,3,113.374591107369,37.7916601229061
459.911218136784,2,12,40,140.328677686457,1.59588526316598,4,0.0328789902972251,950.243052159754,312.393843274688,-1.49935806333592,0,435.651505638005,0,1,1,113.362003990311,37.5594253281292
261.969978153094,3,12,40,140.328677686457,2.47531517672172,6,0.0328789902972251,950.243052159754,312.393843274688,0,0,0,0,1,1,113.362003990311,37.5594253281292
222.416658587849,2,12,40,140.328677686457,1.94366578078313,8,0.0328789902972251,950.243052159754,312.393843274688,0,0,0,0,1,1,113.362003990311,37.5594253281292
254.433535439104,3,12,40,140.328677686457,2.38681542876175,5,0.0328789902972251,950.243052159754,312.393843274688,0,0,0,0,1,1,113.362003990311,37.5594253281292
13.946747690158,2,12,40,140.328677686457,1.90242657358367,8,0.0328789902972251,950.243052159754,312.393843274688,0,0,0,0,1,1,113.362003990311,37.5594253281292
228.378559633777,2,12,40,140.328677686457,2.40785028831259,5,0.0328789902972251,950.243052159754,312.393843274688,0,0,0,0,1,1,113.362003990311,37.5594253281292
92.2333584079167,2,12,40,140.328677686457,1.68317326455153,7,0.0328789902972251,950.243052159754,312.393843274688,0,0,0,0,1,1,113.362003990311,37.5594253281292
248.728033915936,3,12,40,140.328677686457,1.85743988244265,8,0.0328789902972251,950.243052159754,312.393843274688,0,0,0,0,1,1,113.362003990311,37.5594253281292
259.33436079571,3,12,40,140.328677686457,1.84420622647428,8,0.0328789902972251,950.243052159754,312.393843274688,0,0,0,0,1,1,113.362003990311,37.5594253281292
16.0027782069713,2,12,40,140.328677686457,2.37077518061646,6,0.0328789902972251,950.243052159754,312.393843274688,0,0,0,0,1,1,113.362003990311,37.5594253281292
37.7375093237667,2,12,40,140.328677686457,2.36043225531585,6,0.0328789902972251,950.243052159754,312.393843274688,0,0,0,0,1,1,113.362003990311,37.5594253281292
243.901750854757,3,12,40,140.328677686457,2.33235034942589,6,0.0328789902972251,950.243052159754,312.393843274688,0,0,0,0,1,1,113.362003990311,37.5594253281292
261.278547228973,3,12,40,140.328677686457,1.76769150158685,8,0.0328789902972251,950.243052159754,312.393843274688,0,0,0,0,1,1,113.362003990311,37.5594253281292
253.72052321721,3,12,40,140.328677686457,1.86351051266398,4,0.0328789902972251,950.243052159754,312.393843274688,0,0,0,0,1,1,113.362003990311,37.5594253281292
112.060217308143,2,12,40,140.328677686457,2.22974149760426,6,0.0328789902972251,950.243052159754,312.393843274688,0,0,0,0,1,1,113.362003990311,37.5594253281292
255.389395429493,3,12,40,140.328677686457,2.57078482928456,5,0.0328789902972251,950.243052159754,312.393843274688,0,0,0,0,1,1,113.362003990311,37.5594253281292
8.20517966207942,2,12,40,140.328677686457,2.36911357522035,7,0.0328789902972251,950.243052159754,312.393843274688,0,0,0,0.226838207773366,1,1,113.362003990311,37.5594253281292
98.7341803228481,2,13,40,208.247096490258,2.25443302746746,7,0.0328789902972251,948.433335398833,301.67948783074,1.40346982890805,0,46.7667646532871,0.0855970774153444,1,1,113.327330270741,37.4630688146868
258.636683841422,3,13,40,51.0479290498622,2.10053224872577,4,0.0328789902972251,947.173429473394,294.220265369754,1.40346982890805,0,118.36436507001,0,1,1,113.303222305538,37.3959864154616
238.589004255915,3,13,40,27.4007214855638,2.59003336961301,5,0.0328789902972251,945.327877789335,283.29375070172,1.40346982890804,0,118.36436507001,0,1,1,113.267954869758,37.2977219082781
0.922812843179504,2,13,40,174.813794453859,2.1839220181937,4,0.0328789902972251,943.917943872447,274.94629353924,1.40346982890805,0,118.36436507001,0,1,1,113.24104924509,37.2226514224711
257.633026345131,3,14,40,31.9945242742649,2.54479956875383,5,0.0328789902972251,941.311719138857,259.516244613638,1.40346982890805,0,118.364365070011,0,1,1,113.191400223085,37.0838856586793
263.5417037144,3,14,40,26.4651634959962,2.52176455279651,5,0.0328789902972251,939.801263806046,250.573654442952,1.40346982890805,0,118.36436507001,0,1,1,113.162676465816,37.0034630131456
259.033015710666,3,14,40,41.0498834858127,1.81734881954966,6,0.0328789902972251,939.556611760469,249.125201827046,1.40346982890809,0,118.364365070011,0,1,1,113.158027509676,36.9904367658193
96.4362419761288,2,14,40,52.3284694450111,2.51520222429692,5,0.0328789902972251,939.404062338667,248.222039098354,1.40346982890798,0,118.364365070013,0,1,1,113.15512921073,36.9823144282635
100.627003384795,2,14,40,190.554036675207,2.49521593650012,5,0.0328789902972251,938.259005875288,241.44277826762,1.40346982890804,0,118.36436507001,0,1,1,113.133386297658,36.9213470708912
255.772381792771,3,15,40,116.876085848701,2.38496005494644,4,0.0328789902972251,936.035156715216,228.276568577101,1.40346982890805,0,118.36436507001,0,1,1,113.091219774935,36.8029405024638
237.917587312318,3,16,40,309.847160613254,2.33413487833,5,0.0328789902972251,931.099098331561,199.052833042021,1.40346982890805,0,118.36436507001,0,1,1,112.99791491546,36.5401251347402
264.68869744255,3,16,40,209.581603659174,2.51359114421735,4,0.0328789902972251,929.82321944415,191.499043300805,1.40346982890805,0,118.36436507001,0,1,1,112.973861940258,36.4721922715318
262.082348640669,3,16,40,290.186996039103,2.4390676088034,6,0.0328789902972251,927.809186962592,179.575044833727,1.40346982890805,0,118.36436507001,5.02961619835629,1.1634754299948,1,112.935947228524,36.364957177028
0,3,12,40,286.125089741548,1.6914095235735,7,0.0742547340922693,948.395133596948,338.217174244225,1.44175396955593,0.00372607739667852,1968.25729192493,2.66681143418616,19.5449893242034,3,113.374591107369,37.7916601229061
247.970154110044,3,17,40,440.866308830366,2.37170990273695,6,0.0328789902972251,924.935968143168,162.56426813965,1.43802789215925,0.0345580632511946,2748.54986211471,0,1.00002776171698,1,112.881972531648,36.2119755868835
281.388075089293,3,17,40,400.017822531429,2.33638815490432,6,0.0328789902972251,923.419034446202,153.583323074016,1.40346982890805,0,118.36436507001,0,1,1,112.85353052591,36.1312080074926
33.2677082970401,2,17,40,533.534361137648,2.29856899205547,6,0.0328789902972251,921.841463743804,144.243379051586,1.40346982890804,0,118.364365070011,0,1,1,112.823991379175,36.0472118729182
258.038938661139,3,17,40,571.913031043936,2.02815301324219,3,0.0328789902972251,921.586778312691,142.735524179344,1.40346982890802,0,118.364365070012,0,1,1,112.819226336892,36.0336514082662
13.5466182983192,2,18,40,767.874523987023,2.04585281930808,5,0.0328789902972251,920.038187770418,133.567156031719,1.40346982890805,0,118.36436507001,0,1,1,112.79027570744,35.9511982926044
43.811154487888,2,18,40,651.001718483846,2.20558532795691,6,0.0328789902972251,918.293188843231,123.235959924724,1.40346982890805,0,118.36436507001,38.2272977617824,1.10140437255107,1,112.757700093624,35.8582876138644
21.1299545538188,1,12,40,286.125089741548,2.02239876449021,5,0.0742547340922693,948.395133596948,338.217174244225,1.43167951467786,0.00148463522691378,12300.2365674326,0,36.9975284022337,3,113.374591107369,37.7916601229061
268.700979927842,3,18,39,623.956419825137,2.17528611317304,3,0.0328789902972251,916.284532170409,111.343788717492,1.43019487945095,0.0267250505429026,2719.8376762778,0,1.00001890757854,1,112.720263964446,35.7513387487849
262.740992507412,3,19,39,640.650766786134,2.09590520827902,6,0.0328789902972251,914.016698071977,97.9171679648943,1.40346982890804,0,118.364365070011,0,1,1,112.678076477136,35.630590247412
10.8305269230487,2,19,39,497.828426207607,2.55732539889288,4,0.0328789902972251,913.16947416918,92.9012128545761,1.40346982890805,0,118.36436507001,0,1,1,112.662337462829,35.5854806793618
8.20816390375107,2,19,39,369.335497520564,2.29958580681351,3,0.0328789902972251,911.572413608834,83.4458799104542,1.40346982890805,0,118.364365070011,0,1,1,112.63270042453,35.5004468272837
213.288645718775,2,19,39,488.9052046086,1.60737010927831,2,0.0328789902972251,909.406517311815,70.6227778195047,1.40346982890805,0,118.36436507001,0,1,1,112.592573781675,35.3851258996308
256.951085759413,3,19,39,538.211361777908,1.76116970478496,5,0.0328789902972251,909.067658924669,68.6165803396311,1.40346982890801,0,118.364365070011,0,1,1,112.586302812637,35.3670837322369
267.025183106292,3,20,39,509.871874173415,2.3734657880706,3,0.0328789902972251,908.705240545767,66.4708968742287,1.40346982890806,0,118.364365070009,0,1,1,112.579597909685,35.3477871372379
258.038938661139,3,20,39,393.01263751147,2.46350822410196,4,0.0328789902972251,908.10925233071,62.9423725689789,1.40346982890804,0,118.364365070011,0,1,1,112.568576514575,35.3160543557907
295.817801798903,3,20,39,304.038228157363,1.65901455446372,2,0.0328789902972251,907.530456422566,59.5156346267415,1.40346982890807,0,118.364365070009,0,1,1,112.557878591737,35.2852369610979
196.649007550286,3,20,39,236.594390094378,2.4384221908641,4,0.0328789902972251,906.922522942058,55.9163888568506,1.40346982890803,0,118.364365070012,0,1,1,112.546647996502,35.2528681662392
209.208171594828,3,20,39,219.743303890349,2.3877748814875,4,0.0328789902972251,904.6598066416,42.5200678217397,1.40346982890805,0,118.36436507001,0,1,1,112.504900877765,35.1323921567722
250.205799684322,3,20,39,340.028116221901,2.3628137171982,4,0.0328789902972251,903.591841670887,36.1972240790102,1.40346982890804,0,118.364365070011,0,1,1,112.485225909808,35.0755294568854
261.768470046066,3,21,39,64.2480163607738,2.54487936792479,3,0.0328789902972251,900.405212440747,17.3309136280754,1.40346982890805,0,118.36436507001,0,1,1,112.42662957468,34.9058606507604
247.415663787697,3,21,39,138.023478734352,2.23656098466024,4,0.0328789902972251,898.662107432554,7.01093039246462,1.40346982890804,0,118.364365070011,0,1,1,112.394647059864,34.8130508117953
228.647721697083,3,21,39,309.049896549108,2.40185970286363,5,0.0328789902972251,897.499343473508,0.126833044388889,1.40346982890806,0,118.36436507001,0,1,1,112.373340185534,34.7511406369716
474.569404491237,2,22,39,235.375459091403,2.38778158776362,5,0.0328789902972251,897.08252323996,-2.3409344178487,1.40346982890806,0,118.364365070011,0,1,1,112.365707598114,34.7289474709999
278.493574401342,3,22,39,51.1076463278665,1.61032308368383,6,0.0328789902972251,895.687073355678,-10.6026394466538,1.40346982890804,0,118.36436507001,0,1,1,112.34017548089,34.6546481726586
258.038938661139,3,22,39,28.6748204119668,2.3474258057872,5,0.0328789902972251,895.367625828943,-12.4939157065795,1.40346982890803,0,118.36436507001,0,1,1,112.334335112071,34.6376395166255
299.493689044961,3,22,39,149.308313036326,2.07370134909349,4,0.0328789902972251,892.551162502221,-29.1686737841883,1.40346982890805,0,118.36436507001,0,1,1,112.282914484621,34.4876798144988
246.052276328446,3,22,39,234.463164358843,2.61556483424374,3,0.0328789902972251,892.029327171569,-32.2581789136929,1.40346982890801,0,118.364365070011,0,1,1,112.273401448683,34.4598952273532
7.5447241322639,2,23,39,204.262604733205,2.03579414067293,4,0.0328789902972251,891.295642989087,-36.6019266671884,1.40346982890807,0,118.36436507001,0,1,1,112.260033923851,34.4208309652994
19.1927564059878,1,23,39,63.6434979138529,2.12119087491162,2,0.0328789902972251,890.183310930326,-43.1874439738806,1.40346982890803,0,118.364365070011,0,1,1,112.23978427189,34.3616059852988
301.226002543992,3,23,39,75.0336444498617,1.94112605471626,4,0.0328789902972251,887.663683279151,-58.104798348912,1.40346982890805,0,118.36436507001,0,1,1,112.193989825456,34.2274509943727
263.94239185338,3,24,39,95.289568786482,1.84126911679097,4,0.0328789902972251,884.004306336789,-79.7699926547306,1.40346982890804,0,118.364365070011,0,1,1,112.127664603271,34.0326112210162
259.691494276923,3,24,39,86.86397193241,2.2904883564753,2,0.0328789902972251,883.748991371329,-81.2815746598098,1.40346982890809,0,118.364365070009,0,1,1,112.123045233209,34.0190172374534
258.701023004038,3,24,39,94.0319470776762,2.01867269680785,5,0.0328789902972251,882.864218251048,-86.5198384050811,1.40346982890804,0,118.36436507001,0,1,1,112.107045404533,33.9719083998171
265.455392462327,3,25,39,221.872207463942,2.4114838970327,3,0.0328789902972251,877.509644258286,-118.221378805345,1.40346982890805,0,118.36436507001,0,1,1,112.010488017678,33.6868095975885
237.563068117459,3,25,39,236.499596748894,2.44929097485275,2,0.0328789902972251,877.128714716858,-120.476656865478,1.40346982890807,0,118.364365070011,0,1,1,112.003636636938,33.6665273947202
248.488619020846,3,25,39,252.586752216676,2.45480747117395,2,0.0328789902972251,876.867366536918,-122.023958274717,1.40346982890807,0,118.364365070013,0,1,1,111.99893740883,33.6526121788382
94.5671195019918,2,26,39,461.435987524738,2.5252519104969,2,0.0328789902972251,873.405580948798,-142.519320898748,1.40346982890805,0,118.36436507001,9.21300940747176,1.08924995552989,1,111.936797048631,33.4682929545489
21.336458344251,1,12,40,286.125089741548,1.79091529702686,5,0.0742547340922693,948.395133596948,338.217174244225,1.41605448139719,0.000539014126421211,5942.70753415488,0,45.6939203710713,3,113.374591107369,37.7916601229061
257.126909372696,3,26,39,642.363754106696,2.41249534597921,4,0.0328789902972251,869.779440368766,-163.987740655443,1.41551546727077,0.0120456383627241,4980.0585906279,0,1.00000053131844,1,111.871915903769,33.2752228172276
266.076514674772,3,26,39,770.301054206509,2.20287580600771,3,0.0328789902972251,869.150170785322,-167.713305966366,1.40346982890805,0,118.36436507001,0,1,1,111.860678446039,33.2417180034439
248.967588060569,3,27,39,793.236983370804,2.18116144366621,3,0.0328789902972251,868.50237780556,-171.548538301691,1.40346982890805,0,118.364365070011,0,1,1,111.849116940249,33.2072269304151
267.059198386205,3,27,39,737.570324204823,2.59866056266113,2,0.0328789902972251,867.99888242339,-174.529462502346,1.40346982890805,0,118.364365070009,0,1,1,111.840135514257,33.1804188350226
243.489615684927,3,27,39,704.31855255625,2.35671063846618,4,0.0328789902972251,867.565911438892,-177.092849837314,1.40346982890802,0,118.364365070013,0,1,1,111.832415417231,33.1573657388758
294.18861569477,3,27,38,618.658523875334,2.12737778802289,3,0.0328789902972251,866.233651633391,-184.980440541043,1.40346982890805,0,118.36436507001,0,1,1,111.808679699378,33.0864309314907
18.1875571528566,1,27,38,603.690412337271,2.3255494048173,4,0.0328789902972251,865.974586889113,-186.514222961107,1.40346982890807,0,118.364365070006,0,1,1,111.804067527007,33.0726372947993
243.399259035694,3,27,38,590.973372069371,2.09468771900157,3,0.0328789902972251,864.988891436559,-192.349993323738,1.40346982890804,0,118.36436507001,0,1,1,111.786529027005,33.0201549510564
252.465471510964,3,27,38,707.15865905003,2.62879531636836,2,0.0328789902972251,863.480372461292,-201.281119367312,1.40346982890804,0,118.364365070011,0,1,1,111.759718579007,32.9398354048947
260.504616676222,3,28,38,465.136963611671,1.99918602127027,3,0.0328789902972251,861.55638297888,-212.672021872121,1.40346982890805,0,118.36436507001,0,1,1,111.72557791861,32.8373945575598
237.274821896755,3,28,38,360.724299480204,2.17771540067432,4,0.0328789902972251,860.382993670413,-219.619026174963,1.40346982890804,0,118.364365070011,18.8135451200734,1.02526555682024,1,111.704786068128,32.7749186469002
18.8142264461928,1,12,40,286.125089741548,2.17900963377431,4,0.0742547340922693,948.395133596948,338.217174244225,1.41431209241267,0.000395948360864429,4149.78432270975,18.2604845278563,53.7650332501422,3,113.374591107369,37.7916601229061
93.4959948889565,2,29,38,420.659159738879,2.56957090717352,2,0.0328789902972251,856.817945050206,-240.725753435651,1.41391614405181,0.0104463151437659,13095.913468141,0,1.00000053465328,1,111.641752916745,32.5851012883425
271.815551254481,3,29,38,268.565958842957,1.84468344126872,3,0.0328789902972251,855.842153358135,-246.50288898187,1.40346982890804,0,118.364365070009,0,1,1,111.624536181841,32.5331462601722
18.0580288127955,1,29,38,263.380848260673,2.29125823870401,1,0.0328789902972251,855.798624188025,-246.760601686313,1.40346982890793,0,118.364365070022,0,1,1,111.623768520711,32.5308285941399
18.1886924007826,1,29,38,233.237137155785,2.36489849899244,1,0.0328789902972251,852.818657186745,-264.403376706367,1.40346982890805,0,118.36436507001,0,1,1,111.571288568613,32.372163306501
10,2,29,38,384.868120865673,2.39127221588517,1,0.0328789902972251,851.713236031618,-270.947978285492,1.40346982890805,0,118.364365070011,0,1,1,111.55185789064,32.3133062904786
286.009186104897,3,30,38,62.6666944681896,2.41541046193254,2,0.0328789902972251,849.111702283925,-286.350254417377,1.40346982890805,0,118.364365070011,0,1,1,111.506207696438,32.1747902934213
254.491274285385,3,30,38,69.0535127430334,2.38806681776709,2,0.0328789902972251,847.939419701269,-293.290706394478,1.40346982890805,0,118.36436507001,0,1,1,111.485673218558,32.1123733092428
257.97954308191,3,30,38,118.681758157713,1.82364442887871,4,0.0328789902972251,847.254114000423,-297.34803128928,1.40346982890806,0,118.364365070011,0,1,1,111.473679324242,32.0758849098415
217.610468361825,2,30,38,294.97134381442,2.34159036509668,2,0.0328789902972251,846.011851319465,-304.702797629493,1.40346982890804,0,118.36436507001,0,1,1,111.451957347522,32.0097419070791
8.73585464256151,2,31,38,26.8758423375503,2.55908341625445,1,0.0328789902972251,843.852268582337,-317.488520542521,1.40346982890805,0,118.36436507001,0,1,1,111.414255149783,31.8947571384494
270.786308034102,3,31,38,39.4712803974251,2.58548723779855,1,0.0328789902972251,842.024383151446,-328.310442867765,1.40346982890805,0,118.36436507001,0,1,1,111.38240315133,31.7974332528027
253.827085329223,3,31,38,195.449502407111,2.60092307971161,1,0.0328789902972251,840.721835741074,-336.022122528739,1.40346982890805,0,118.364365070011,0,1,1,111.359738711258,31.7280804514323
222.953617022595,2,32,38,18.2942987851337,2.62687854259043,1,0.0328789902972251,837.211625193388,-356.804183182178,1.40346982890804,0,118.36436507001,13.9289317731589,1.06173563978576,1,111.29879840859,31.5411828898208
0,3,12,40,286.125089741548,1.61702801526504,4,0.0742547340922693,948.395133596948,338.217174244225,1.41216899458224,0.000200151626200462,9047.22929755075,9.02282102473742,85.9246968250326,3,113.374591107369,37.7916601229061
254.678301305697,3,33,38,327.628163450101,2.62644666804866,1,0.0328789902972251,834.450937559959,-373.148723506385,1.41196884295604,0.00849901404799125,11574.2829462511,0,1.00000020024034,1,111.251011553554,31.3941929072971
252.100518364941,3,33,38,220.181525235221,2.62366906967983,1,0.0328789902972251,833.778218841354,-377.131527678053,1.40346982890805,0,118.36436507001,0,1,1,111.239385772788,31.3583746888599
224.198188922876,2,33,38,130.717279341363,1.98756474758153,2,0.0328789902972251,832.923292773467,-382.193083147638,1.40346982890805,0,118.364365070009,0,1,1,111.224621766711,31.3128550269264
42.8777927360092,2,33,38,96.2413849382328,2.17799334392595,3,0.0328789902972251,832.202747304604,-386.459043674515,1.40346982890804,0,118.364365070012,0,1,1,111.212187675416,31.2744903222082
257.353184473755,3,33,38,97.6146569318351,1.95122599119772,2,0.0328789902972251,831.538754960339,-390.390183697167,1.40346982890804,0,118.364365070011,0,1,1,111.200736984746,31.2391367306256
304.375210987622,3,34,38,271.952259755668,2.54966435716282,1,0.0328789902972251,827.362856029251,-415.113425704886,1.40346982890805,0,118.36436507001,0,1,1,111.128887413178,31.0167952735666
252.77493585645,3,34,38,329.120869819977,1.97592668657946,3,0.0328789902972251,824.704946760137,-430.84947084852,1.40346982890804,0,118.364365070011,0,1,1,111.083304047447,30.8752776196727
251.230293017704,3,34,38,400.743986896155,2.49053819984758,1,0.0328789902972251,824.179384000706,-433.961044070499,1.40346982890806,0,118.36436507001,0,1,1,111.074304236838,30.8472945694035
254.850379327131,3,35,38,568.493615130174,2.45451331424354,1,0.0328789902972251,822.666447041938,-442.918326608058,1.40346982890804,0,118.364365070009,0,1,1,111.048421624735,30.76673979224
269.450994734846,3,35,38,465.886797896878,2.43182410498341,1,0.0328789902972251,821.642187004878,-448.98241704534,1.40346982890806,0,118.364365070012,0,1,1,111.030920244749,30.7122041167351
219.483592257784,2,35,38,645.377229604014,2.35493620503597,1,0.0328789902972251,818.36744249505,-468.370410472861,1.40346982890804,0,118.36436507001,21.2815662142349,1.04931986753976,1,110.975079894715,30.5378437028873
101.135090471184,2,12,40,286.125089741548,1.68268393595089,2,0.0742547340922693,948.395133596948,338.217174244225,1.41096426198085,0.000110185050981038,12845.3714174677,35.8278914597363,135.032327249825,3,113.374591107369,37.7916601229061
218.343978274132,2,36,38,753.185884916724,2.299826801552,1,0.0328789902972251,816.337053643308,-480.391246173098,1.41085407692986,0.00738424802181381,21048.8812790525,0,1.0000001707592,1,110.940545851016,30.4297377302231
11.5958869552528,2,36,37,663.367561162243,2.28417787261994,1,0.0328789902972251,815.461088646825,-485.577361774968,1.40346982890805,0,118.364365070012,0,1,1,110.9256676717,30.3830978721076
9.01328712081465,2,36,37,576.331680570835,2.25722606741717,1,0.0328789902972251,814.416412385585,-491.762325648033,1.40346982890805,0,118.364365070012,0,1,1,110.907940299121,30.3274751556788
11.1364021875304,2,36,37,575.806535100074,2.21907566963301,1,0.0705028321643586,814.404802514567,-491.831061423394,1.40346982890865,1.40346982890865,0.938153840708476,0,1,1,110.907743388255,30.326857
247.07781836234,3,36,37,575.806535100074,2.14966475709443,1,0.0705028321643586,814.404802514567,-491.831061423394,0,0,0,0,1,1,110.907743388255,30.326857
217.858717071553,2,36,37,575.806535100074,2.34640282880836,2,0.0705028321643586,814.404802514567,-491.831061423394,0,0,0,0,1,1,110.907743388255,30.326857
213.506215780585,2,36,37,575.806535100074,1.82901164163828,8,0.0705028321643586,814.404802514567,-491.831061423394,0,0,0,0,1,1,110.907743388255,30.326857
241.592382644662,3,36,37,575.806535100074,1.85770757971749,8,0.0705028321643586,814.404802514567,-491.831061423394,0,0,0,1.20852949349191,1,1,110.907743388255,30.326857
276.198652836855,3,35,38,659.696982632752,1.986718028392,1,0.0705028321643586,817.184032115436,-449.114316425508,1.50582606748849,0,242.899216131566,0.0171977627424234,1,1,110.984483894554,30.7110179171112
105.873627582545,2,34,38,699.147791181983,1.96181407259314,8,0.0705028321643586,818.029437229492,-436.120444071182,1.50582606748849,0,253.81019579169,0,1,1,111.007892175951,30.8278746186392
274.399937090248,3,34,38,560.644776205942,2.00497238862209,8,0.0705028321643586,819.402879530315,-415.010642809998,1.50582606748849,0,253.810195791691,0,1,1,111.045985663168,31.0177196223475
254.20460939382,3,34,38,625.375658830232,2.01224911935264,8,0.0705028321643586,819.634177241943,-411.455598144696,1.50582606748848,0,253.810195791694,0,1,1,111.052408737091,31.0496909071226
246.062811620542,3,33,38,659.92481071378,1.90553332298426,1,0.0705028321643586,820.104836406899,-404.2215691447,1.50582606748848,0,253.81019579169,0,1,1,111.065485802407,31.114748092898
96.1982950354054,2,33,38,482.390290073314,2.06580994599382,2,0.0705028321643586,821.665885376853,-380.228254321808,1.50582606748849,0,253.810195791691,0,1,1,111.108925984422,31.3305251570764
261.983929000655,3,33,38,634.666137177233,2.08440119766645,8,0.0705028321643586,822.09168264949,-373.683752381289,1.50582606748848,0,253.81019579169,0,1,1,111.120792780926,31.3893812770272
256.873756732402,3,32,38,381.72694340892,1.82541532241531,1,0.0705028321643586,822.847225555894,-362.071061706966,1.50582606748849,0,253.810195791691,0,1,1,111.141868336768,31.4938167132899
8.56209754895626,2,32,38,333.168727168332,1.80638190196097,1,0.0705028321643586,823.463426000813,-352.600063965382,1.50582606748848,0,253.810195791691,0,1,1,111.159074874995,31.5789914422761
257.090629713595,3,32,38,417.494060757576,1.9996150183952,2,0.0705028321643586,823.934285773172,-345.362951630609,1.50582606748849,0,253.810195791691,0,1,1,111.172233806366,31.6440763571473
14.4082564056781,2,32,38,502.48234342906,2.14473457111845,8,0.0705028321643586,824.178065868351,-341.616052792864,1.50582606748849,0,253.810195791693,0,1,1,111.179050317728,31.677773027947
228.24335634029,3,31,38,432.387212604439,2.15431368706072,8,0.0705028321643586,824.649307641106,-334.37306911392,1.5058260674885,0,253.810195791689,0,1,1,111.192234177869,31.742910745085
214.453683453863,2,31,38,289.585585209776,1.73645083798441,1,0.0705028321643586,825.908003282226,-315.026923435689,1.50582606748849,0,253.810195791691,0,1,1,111.227494582838,31.9168948130818
257.506701213615,3,30,38,411.597312625912,1.92183449191475,2,0.0705028321643586,826.743775768293,-302.181104525138,1.50582606748849,0,253.810195791691,0,1,1,111.250944485556,32.0324200380016
33.4658381367602,2,30,38,198.296085395441,2.23796157223968,8,0.0705028321643586,827.508045546346,-290.434281877429,1.50582606748849,0.125006642274347,253.810195791691,49.3926001172597,1.00013838113156,1,111.272414053483,32.1380617520814
18.2811752154891,1,12,40,286.125089741548,2.17319665571978,8,0.0742547340922693,948.395133596948,338.217174244225,1.38081942521414,1.38081942521414,8500.75315340984,0,1,3,113.374591107369,37.7916601229061
0,3,12,40,286.125089741548,1.90814240961051,2,0.0742547340922693,948.395133596948,338.217174244225,0,0,0,0,1,3,113.374591107369,37.7916601229061
0,3,12,40,286.125089741548,2.22453330465434,8,0.0742547340922693,948.395133596948,338.217174244225,0,0,0,2010.55918960385,1,3,113.374591107369,37.7916601229061
251.87114353258,3,29,38,212.335046296499,1.6082288541909,1,0.0705028321643586,830.489956437131,-244.602326472139,1.37118890407673,0,216175.524739835,0,1.03756806187409,1,111.356417058065,32.5502384294562
91.6498912674367,2,28,38,279.710535164351,1.58783588643451,7,0.0705028321643586,831.205116821692,-233.610314955595,1.50582606748848,0,253.81019579169,0,1,1,111.376619680111,32.6490919639495
20.215536563992,1,28,38,126.426548439916,1.57724483744857,1,0.0705028321643586,831.698208498404,-226.03149836264,1.5058260674885,0,253.810195791691,0,1,1,111.390561670047,32.7172498990429
18.5627770985114,1,28,38,183.791726385855,2.38402654023246,8,0.0705028321643586,832.746198997382,-209.923889660194,1.50582606748849,0,253.810195791691,0,1,1,111.420227392551,32.8621091043009
264.550393082866,3,28,38,346.731785713901,1.73385543711464,2,0.0705028321643586,833.153550343022,-203.662901524925,1.50582606748848,0,253.810195791691,0,1,1,111.431770928424,32.9184155233454
0,2,27,38,104.474241730498,2.24082793876154,8,0.0705028321643586,834.77954576066,-178.671360127528,1.50582606748849,0,253.810195791691,0,1,1,111.477918386512,33.1431698547843
3.96539957887769,2,26,38,287.64168537494,2.15988399677543,8,0.0705028321643586,837.553412617996,-136.037040470788,1.50582606748849,0,253.810195791691,0,1,1,111.556901843358,33.5265895029938
281.71294590263,3,25,38,234.925014515219,2.61581007605293,7,0.0705028321643586,837.716520859651,-133.530067616287,1.50582606748848,0,253.810195791686,0,1,1,111.561556343984,33.5491352515288
35.2008025632821,2,24,38,153.253538457096,2.09069058434393,8,0.0705028321643586,840.08921849392,-97.0617169019404,1.50582606748849,0,253.810195791691,0,1,1,111.629391570879,33.8771030088252
263.44602435835,3,24,38,31.6902251109231,2.05993459277353,6,0.0705028321643586,840.528300824382,-90.3130236894287,1.50582606748849,0,253.810195791695,0,1,1,111.641971017262,33.9377954650025
24.6931168967661,1,24,38,201.725547097836,2.62744919886046,7,0.0705028321643586,841.81378646583,-70.5551158407799,1.50582606748849,0,253.81019579169,0,1,1,111.678846313653,34.1154825991629
9.56539289035356,2,23,38,4.53075887445234,2.62252692992384,7,0.0705028321643586,843.004403475997,-52.2553383781629,1.50582606748849,0,253.81019579169,0,1,1,111.713062589015,34.2800564517192
10.4759093405905,2,22,38,218.544251210714,1.96676278002453,8,0.0705028321643586,844.35898302465,-31.4354575230176,1.50582606748849,0,253.810195791691,0,1,1,111.75206380339,34.4672941385761
256.251875862357,3,22,38,97.9143815821405,2.18026286933662,6,0.0705028321643586,844.694225881866,-26.2827764924206,1.50582606748849,0,253.81019579169,0,1,1,111.76172814024,34.5136333123683
215.144835817114,2,22,38,22.1436382926514,1.94311304693154,8,0.0705028321643586,845.112932599201,-19.8472563512586,1.50582606748849,0,253.810195791692,0,1,1,111.773805240847,34.5715093354511
282.482170231166,3,22,38,257.491272570286,2.58856804406207,7,0.0705028321643586,846.295738827653,-1.66753056434004,1.50582606748848,0,253.810195791691,0,1,1,111.80796196457,34.7350035373496
254.616926607706,3,21,38,69.4371504975803,2.24993534470434,6,0.0705028321643586,847.112043524737,10.8790685273728,1.50582606748849,0,253.81019579169,0,1,1,111.83156949109,34.8478378137894
258.110066711533,3,21,38,120.288011084375,2.56128338185564,7,0.0705028321643586,848.073553694029,25.6574749971533,1.50582606748848,0,253.81019579169,0,1,1,111.859412522747,34.9807432161826
465.856269247304,2,21,38,224.495322951313,2.28822426105117,6,0.0705028321643586,848.370141837085,30.2160332653805,1.50582606748849,0,253.810195791692,0,1,1,111.868008899127,35.0217393156072
222.640093159904,2,20,38,68.9713241727505,1.81229960626227,8,0.0705028321643586,849.646108026558,49.8276271850035,1.50582606748849,0,253.81019579169,0,1,1,111.90503423567,35.1981106169914
223.458891875312,2,19,38,295.01602896645,2.35618145467117,6,0.0705028321643586,850.991118786106,70.5004357996829,1.50582606748849,0,253.810195791692,0,1,1,111.94413765245,35.3840256514134
9.99999856727585,2,19,38,133.618474161797,2.49315063710043,7,0.0705028321643586,851.559020767529,79.2290864000648,1.50582606748849,0,253.81019579169,0,1,1,111.960671215319,35.4625242921678
267.350662743483,3,17,38,375.762327396856,2.46965216215472,6,0.0705028321643586,855.461221976293,139.205899367621,1.50582606748849,0,253.810195791691,0,1,1,112.07464662614,36.0019087297265
214.593625636157,2,17,38,224.624358964888,1.62932037456784,8,0.0705028321643586,856.158047753379,149.916108059436,1.50582606748849,0.390515042954914,253.810195791692,17.0403111078968,1.0035059048996,1,112.095067297911,36.098227950531
0,3,12,40,286.125089741548,2.47607829869033,6,0.0742547340922693,948.395133596948,338.217174244225,1.11531102453357,0.0854477924657919,2847.90678533427,0,9.82916999318207,3,113.374591107369,37.7916601229061
250.475847685936,3,16,38,304.836859558502,2.3104660637635,7,0.0705028321643586,858.693671438425,188.888631355399,1.02986323206778,0,2170.73030290787,0,1.12688665336639,1,112.169547850577,36.4487162729033
8.6503357492201,2,16,38,506.498228226761,2.28883965788885,7,0.0705028321643586,859.41348604495,199.952178240143,1.50582606748849,0,253.810195791692,0,1,1,112.190741016568,36.5482131404187
264.964412931338,3,15,38,501.315442531182,2.56177602078015,6,0.0705028321643586,859.922092788077,207.769461325915,1.50582606748848,0,253.810195791687,0,1,1,112.205728905801,36.6185156562049
273.179945895572,3,15,38,372.688503984697,2.25478608688304,7,0.0705028321643586,860.698795584831,219.707379408584,1.50582606748849,0,253.810195791692,0,1,1,112.228638309739,36.7258759328192
15.8468912965141,2,15,38,532.614435926097,2.4263452102461,8,0.0705028321643586,861.481464879424,231.737002533045,1.50582606748849,0,253.810195791693,0,1,1,112.251749520138,36.8340609326881
255.023975814865,3,14,38,508.36222634155,2.60960242741935,6,0.0705028321643586,863.29739945327,259.647907806784,1.50582606748849,0,253.81019579169,0,1,1,112.305471548769,37.0850697342224
101.527326208241,2,13,38,627.431704318073,2.34973230864235,8,0.0705028321643586,864.525325796761,278.521129535094,1.50582606748849,0,253.810195791691,0,1,1,112.341877203178,37.254800694958
21.6913194556285,1,12,39,684.958948973564,2.070701236553,7,0.0705028321643586,866.958254059226,315.915224702105,1.50582606748849,0,253.810195791691,0,1,1,112.414197275034,37.5910938721327
220.987740691428,2,11,39,829.020221878338,2.61345775493224,6,0.0705028321643586,868.517156749812,339.875551221891,1.50582606748849,0,253.810195791692,0,1,1,112.460668128484,37.8065742653739
42.1617853311806,2,11,39,550.315420127557,2.00283672340188,7,0.0705028321643586,869.297968565405,351.87662490347,1.50582606748849,0,253.81019579169,0,1,1,112.483982760237,37.9145025139345
259.268575077394,3,10,39,532.888871761089,2.15698466794329,8,0.0705028321643586,871.178048566878,380.773445077457,1.50582606748849,0,253.81019579169,0,1,1,112.540226801123,38.1743778611827
1.15450477499327,2,10,39,469.925185940061,2.12227982035269,8,0.0705028321643586,872.297232159254,397.975291267635,1.50582606748849,0,253.81019579169,0,1,1,112.573779055023,38.3290777805878
276.282341284948,3,9,39,625.947086362778,2.56781116674798,6,0.0484086190315895,872.950877134711,408.021811255417,1.50582606748848,1.50582606748848,152.097265094835,0,1,1,112.593399338764,38.4194283054809
232.316780569372,2,9,39,625.947086362778,2.08236034430064,8,0.0484086190315895,872.950877134711,408.021811255417,0,0,0,0,1,1,112.593399338764,38.4194283054809
252.015621684631,3,9,39,625.947086362778,1.85701601019015,7,0.0484086190315895,872.950877134711,408.021811255417,0,0,0,0,1,1,112.593399338764,38.4194283054809
9.88936721854119,2,9,39,625.947086362778,2.53283175645675,6,0.0484086190315895,872.950877134711,408.021811255417,0,0,0,0,1,1,112.593399338764,38.4194283054809
38.1550650581621,2,9,39,625.947086362778,1.80349169794069,7,0.0484086190315895,872.950877134711,408.021811255417,0,0,0,0,1,1,112.593399338764,38.4194283054809
261.071999412603,3,9,39,625.947086362778,2.34971083025144,5,0.0484086190315895,872.950877134711,408.021811255417,0,0,0,0,1,1,112.593399338764,38.4194283054809
12.0586207650437,2,9,39,625.947086362778,1.62995104786239,4,0.0484086190315895,872.950877134711,408.021811255417,0,0,0,0,1,1,112.593399338764,38.4194283054809
22.6990838015491,2,9,39,625.947086362778,2.3793649332163,5,0.0484086190315895,872.950877134711,408.021811255417,0,0,0,0,1,1,112.593399338764,38.4194283054809
259.493068654099,3,9,39,625.947086362778,1.7141379933157,7,0.0484086190315895,872.950877134711,408.021811255417,0,0,0,0,1,1,112.593399338764,38.4194283054809
258.608183682971,3,9,39,625.947086362778,2.41616487341411,6,0.0484086190315895,872.950877134711,408.021811255417,0,0,0,0,1,1,112.593399338764,38.4194283054809
93.2958366343372,2,9,39,625.947086362778,2.45685080134828,5,0.0484086190315895,872.950877134711,408.021811255417,0,0,0,0,1,1,112.593399338764,38.4194283054809
257.848015368924,3,9,39,625.947086362778,1.84963885108683,8,0.0484086190315895,872.950877134711,408.021811255417,0,0,0,0,1,1,112.593399338764,38.4194283054809
253.021276805643,3,9,39,625.947086362778,2.47799396055841,5,0.0484086190315895,872.950877134711,408.021811255417,0,0,0,0,1,1,112.593399338764,38.4194283054809
112.771501791203,2,9,39,625.947086362778,1.76114766367588,8,0.0484086190315895,872.950877134711,408.021811255417,0,0,0,0,1,1,112.593399338764,38.4194283054809
13.2772087325465,1,9,39,625.947086362778,1.90110186056782,4,0.0484086190315895,872.950877134711,408.021811255417,0,0.0288943431111885,0,2.22953132718599,1,1,112.593399338764,38.4194283054809
21.6902143817078,1,10,41,701.409565459978,1.63375432742296,8,0.0432159028645049,972.753369691531,405.137280998959,-0.0288943431111885,0,1323.38189686722,0,19968833751.9791,3,113.743492547912,38.3934871016553
199.07965913284,3,9,39,625.947086362778,2.06853340471712,4,0.0484086190315895,872.950877134711,408.021811255417,-0.0288943431111885,0,398.340139787153,0,1,1,112.593399338764,38.4194283054809
257.616776080279,3,9,39,625.947086362778,2.08448968460156,4,0.0484086190315895,872.950877134711,408.021811255417,0,0,0,0,1,1,112.593399338764,38.4194283054809
20.0557536748908,1,9,39,625.947086362778,2.10912476963141,4,0.0484086190315895,872.950877134711,408.021811255417,0,0,0,0,1,1,112.593399338764,38.4194283054809
260.148331773806,3,9,39,625.947086362778,1.99502328482185,6,0.0484086190315895,872.950877134711,408.021811255417,0,0,0,0,1,1,112.593399338764,38.4194283054809
236.493033887819,3,9,39,625.947086362778,2.56054291323576,5,0.0484086190315895,872.950877134711,408.021811255417,0,0,0,0,1,1,112.593399338764,38.4194283054809
242.486397736399,3,9,39,625.947086362778,2.06260508181994,7,0.0484086190315895,872.950877134711,408.021811255417,0,0,0,0,1,1,112.593399338764,38.4194283054809
37.7935364662764,2,9,39,625.947086362778,2.30953438318763,4,0.0484086190315895,872.950877134711,408.021811255417,0,0,0,0,1,1,112.593399338764,38.4194283054809
268.760768661624,3,9,39,625.947086362778,1.96227102993916,7,0.0484086190315895,872.950877134711,408.021811255417,0,0,0,0,1,1,112.593399338764,38.4194283054809
259.472332717534,3,9,39,625.947086362778,1.90968936679915,7,0.0484086190315895,872.950877134711,408.021811255417,0,0.656548655134947,0,17.9823300189673,1,1,112.593399338764,38.4194283054809
19.8753726242557,1,11,40,143.680652224543,2.41746799425204,5,0.0432159028645049,951.711892444699,347.32940451038,-0.656548655134947,0,6642.64144714129,0,19886543962.3532,3,113.424558956089,37.8736083784707
18.6258291359072,2,9,39,625.947086362778,2.42924452034007,4,0.0484086190315895,872.950877134711,408.021811255417,-0.656548655134947,0,3749.63789750371,0,1,1,112.593399338764,38.4194283054809
268.12884624825,3,9,39,625.947086362778,1.88439503769539,7,0.0484086190315895,872.950877134711,408.021811255417,0,0,0,0,1,1,112.593399338764,38.4194283054809
218.314250019794,2,9,39,625.947086362778,2.4582829550233,4,0.0484086190315895,872.950877134711,408.021811255417,0,0,0,0,1,1,112.593399338764,38.4194283054809
249.563869574016,3,9,39,625.947086362778,2.37892779252179,5,0.0484086190315895,872.950877134711,408.021811255417,0,0,0,0,1,1,112.593399338764,38.4194283054809
454.928303228511,2,9,39,625.947086362778,1.82788760931936,7,0.0484086190315895,872.950877134711,408.021811255417,0,0,0,0,1,1,112.593399338764,38.4194283054809
219.213541672617,2,9,39,625.947086362778,2.49200575598803,4,0.0484086190315895,872.950877134711,408.021811255417,0,0,0,0,1,1,112.593399338764,38.4194283054809
100.132817134817,2,9,39,625.947086362778,1.80899997139392,3,0.0484086190315895,872.950877134711,408.021811255417,0,0,0,0,1,1,112.593399338764,38.4194283054809
101.409627561231,2,9,39,625.947086362778,2.56620767689317,4,0.0484086190315895,872.950877134711,408.021811255417,0,0,0,0,1,1,112.593399338764,38.4194283054809
250.222123066482,3,9,39,625.947086362778,2.41155623130387,6,0.0484086190315895,872.950877134711,408.021811255417,0,0,0,0,1,1,112.593399338764,38.4194283054809
18.7574440982156,1,9,39,625.947086362778,2.36350452449175,6,0.0484086190315895,872.950877134711,408.021811255417,0,0,0,0,1,1,112.593399338764,38.4194283054809
260.232447367104,3,9,39,625.947086362778,1.99851832501528,3,0.0484086190315895,872.950877134711,408.021811255417,0,0,0,0,1,1,112.593399338764,38.4194283054809
5.10819180192031,2,9,39,625.947086362778,2.61241535679651,4,0.0484086190315895,872.950877134711,408.021811255417,0,0,0,0,1,1,112.593399338764,38.4194283054809
231.123744250245,3,9,39,625.947086362778,2.61533926852462,4,0.0484086190315895,872.950877134711,408.021811255417,0,0,0,0,1,1,112.593399338764,38.4194283054809
9.88304322765381,2,9,39,625.947086362778,2.61487012862967,4,0.0484086190315895,872.950877134711,408.021811255417,0,0.969547483179223,0,0.852993090750477,1,1,112.593399338764,38.4194283054809
11.5056339746241,2,10,39,287.996265570032,2.59164342621236,4,0.0484086190315895,878.616671792167,399.762295036454,-0.969547483179223,0,52.3928237206606,0.177092341136379,1,1,112.648920649406,38.3451486915794
260.786083964893,3,10,39,33.2218956759959,2.10009911478554,6,0.0484086190315895,887.634782005487,386.615820080235,-0.969547483179222,0,174.271028513724,0,1,1,112.737026883267,38.2269196018814
20.9024057347476,1,10,39,35.3244026694304,2.09577164053512,6,0.0484086190315895,888.466050814102,385.404008035823,-0.969547483179229,0,174.271028513715,478.923983252111,1.00380620971069,1,112.745131885989,38.2160215143429
0,3,10,42,67.3322462728469,2.0758717218202,6,0.0384502694013547,1046.87500163216,381.79171610065,-0.0227996333352022,0,14712.7884360226,0,45.3695459145244,3,114.566581273817,38.183535392501
247.159715404225,3,10,39,102.917151652685,2.25820497163672,3,0.0484086190315895,892.368207895624,379.715498011662,0.0134369051564722,0.982984388335683,5362.70450293387,0,1.05246851088353,1,112.783141473944,38.1648635146408
224.298706257519,2,10,39,215.695844355866,1.85292559693538,5,0.0484086190315895,895.287031071378,375.460478404005,-0.969547483179211,0,174.271028513724,0,1,1,112.811532790766,38.126597203973
250.150125295467,3,11,39,213.897243855918,2.30198769437992,3,0.0484086190315895,900.161659144694,368.354313767419,-0.969547483179231,0,174.271028513723,0,1,1,112.858871940864,38.0626899300441
20.1097184215683,1,11,39,247.925130958733,2.50238123164085,4,0.0484086190315895,908.12474606523,356.745837013564,-0.969547483179219,0,174.271028513723,0,1,1,112.935999024741,37.9582923904786
12.8729039930838,2,11,39,519.707650475745,2.48011445223113,4,0.0484086190315895,913.88692865832,348.34580780996,-0.969547483179219,0,174.271028513723,63.7349916099179,1.0448470753219,1,112.991650387884,37.8827491129471
21.6107799811163,1,10,42,67.3322462728469,2.44963909894658,4,0.0384502694013547,1046.87500163216,381.79171610065,0.246385741648899,0,13585.7600700883,0,13.8279550598694,3,114.566581273817,38.183535392501
218.63391179658,3,12,40,447.909671257646,2.41403796608198,3,0.0484086190315895,924.881865255701,332.317542995766,0.385280675435269,0,1297.75915290127,83.2559519683217,26328706103.7025,1,113.097470176994,37.7386034644192
19.8648645936663,1,10,42,67.3322462728469,2.38919108115927,3,0.0384502694013547,1046.87500163216,381.79171610065,0.385280675435269,0,31701.2332840093,0,17.7785375624911,3,114.566581273817,38.183535392501
255.064513789133,3,12,40,107.616964919177,1.64874647956241,5,0.0484086190315895,933.184355461274,320.214288879333,0.496388708600085,1.46593619177931,1614.82416958986,0,1.21294086580127,1,113.177055269543,37.6297562851309
260.174481600762,3,13,40,115.620581343,2.30640205902995,4,0.0484086190315895,948.797832351744,297.453180613336,-0.969547483179222,0,174.271028513723,0,1,1,113.325971934228,37.4250607207482
100.899759309407,2,13,40,426.005755198494,2.55117823918567,3,0.0484086190315895,961.705614683105,278.636396038124,-0.969547483179222,0,174.271028513723,0,1,1,113.448343784224,37.2558373115241
41.1160275851774,2,14,41,542.156586398423,2.36853508370174,5,0.0484086190315895,972.669591000021,262.653264687831,-0.96954748317922,0,174.271028513724,0,1,1,113.551762260587,37.1120975579886
273.711165831812,3,14,41,178.970864540476,1.98081557691196,2,0.0484086190315895,982.172814762063,248.799597984301,-0.969547483179224,0,174.271028513723,0,1,1,113.641011799529,36.9875085401118
292.665821612322,3,14,41,246.189746796632,2.01260008159166,2,0.0484086190315895,988.369550725952,239.766082953709,-0.969547483179219,0,174.271028513723,0,1,1,113.699013237735,36.9062681876677
248.302960693901,3,15,41,244.976354928916,2.07797218455202,4,0.0484086190315895,991.176188441762,235.674605740715,-0.969547483179229,0,174.271028513723,0,1,1,113.725232657638,36.86947264909
227.608953399436,3,15,41,93.942083030697,2.25873401797534,5,0.0484086190315895,995.051392754693,230.025387085687,-0.969547483179207,0,174.271028513725,0,1,1,113.761382597398,36.8186680051598
244.735867567459,3,15,41,49.6248352436224,2.58857923784438,3,0.0484086190315895,997.277651120256,226.779978773231,-0.969547483179222,0,174.271028513722,0,1,1,113.782123047811,36.7894813470056
0.569127039226709,2,15,41,132.84924453457,2.21014527566862,5,0.0484086190315895,1004.91027332548,215.653248860007,-0.969547483179223,0,174.271028513723,0,1,1,113.853079715053,36.6894162608637
274.698075923172,3,15,41,245.008510486801,2.11561780682862,2,0.0484086190315895,1007.52331322404,211.843995837657,-0.96954748317923,0,174.271028513722,0,1,1,113.877318118223,36.6551588254096
273.678517843964,3,16,41,644.503963533155,2.15043772911815,2,0.0484086190315895,1013.39702780177,203.281376866551,-0.969547483179223,0,174.271028513724,0,1,1,113.931702321403,36.57815334297
98.0047831017246,2,16,41,651.243888541979,2.5681818769174,3,0.0484086190315895,1017.46017505555,197.358177620622,-0.969547483179216,0,174.271028513723,0,1,1,113.969241626976,36.5248847323897
103.096472388969,2,16,41,701.136381612617,1.92636287430415,4,0.0484086190315895,1019.77199653939,193.988036590889,-0.969547483179214,0,174.271028513724,0,1,1,113.990570909607,36.4945763259594
15.6766393072585,1,16,42,292.235573636683,2.24188183672021,2,0.0484086190315895,1033.08829191695,174.575727409741,-0.969547483179227,0,174.271028513723,0,1,1,114.11301187207,36.3199972352856
238.182678298553,2,16,42,338.017306902889,2.04486798082747,5,0.0484086190315895,1035.63202044427,170.867515535097,-0.969547483179224,0,174.271028513723,0,1,1,114.136320050285,36.2866484847037
100.363931677135,2,17,42,303.779979563527,2.03024995987193,5,0.0484086190315895,1037.52284213032,168.111102123159,-0.969547483179208,0,174.271028513725,0,1,1,114.15362881976,36.2618594633417
9.85466298508353,2,17,42,31.669552880417,1.5736093459393,1,0.0484086190315895,1044.39408551863,158.094299601815,-0.969547483179211,0,174.271028513725,0,1,1,114.216408056025,36.171776194045
96.7439547025058,2,17,42,28.0830793256777,2.32616087370263,2,0.0484086190315895,1049.98960584958,149.937228313293,-0.969547483179226,0,174.271028513722,0,1,1,114.267391651827,36.0984178895371
22.1200398939818,1,17,42,103.341873834017,2.33932854825487,2,0.0484086190315895,1052.89313498317,145.704504146429,-0.969547483179243,0,174.271028513722,0,1,1,114.293797647343,36.0603520865856
13.9739015018958,2,17,42,223.887829441506,1.73705660959527,4,0.0484086190315895,1055.65614479562,141.676627080833,-0.969547483179207,0.564694574215544,174.271028513724,211.585408758498,1.038092882617,1,114.318894280913,36.0241285178748
20.9687536113457,1,10,42,67.3322462728469,1.96765176130754,5,0.0384502694013547,1046.87500163216,381.79171610065,-1.53424205739475,0,21523.4015323517,0,47.4118927863369,3,114.566581273817,38.183535392501
216.737789444544,2,18,42,470.243797484332,2.37951284727037,3,0.062622099553411,1061.49436813641,133.165746738613,-1.51206331304879,0,1816.10056059428,0,1,1,114.371822557057,35.9475883321034
222.889018859008,2,18,42,470.243797484332,1.73605445857448,1,0.062622099553411,1061.49436813641,133.165746738613,0,0,0,0,1,1,114.371822557057,35.9475883321034
259.245893853384,3,18,42,470.243797484332,2.48262300996231,2,0.062622099553411,1061.49436813641,133.165746738613,0,0,0,0,1,1,114.371822557057,35.9475883321034
11.3242055475351,2,18,42,470.243797484332,2.40968039616732,4,0.062622099553411,1061.49436813641,133.165746738613,0,0,0,0,1,1,114.371822557057,35.9475883321034
296.9147928024,3,18,42,470.243797484332,1.90442619159941,1,0.062622099553411,1061.49436813641,133.165746738613,0,0,0,0,1,1,114.371822557057,35.9475883321034
257.209806340619,3,18,42,470.243797484332,2.1577583261629,3,0.062622099553411,1061.49436813641,133.165746738613,0,0,0,0,1,1,114.371822557057,35.9475883321034
99.854258273422,2,18,42,470.243797484332,2.5627058014267,2,0.062622099553411,1061.49436813641,133.165746738613,0,0,0,0,1,1,114.371822557057,35.9475883321034
270.857395892193,3,18,42,470.243797484332,2.57044661628646,2,0.062622099553411,1061.49436813641,133.165746738613,0,0,0,0,1,1,114.371822557057,35.9475883321034
139.058497614341,3,18,42,470.243797484332,2.57333402391085,2,0.062622099553411,1061.49436813641,133.165746738613,0,0,0,0,1,1,114.371822557057,35.9475883321034
264.093775903647,3,18,42,470.243797484332,2.07085694247592,1,0.062622099553411,1061.49436813641,133.165746738613,0,0,0,0,1,1,114.371822557057,35.9475883321034
227.649656152826,3,18,42,470.243797484332,2.20690301270274,4,0.062622099553411,1061.49436813641,133.165746738613,0,0,0,0,1,1,114.371822557057,35.9475883321034
220.550432673142,2,18,42,470.243797484332,2.00361997221148,3,0.062622099553411,1061.49436813641,133.165746738613,0,0,0,0,1,1,114.371822557057,35.9475883321034
459.789960104168,2,18,42,470.243797484332,2.56078783296507,2,0.062622099553411,1061.49436813641,133.165746738613,0,0,0,0,1,1,114.371822557057,35.9475883321034
271.19476990953,3,18,42,470.243797484332,2.11113867268009,4,0.062622099553411,1061.49436813641,133.165746738613,0,0,0,0,1,1,114.371822557057,35.9475883321034
261.477945596328,3,18,42,470.243797484332,2.2100259020185,1,0.062622099553411,1061.49436813641,133.165746738613,0,0,0,0,1,1,114.371822557057,35.9475883321034
319.115574719313,3,18,42,470.243797484332,2.0366571302385,4,0.062622099553411,1061.49436813641,133.165746738613,0,0,0,0,1,1,114.371822557057,35.9475883321034
31.9671993679803,2,18,42,470.243797484332,2.27583710252111,1,0.062622099553411,1061.49436813641,133.165746738613,0,0,0,0,1,1,114.371822557057,35.9475883321034
219.117539059644,2,18,42,470.243797484332,2.49290285421934,2,0.062622099553411,1061.49436813641,133.165746738613,0,0,0,0,1,1,114.371822557057,35.9475883321034
5.87346188921666,2,18,42,470.243797484332,2.48820899192931,2,0.062622099553411,1061.49436813641,133.165746738613,0,0,0,0,1,1,114.371822557057,35.9475883321034
276.881790528129,3,18,42,470.243797484332,2.45492078867304,2,0.062622099553411,1061.49436813641,133.165746738613,0,0,0,0,1,1,114.371822557057,35.9475883321034
267.760114307714,3,18,42,470.243797484332,2.3755765062751,1,0.062622099553411,1061.49436813641,133.165746738613,0,0,0,0,1,1,114.371822557057,35.9475883321034
100.08950594404,2,18,42,470.243797484332,2.39453548751948,1,0.062622099553411,1061.49436813641,133.165746738613,0,0,0,0,1,1,114.371822557057,35.9475883321034
250.356376746865,3,18,42,470.243797484332,2.41800140613767,1,0.062622099553411,1061.49436813641,133.165746738613,0,0,0,0,1,1,114.371822557057,35.9475883321034
11.3868245135345,2,18,42,470.243797484332,2.44784293766676,1,0.062622099553411,1061.49436813641,133.165746738613,0,1.51206331304879,0,4.73986099315919,1,1,114.371822557057,35.9475883321034
101.3626920822,2,10,42,67.3322462728469,2.4853925162432,1,0.0384502694013547,1046.87500163216,381.79171610065,-1.51206331304879,0,1326.2065701596,2.08708121472188,49811082509.0957,3,114.566581273817,38.183535392501
266.091414224777,3,18,42,470.243797484332,2.21647511905801,2,0.062622099553411,1061.49436813641,133.165746738613,-1.51206331304879,0,2737.2054180912,0,1,1,114.371822557057,35.9475883321034
276.16463987697,3,18,42,470.243797484332,1.67075191772664,4,0.062622099553411,1061.49436813641,133.165746738613,0,0,0,0,1,1,114.371822557057,35.9475883321034
20.7784771148771,1,18,42,470.243797484332,2.19996681041112,2,0.062622099553411,1061.49436813641,133.165746738613,0,0,0,0,1,1,114.371822557057,35.9475883321034
96.1070781801725,2,18,42,470.243797484332,2.54995982522787,1,0.062622099553411,1061.49436813641,133.165746738613,0,0,0,0,1,1,114.371822557057,35.9475883321034
22.6540800814253,2,18,42,470.243797484332,2.32764480327235,3,0.062622099553411,1061.49436813641,133.165746738613,0,0,0,0,1,1,114.371822557057,35.9475883321034
249.13920181097,3,18,42,470.243797484332,2.56779705963269,1,0.062622099553411,1061.49436813641,133.165746738613,0,0,0,0,1,1,114.371822557057,35.9475883321034
257.997089155394,3,18,42,470.243797484332,2.5745177658581,1,0.062622099553411,1061.49436813641,133.165746738613,0,0,0,0,1,1,114.371822557057,35.9475883321034
317.270502576264,3,18,42,470.243797484332,2.05601567374792,2,0.062622099553411,1061.49436813641,133.165746738613,0,0,0,0,1,1,114.371822557057,35.9475883321034
19.6196644519048,1,18,42,470.243797484332,2.57526541163107,1,0.062622099553411,1061.49436813641,133.165746738613,0,0,0,0,1,1,114.371822557057,35.9475883321034
267.430384130717,3,18,42,470.243797484332,2.20679324853805,3,0.062622099553411,1061.49436813641,133.165746738613,0,1.51206331304879,0,7.34529205591884,1,1,114.371822557057,35.9475883321034
21.8495628107274,1,10,42,67.3322462728469,2.19067952590379,3,0.0384502694013547,1046.87500163216,381.79171610065,-1.51206331304879,0,2195.85707032983,2.90862384887586,49811082509.0957,3,114.566581273817,38.183535392501
98.7965802205052,2,18,42,470.243797484332,2.54735469208923,1,0.062622099553411,1061.49436813641,133.165746738613,-1.51206331304879,0,3383.48930772555,0,1,1,114.371822557057,35.9475883321034
222.458597744086,3,18,42,470.243797484332,2.099632014388,3,0.062622099553411,1061.49436813641,133.165746738613,0,0,0,0,1,1,114.371822557057,35.9475883321034
103.577342149802,2,18,42,470.243797484332,1.88085987626994,2,0.062622099553411,1061.49436813641,133.165746738613,0,0,0,0,1,1,114.371822557057,35.9475883321034
11.1632370470095,2,18,42,470.243797484332,2.5037057483553,1,0.062622099553411,1061.49436813641,133.165746738613,0,0,0,0,1,1,114.371822557057,35.9475883321034
238.032637609764,3,18,42,470.243797484332,1.98963147599535,3,0.062622099553411,1061.49436813641,133.165746738613,0,0,0,0,1,1,114.371822557057,35.9475883321034
100.452624417088,2,18,42,470.243797484332,2.43581376781016,1,0.062622099553411,1061.49436813641,133.165746738613,0,0,0,0,1,1,114.371822557057,35.9475883321034
19.740854986654,1,18,42,470.243797484332,2.36444903696467,1,0.062622099553411,1061.49436813641,133.165746738613,0,0,0,0,1,1,114.371822557057,35.9475883321034
99.0190733229355,2,18,42,470.243797484332,1.79305538431485,3,0.062622099553411,1061.49436813641,133.165746738613,0,0,0,0,1,1,114.371822557057,35.9475883321034
99.2797710577372,2,18,42,470.243797484332,1.77723257283671,3,0.062622099553411,1061.49436813641,133.165746738613,0,0,0,0,1,1,114.371822557057,35.9475883321034
269.025054713829,3,18,42,470.243797484332,2.29898600331166,1,0.062622099553411,1061.49436813641,133.165746738613,0,0,0,0,1,1,114.371822557057,35.9475883321034
247.741752777686,3,18,42,470.243797484332,2.29067163410467,1,0.062622099553411,1061.49436813641,133.165746738613,0,0,0,0,1,1,114.371822557057,35.9475883321034
278.032054894138,3,18,42,470.243797484332,1.73957095064356,3,0.062622099553411,1061.49436813641,133.165746738613,0,0,0,0,1,1,114.371822557057,35.9475883321034
271.47623939038,3,18,42,470.243797484332,2.41673961375482,2,0.062622099553411,1061.49436813641,133.165746738613,0,0,0,0,1,1,114.371822557057,35.9475883321034
12.8459754303951,2,18,42,470.243797484332,2.37204732849868,2,0.062622099553411,1061.49436813641,133.165746738613,0,0,0,0,1,1,114.371822557057,35.9475883321034
252.651915126827,3,18,42,470.243797484332,2.35344521939207,2,0.062622099553411,1061.49436813641,133.165746738613,0,1.49266079995537,0,35.7377810519048,1,1,114.371822557057,35.9475883321034
20.453423602292,1,10,42,102.290130306733,1.71936544608596,8,0.0465106382457133,1040.69477525485,398.822717369154,-1.49266079995537,0,5532.3898150833,0,53293995574.9745,3,114.519742503915,38.336698866613
19.2305323201662,1,18,42,470.243797484332,2.28441210569143,2,0.062622099553411,1061.49436813641,133.165746738613,-1.49266079995537,0,2549.74253119795,0.10436292734247,53293995574.9745,1,114.371822557057,35.9475883321034
466.893394769861,2,10,42,102.290130306733,2.27382053393394,2,0.0465106382457133,1040.69477525485,398.822717369154,-1.49266079995537,0,2589.00708899494,0.880918929811913,53293995574.9745,3,114.519742503915,38.336698866613
101.849662795002,2,18,42,470.243797484332,1.99090546130037,1,0.062622099553411,1061.49436813641,133.165746738613,-1.49266079995537,0,2915.40959883882,0,1,1,114.371822557057,35.9475883321034
9.13536787245897,2,18,42,470.243797484332,2.1608690144128,2,0.062622099553411,1061.49436813641,133.165746738613,0,0,0,0,1,1,114.371822557057,35.9475883321034
266.50531296065,3,18,42,470.243797484332,1.93724750047138,1,0.062622099553411,1061.49436813641,133.165746738613,0,1.06675221018379,0,1.18286233095134,1,1,114.371822557057,35.9475883321034
268.268736440377,3,17,42,33.1992685846673,2.06978940015651,2,0.062622099553411,1047.95783747621,157.707777873041,-1.06675221018379,0,187.077251664993,0.0711273398210017,1,1,114.255830031549,36.1683001206266
253.434965200771,3,17,42,66.5313955962339,2.06233404202726,2,0.062622099553411,1046.33220377046,160.655087935078,-1.06675221018379,0,225.439558392275,0,1,1,114.241838706978,36.1948059168079
278.932327448081,3,17,42,210.153508710248,2.05412544740419,8,0.062622099553411,1042.92065093197,166.840309102945,-1.06675221018378,0,225.439558392278,0,1,1,114.212433646121,36.2504309471444
258.206757602507,3,16,42,284.991076665715,2.04337153639797,2,0.062622099553411,1041.11033365269,170.122454591062,-1.06675221018379,0,225.439558392277,0,1,1,114.196806459961,36.2799479906567
265.032408833456,3,16,42,140.518869107985,1.80896642780179,1,0.062622099553411,1034.08673661529,182.856392222092,-1.06675221018379,0,225.439558392277,0,1,1,114.136021886633,36.3944670430568
11.3023928718234,2,16,42,663.525124841898,1.76359669580906,1,0.062622099553411,1024.09837484484,200.96551424944,-1.06675221018379,0,225.439558392277,0,1,1,114.049155196178,36.5573262900909
246.583643191436,3,15,42,785.638762679228,2.14759445405525,8,0.062622099553411,1020.25646286918,207.930986104029,-1.0667522101838,0,225.439558392276,0,1,1,114.015610292938,36.6199682834334
259.30417464093,3,15,41,340.725689967619,1.92168414608878,2,0.062622099553411,1012.8151106086,221.422323245395,-1.06675221018379,0,225.439558392277,0,1,1,113.950428048793,36.7412987932731
262.251476301703,3,14,41,10.0322499157085,2.27035779144521,8,0.062622099553411,993.106886615738,257.153771648145,-1.06675221018379,0,225.439558392276,0,1,1,113.776459320069,37.0626394288667
459.725720807505,2,13,40,816.297293013371,1.84597676301885,6,0.062622099553411,967.974216788131,302.71986098697,-1.06675221018379,0,225.439558392277,0,1,1,113.551795447571,37.472425115263
240.91384376288,3,12,40,286.125089741548,1.94215008926005,6,0.0794487368581785,948.395133596948,338.217174244225,-1.06675221018379,0,202.979393933555,0,1,1,113.374591107369,37.7916601229061
232.064223264407,3,12,40,286.125089741548,2.15148541775293,8,0.0794487368581785,948.395133596948,338.217174244225,0,0,0,0,1,1,113.374591107369,37.7916601229061
39.9745389261786,2,12,40,286.125089741548,2.05306289255425,8,0.0794487368581785,948.395133596948,338.217174244225,0,0,0,0,1,1,113.374591107369,37.7916601229061
100.940914102904,2,12,40,286.125089741548,1.97122391058584,8,0.0794487368581785,948.395133596948,338.217174244225,0,1.49935806333592,0,0.460221796604937,1,1,113.374591107369,37.7916601229061
255.976039531414,3,12,40,40.3030496371438,2.57965872131331,7,0.0794487368581785,949.634489794512,320.898064017728,-1.49935806333592,0,265.924169166854,0,1,1,113.366163726816,37.6359056226863
219.248858332114,2,12,40,140.328677686457,1.89101394265888,8,0.0529911468970935,950.243052159754,312.393843274688,-1.49935806333591,0,92.2209791586709,0,1,1,113.362003990311,37.5594253281292
20.2777402249027,1,12,40,140.328677686457,2.2387456943691,6,0.0529911468970935,950.243052159754,312.393843274688,0,0,0,0,1,1,113.362003990311,37.5594253281292
249.304481156632,3,12,40,140.328677686457,2.52049451098075,7,0.0529911468970935,950.243052159754,312.393843274688,0,0,0,0,1,1,113.362003990311,37.5594253281292
285.373600816012,3,12,40,140.328677686457,2.33415617948579,6,0.0529911468970935,950.243052159754,312.393843274688,0,0,0,0,1,1,113.362003990311,37.5594253281292
262.231277494128,3,12,40,140.328677686457,2.47653026264068,7,0.0529911468970935,950.243052159754,312.393843274688,0,0,0,0,1,1,113.362003990311,37.5594253281292
265.807779702304,3,12,40,140.328677686457,2.46538267911852,7,0.0529911468970935,950.243052159754,312.393843274688,0,0,0,0,1,1,113.362003990311,37.5594253281292
247.210802237031,3,12,40,140.328677686457,2.43160199210927,6,0.0529911468970935,950.243052159754,312.393843274688,0,0,0,0,1,1,113.362003990311,37.5594253281292
262.319311109328,3,12,40,140.328677686457,1.62913443601783,8,0.0529911468970935,950.243052159754,312.393843274688,0,0,0,0,1,1,113.362003990311,37.5594253281292
94.2676050253787,2,12,40,140.328677686457,1.85297968870806,5,0.0529911468970935,950.243052159754,312.393843274688,0,0,0,0,1,1,113.362003990311,37.5594253281292
326.221857843136,3,12,40,140.328677686457,2.42977136862484,8,0.0529911468970935,950.243052159754,312.393843274688,0,0,0,0,1,1,113.362003990311,37.5594253281292
270.562932068808,3,12,40,140.328677686457,2.57934879152572,6,0.0529911468970935,950.243052159754,312.393843274688,0,0,0,7.23948834133288,1,1,113.362003990311,37.5594253281292
20,1,10,42,102.290130306733,2.55691390272289,6,0.0465106382457133,1040.69477525485,398.822717369154,0.762658780655581,0,3247.8025834203,124.94038408438,25021162633.3455,3,114.519742503915,38.336698866613
250.375007993765,3,12,40,140.328677686457,2.35538248404473,8,0.0529911468970935,950.243052159754,312.393843274688,0.762658780655581,0.762658780655581,20573.5989051916,0,1,1,113.362003990311,37.5594253281292
225.123461116507,2,12,40,140.328677686457,2.12167206601653,7,0.0529911468970935,950.243052159754,312.393843274688,0,0,0,0,1,1,113.362003990311,37.5594253281292
277.49593216927,3,12,40,140.328677686457,2.08667060906973,7,0.0529911468970935,950.243052159754,312.393843274688,0,0,0,0,1,1,113.362003990311,37.5594253281292
13.4017106300172,2,12,40,140.328677686457,2.24788793888951,8,0.0529911468970935,950.243052159754,312.393843274688,0,0,0,0,1,1,113.362003990311,37.5594253281292
256.474963540309,3,12,40,140.328677686457,2.0815345629058,5,0.0529911468970935,950.243052159754,312.393843274688,0,0,0,0,1,1,113.362003990311,37.5594253281292
5.32915872959531,2,12,40,140.328677686457,2.106885609288,5,0.0529911468970935,950.243052159754,312.393843274688,0,0,0,0,1,1,113.362003990311,37.5594253281292
246.692103856694,3,12,40,140.328677686457,2.58686796429566,6,0.0529911468970935,950.243052159754,312.393843274688,0,0,0,0,1,1,113.362003990311,37.5594253281292
214.638902628592,2,12,40,140.328677686457,1.95663901338364,7,0.0529911468970935,950.243052159754,312.393843274688,0,0,0,0,1,1,113.362003990311,37.5594253281292
222.668650374202,2,12,40,140.328677686457,2.22690334622136,5,0.0529911468970935,950.243052159754,312.393843274688,0,0,0,0,1,1,113.362003990311,37.5594253281292
212.56186429076,3,12,40,140.328677686457,2.29252159723608,5,0.0529911468970935,950.243052159754,312.393843274688,0,0,0,0,1,1,113.362003990311,37.5594253281292
240.06434812143,3,12,40,140.328677686457,2.51434724151272,6,0.0529911468970935,950.243052159754,312.393843274688,0,0,0,0,1,1,113.362003990311,37.5594253281292
217.29408262438,2,12,40,140.328677686457,2.47283463971001,6,0.0529911468970935,950.243052159754,312.393843274688,0,0,0,0,1,1,113.362003990311,37.5594253281292
262.12630624618,3,12,40,140.328677686457,2.44835952891357,6,0.0529911468970935,950.243052159754,312.393843274688,0,0,0,0,1,1,113.362003990311,37.5594253281292
20.2908203556233,1,12,40,140.328677686457,2.3990670311839,5,0.0529911468970935,950.243052159754,312.393843274688,0,0,0,0,1,1,113.362003990311,37.5594253281292
252.007441324397,3,12,40,140.328677686457,1.88660229713313,8,0.0529911468970935,950.243052159754,312.393843274688,0,0,0,0,1,1,113.362003990311,37.5594253281292
219.147512465886,2,12,40,140.328677686457,2.45633444331885,5,0.0529911468970935,950.243052159754,312.393843274688,0,0,0,0,1,1,113.362003990311,37.5594253281292
248.014717178808,3,12,40,140.328677686457,2.36146966837692,6,0.0529911468970935,950.243052159754,312.393843274688,0,0,0,0,1,1,113.362003990311,37.5594253281292
260.154143378585,3,12,40,140.328677686457,2.4943974702981,5,0.0529911468970935,950.243052159754,312.393843274688,0,0,0,0,1,1,113.362003990311,37.5594253281292
18.0415018519466,1,12,40,140.328677686457,2.47288664746497,7,0.0529911468970935,950.243052159754,312.393843274688,0,0,0,0,1,1,113.362003990311,37.5594253281292
259.936465068923,3,12,40,140.328677686457,2.25417944967066,6,0.0529911468970935,950.243052159754,312.393843274688,0,0,0,0,1,1,113.362003990311,37.5594253281292
244.542185847734,3,12,40,140.328677686457,1.90412376000524,4,0.0529911468970935,950.243052159754,312.393843274688,0,0,0,0,1,1,113.362003990311,37.5594253281292
244.443073991539,3,12,40,140.328677686457,1.95009611523654,4,0.0529911468970935,950.243052159754,312.393843274688,0,0,0,0,1,1,113.362003990311,37.5594253281292
259.632631626557,3,12,40,140.328677686457,1.96690463027937,4,0.0529911468970935,950.243052159754,312.393843274688,0,0,0,0,1,1,113.362003990311,37.5594253281292
264.238254589604,3,12,40,140.328677686457,2.59133675958429,5,0.0529911468970935,950.243052159754,312.393843274688,0,0,0,0,1,1,113.362003990311,37.5594253281292
7.63952810031937,2,12,40,140.328677686457,2.59949883083687,5,0.0529911468970935,950.243052159754,312.393843274688,0,0,0,0,1,1,113.362003990311,37.5594253281292
254.076740918465,3,12,40,140.328677686457,2.60173579298505,5,0.0529911468970935,950.243052159754,312.393843274688,0,0,0,0,1,1,113.362003990311,37.5594253281292
273.060451454579,3,12,40,140.328677686457,2.23980569993533,7,0.0529911468970935,950.243052159754,312.393843274688,0,0,0,0,1,1,113.362003990311,37.5594253281292
214.939855444464,2,12,40,140.328677686457,2.59615214367812,5,0.0529911468970935,950.243052159754,312.393843274688,0,0,0,0,1,1,113.362003990311,37.5594253281292
24.6080579693476,2,12,40,140.328677686457,2.13659877969942,4,0.0529911468970935,950.243052159754,312.393843274688,0,0,0,0,1,1,113.362003990311,37.5594253281292
246.246328831748,3,12,40,140.328677686457,2.142214838504,4,0.0529911468970935,950.243052159754,312.393843274688,0,0,0,0,1,1,113.362003990311,37.5594253281292
8.16729689289564,2,12,40,140.328677686457,2.15854411800155,4,0.0529911468970935,950.243052159754,312.393843274688,0,0,0,0,1,1,113.362003990311,37.5594253281292
259.92990244413,3,12,40,140.328677686457,2.21770741954848,4,0.0529911468970935,950.243052159754,312.393843274688,0,0,0,0,1,1,113.362003990311,37.5594253281292
104.594736213938,2,12,40,140.328677686457,1.87714874492501,6,0.0529911468970935,950.243052159754,312.393843274688,0,0,0,0,1,1,113.362003990311,37.5594253281292
8.27636954705698,2,12,40,140.328677686457,2.51049863782639,5,0.0529911468970935,950.243052159754,312.393843274688,0,0,0,0,1,1,113.362003990311,37.5594253281292
9.98702102631903,2,12,40,140.328677686457,2.49448472004338,5,0.0529911468970935,950.243052159754,312.393843274688,0,0,0,0,1,1,113.362003990311,37.5594253281292
226.905741493588,3,12,40,140.328677686457,1.92446438267113,7,0.0529911468970935,950.243052159754,312.393843274688,0,0,0,0,1,1,113.362003990311,37.5594253281292
232.208605164545,3,12,40,140.328677686457,1.71422234099589,3,0.0529911468970935,950.243052159754,312.393843274688,0,0,0,0,1,1,113.362003990311,37.5594253281292
228.583364002344,3,12,40,140.328677686457,1.81820697874272,7,0.0529911468970935,950.243052159754,312.393843274688,0,0,0,0,1,1,113.362003990311,37.5594253281292
237.29104874642,3,12,40,140.328677686457,1.80922101015355,7,0.0529911468970935,950.243052159754,312.393843274688,0,0,0,0,1,1,113.362003990311,37.5594253281292
245.691887322784,3,12,40,140.328677686457,1.78481722505242,7,0.0529911468970935,950.243052159754,312.393843274688,0,0,0,0,1,1,113.362003990311,37.5594253281292
249.595938948807,3,12,40,140.328677686457,2.3189053214673,5,0.0529911468970935,950.243052159754,312.393843274688,0,0,0,0,1,1,113.362003990311,37.5594253281292
14.7183590002276,2,12,40,140.328677686457,2.4722014618974,6,0.0529911468970935,950.243052159754,312.393843274688,0,0,0,0,1,1,113.362003990311,37.5594253281292
267.91745213547,3,12,40,140.328677686457,2.45830980962426,6,0.0529911468970935,950.243052159754,312.393843274688,0,0,0,0.264764643535377,1,1,113.362003990311,37.5594253281292
99.1249189728023,2,12,40,160.420074674055,2.2117104376977,5,0.0529911468970935,953.944148347315,315.051848250717,0.62281478135621,0,34.0661571230471,0.325423544902038,1,1,113.407800455943,37.583329341165
265.632619817714,3,11,41,278.311671316617,2.29643861665055,6,0.0529911468970935,988.945962605478,340.188994586148,0.622814781356206,0,190.768128829535,0,1,1,113.842243528502,37.8093931292709
255.356016031257,3,11,41,220.098066821421,2.29066421671821,6,0.0529911468970935,990.84491669839,341.55276066312,0.622814781356212,0,190.768128829536,0,1,1,113.865882645218,37.8216577722553
253.418361854678,3,11,41,147.584131837577,2.06751405576735,3,0.0529911468970935,1006.01743532768,352.449162153868,0.622814781356208,0,190.768128829534,0,1,1,114.055013680872,37.9196514651293
462.339164914291,2,11,41,375.639235647264,2.5865387436242,4,0.0529911468970935,1013.66685749359,357.942724371747,0.622814781356206,0,190.768128829535,0,1,1,114.150539117535,37.9690562570892
241.513318044714,3,11,42,586.265671903815,2.11636229654315,3,0.0529911468970935,1022.6979694617,364.428570546456,0.622814781356206,0,190.768128829534,0,1,1,114.263467912031,38.0273848730651
250.078027338647,3,11,42,562.813959187636,2.11870064339287,3,0.0529911468970935,1023.42867311751,364.953337765329,0.622814781356217,0,190.768128829538,0,1,1,114.272611986719,38.0321042180452
94.9730474086786,2,10,42,67.3322462728469,1.89233048850123,5,0.0283314260205311,1046.87500163216,381.79171610065,0.622814781356207,0.622814781356207,153.109761231699,0,1,1,114.566581273817,38.183535392501
213.822715429333,3,10,42,67.3322462728469,2.51191884710299,4,0.0283314260205311,1046.87500163216,381.79171610065,0,0,0,0,1,1,114.566581273817,38.183535392501
255.289521845874,3,10,42,67.3322462728469,2.26233432860976,3,0.0283314260205311,1046.87500163216,381.79171610065,0,0,0,0,1,1,114.566581273817,38.183535392501
95.6298240785566,2,10,42,67.3322462728469,1.80539653004592,5,0.0283314260205311,1046.87500163216,381.79171610065,0,0,0,0,1,1,114.566581273817,38.183535392501
259.251107182638,3,10,42,67.3322462728469,2.46516089404053,4,0.0283314260205311,1046.87500163216,381.79171610065,0,0,0,0,1,1,114.566581273817,38.183535392501
220.584902117723,2,10,42,67.3322462728469,2.36009873475287,3,0.0283314260205311,1046.87500163216,381.79171610065,0,0,0,0,1,1,114.566581273817,38.183535392501
10.8490596454395,2,10,42,67.3322462728469,2.38642298706748,3,0.0283314260205311,1046.87500163216,381.79171610065,0,0,0,0,1,1,114.566581273817,38.183535392501
254.736057811389,3,10,42,67.3322462728469,2.44985921737587,3,0.0283314260205311,1046.87500163216,381.79171610065,0,0,0,0,1,1,114.566581273817,38.183535392501
97.7601123923952,2,10,42,67.3322462728469,1.78536677957234,2,0.0283314260205311,1046.87500163216,381.79171610065,0,0,0,0,1,1,114.566581273817,38.183535392501
259.407177111884,3,10,42,67.3322462728469,1.8003376918467,2,0.0283314260205311,1046.87500163216,381.79171610065,0,0,0,0,1,1,114.566581273817,38.183535392501
260.89813956612,3,10,42,67.3322462728469,2.44553507553838,5,0.0283314260205311,1046.87500163216,381.79171610065,0,0,0,0,1,1,114.566581273817,38.183535392501
455.276996672658,2,10,42,67.3322462728469,2.23920449468123,4,0.0283314260205311,1046.87500163216,381.79171610065,0,0,0,0,1,1,114.566581273817,38.183535392501
258.032804077562,3,10,42,67.3322462728469,2.53700766968324,3,0.0283314260205311,1046.87500163216,381.79171610065,0,0,0,0,1,1,114.566581273817,38.183535392501
247.359641093657,3,10,42,67.3322462728469,2.18444380763335,4,0.0283314260205311,1046.87500163216,381.79171610065,0,0,0,0.0909943905164579,1,1,114.566581273817,38.183535392501
223.155851040486,2,10,42,84.1042889683527,2.11313688407599,4,0.0283314260205311,1044.61863648749,380.721198151328,0.442994246961206,0,17.2471345413243,0.162569506017809,1,1,114.539034502626,38.1739079932875
35.0507724099769,2,10,42,159.670765186489,2.0130573872796,2,0.0283314260205311,1039.89215136798,378.478747646548,0.442994246961238,0,101.99313367391,5.71015229208795,1.38167410027623,1,114.481352893739,38.153741151396
0,3,10,42,102.290130306733,2.07885809544818,4,0.0465106382457133,1040.69477525485,398.822717369154,1.53136410905317,0.314843947841588,1156.38667700409,0,5.11687852918498,3,114.519742503915,38.336698866613
16.0764771660876,2,10,42,418.663009379512,2.05733953005827,2,0.0283314260205311,1031.73915105221,374.610609016831,1.21652016121158,0.77352591425034,364.2581354851,0,1.02062666809514,1,114.381922968833,38.1189541449521
207.749975660671,2,10,42,503.396221565886,2.57481572563003,3,0.0283314260205311,1029.81811845964,373.699187442876,0.442994246961237,0,101.993133673912,0,1,1,114.358507651731,38.1107575338165
270.227975996969,3,11,42,594.617531418869,2.2159522977453,5,0.0283314260205311,1027.60160908145,372.647578805952,0.44299424696123,0,101.993133673913,0,1,1,114.331496780067,38.1013001901349
268.834159160133,3,11,42,612.22512105841,2.57296622003651,3,0.0283314260205311,1026.7535927769,372.245242917417,0.442994246961195,0,101.993133673909,0,1,1,114.321164363649,38.097681896561
264.627313673191,3,11,42,626.972902584651,2.57252948041081,3,0.0283314260205311,1026.10108110403,371.935662945579,0.4429942469613,0,101.993133673896,0,1,1,114.313214657897,38.0948977769867
262.241015000476,3,11,42,657.054319823313,2.57162129161612,3,0.0283314260205311,1024.89212022696,371.362079223108,0.442994246961218,0,101.993133673916,0,1,1,114.298487068069,38.0897394146424
245.41532693474,3,11,41,396.587142542651,2.56696321110581,3,0.0283314260205311,1012.00326864583,365.247046380881,0.442994246961231,0,101.993133673912,0,1,1,114.141593436837,38.0347456030833
437.184497298976,2,11,41,192.797735428204,1.90485267502826,4,0.0283314260205311,1006.54896782768,362.659288392941,0.442994246961222,0,101.993133673912,0,1,1,114.075264568088,38.0114733363888
254.344766336451,3,11,41,177.059635618508,2.55396415580725,3,0.0283314260205311,1006.02504855214,362.410718258014,0.442994246961244,0,101.993133673913,0,1,1,114.068895316057,38.0092378914596
11.9530799447328,2,11,41,52.1707683919315,2.53958767029834,3,0.0283314260205311,1000.50852152657,359.79343744567,0.442994246961232,0,101.993133673911,0,1,1,114.00185302238,37.9857001196266
263.131580559716,3,11,41,9.58174675475382,1.8512135149186,4,0.0283314260205311,996.718770896893,357.995414602559,0.442994246961214,0,101.993133673913,0,1,1,113.95581925568,37.9695301117192
259.381487505221,3,11,41,23.2830850898162,1.81327399732885,4,0.0283314260205311,989.734186505381,354.681623402887,0.442994246961229,0,101.993133673913,0,1,1,113.871027269618,37.9397284714855
9.75869865727261,2,11,41,466.006332520043,1.93363598475006,5,0.0283314260205311,974.538447021988,347.472102413524,0.44299424696123,0,101.993133673911,1.2464707176802,1.49164351219989,1,113.686772989043,37.8748916915449
21.2718261088157,1,10,42,102.290130306733,1.68545545294875,4,0.0465106382457133,1040.69477525485,398.822717369154,0.660060028401491,0.0368396018220901,841.974308663456,1.70644708889404,10.714191786682,3,114.519742503915,38.336698866613
258.330305239012,3,11,40,494.967128263676,2.44786828418549,2,0.0283314260205311,958.991823880284,340.096106926347,0.623220426579401,0.180226179618169,1453.00819337142,0,1.0010368658068,1,113.498576224469,37.8085577704771
255.483600674589,3,12,40,300.029169801473,2.34801398454678,3,0.0283314260205311,952.293516909331,336.91813820998,0.442994246961232,0,101.993133673912,0,1,1,113.417588417381,37.7799776111815
8.43426989812533,2,12,40,137.356607462291,2.50714965865489,2,0.0283314260205311,945.334480520833,333.616468096232,0.442994246961224,0,101.993133673912,0,1,1,113.333510253188,37.7502849784924
270.721184524951,3,12,40,93.4041920250624,2.52546074012846,2,0.0283314260205311,940.199451018623,331.180186333332,0.442994246961227,0,101.993133673913,0,1,1,113.271510057237,37.7283749702176
222.756150298625,2,12,40,94.4761707709335,2.45572039540335,4,0.0283314260205311,937.957526704149,330.116519743139,0.442994246961221,0,101.99313367391,0,1,1,113.24445192914,37.718809186757
7.929646442683,2,12,40,106.902408719433,1.72072014951046,5,0.0283314260205311,935.827593989861,329.105986848285,0.442994246961244,0,101.993133673911,11.3060408598829,1.03794864285691,1,113.218751525851,37.7097212460987
19.2623498521869,1,10,42,102.290130306733,1.66747488773731,5,0.0465106382457133,1040.69477525485,398.822717369154,0.586715983267637,0.0206545352199455,1042.78420361477,1.48763166279067,12.8786804297172,3,114.519742503915,38.336698866613
274.358843538261,3,12,39,594.020296841562,2.16528711870495,3,0.0283314260205311,916.686274062371,320.024510561319,0.566061448047691,0.123067201086476,1689.51194545119,0,1.00015577472599,1,112.988052546293,37.6280495677136
209.432232734771,3,12,39,470.948838257271,2.1495115330845,3,0.0283314260205311,913.834156139741,318.671341533263,0.442994246961216,0,101.993133673912,0,1,1,112.953718624376,37.6158802262797
11.4935193537587,2,12,39,195.330211284714,2.03467819376449,1,0.0283314260205311,903.730314833664,313.877638926755,0.442994246961229,0,101.993133673912,0,1,1,112.832173622237,37.5727694230159
458.568317955399,2,12,39,166.139642443338,2.0392146874272,3,0.0283314260205311,894.021965788389,309.271575082975,0.442994246961229,0,101.993133673912,0,1,1,112.715511836811,37.5313460956864
255.871444719723,3,12,39,199.143245438912,2.02411463195316,3,0.0283314260205311,891.316938196785,307.988192117651,0.442994246961223,0,101.993133673911,0,1,1,112.683028408508,37.5198043553925
222.670939382397,2,13,39,341.65524484075,2.60219246561305,2,0.0283314260205311,882.752906614281,303.925042343657,0.442994246961228,0,101.993133673912,0,1,1,112.580249929196,37.4832635715942
317.189654890099,3,13,39,375.918950480742,2.17760945533325,1,0.0283314260205311,878.944214571569,302.1180328688,0.442994246961233,0,101.993133673913,0,1,1,112.534571906899,37.4670127449658
224.48498126422,2,13,39,416.738642063279,2.14400069672408,4,0.0283314260205311,876.49453742397,300.955799281413,0.442994246961239,0,101.99313367391,39.1119027929365,1.02871005959373,1,112.505202697202,37.4565605272032
0,3,10,42,102.290130306733,2.11830889530677,4,0.0465106382457133,1040.69477525485,398.822717369154,0.53748920419056,0.00587421642599462,3845.12000324692,0,31.1292973625071,3,114.519742503915,38.336698866613
242.270077589563,3,13,38,612.428906315309,2.57273691042078,2,0.0283314260205311,865.032080956718,295.517510438634,0.531614987764566,0.0886207408033256,2728.8612093483,0,1.00003665436117,1,112.367883304175,37.4076528206478
221.353709999122,2,13,38,521.136311014052,2.26946195157444,1,0.0283314260205311,863.27954753895,294.686032215822,0.44299424696124,0,101.993133673911,83.0023748503223,1.01900023584999,1,112.346903205958,37.4001751573415
19.9946731683947,1,10,42,102.290130306733,2.24554377793405,1,0.0465106382457133,1040.69477525485,398.822717369154,0.530780457029647,0.530780457029647,5784.9397722486,0,1,3,114.519742503915,38.336698866613
0,3,10,42,102.290130306733,2.50398329712028,2,0.0465106382457133,1040.69477525485,398.822717369154,0,0,0,12.3874303399967,1,3,114.519742503915,38.336698866613
269.269222927713,3,13,38,25.5196660337056,2.36036102153892,1,0.0283314260205311,846.2053299094,286.585279336259,0.523401715787304,0,2274.47002293431,0.671361238447113,44910304762.7011,1,112.142712597484,37.3273233364535
0,3,10,42,102.290130306733,2.43999504992978,2,0.0465106382457133,1040.69477525485,398.822717369154,0.523401715787304,0.00596365223455686,2513.08327145771,0.834802894373272,25.9399508328829,3,114.519742503915,38.336698866613
245.773276366203,3,13,38,217.786419082554,2.44141799180304,1,0.0283314260205311,829.938117617863,278.867404955586,0.517438063552747,0.0744438165915257,2781.61497946759,0,1.00004828973692,1,111.948527162518,37.2579148246305
254.997046209797,3,13,38,362.678502470396,2.45996660212556,1,0.0283314260205311,825.979136259749,276.989091680407,0.442994246961222,0,101.993133673913,0,1,1,111.901320189119,37.2410227475199
6.85494469983882,2,13,38,511.423772390028,1.84754078486111,4,0.0283314260205311,822.706933180483,275.436615948166,0.442994246961233,0,101.993133673911,0,1,1,111.862317826089,37.2270609978333
114.675048723928,2,13,38,689.985581188013,2.37675957147685,2,0.0283314260205311,819.372506913597,273.854618824244,0.442994246961229,0,101.993133673913,0,1,1,111.822588192546,37.2128337558928
96.5458730223744,2,13,38,864.388341364208,2.36208964466813,2,0.0283314260205311,816.519576483388,272.501064307186,0.44299424696121,0,101.993133673914,0,1,1,111.788607101554,37.200660947673
9.5062584680872,2,13,37,889.416659553068,2.36426089391577,2,0.0283314260205311,815.483281562337,272.009400838445,0.442994246961204,0,101.993133673912,0,1,1,111.776266484121,37.1962393118702
11.4881801470002,2,14,37,626.257157021498,2.54176920868098,1,0.0283314260205311,810.240352980785,269.521927050431,0.442994246961237,0,101.99313367391,0,1,1,111.713853077567,37.173868922653
281.165504700239,3,14,37,376.260593773143,2.49200884062269,3,0.0283314260205311,805.002414813032,267.036820932189,0.442994246961235,0,101.993133673911,0,1,1,111.651534929499,37.1515198264017
0.877961029861089,2,14,37,221.295864517351,2.57667361954362,1,0.0283314260205311,800.703091336093,264.997034524892,0.442994246961214,0,101.993133673914,0,1,1,111.600410687476,37.1331755865263
253.642166996239,3,14,37,189.167830730071,2.46710966910673,3,0.0283314260205311,799.611783439126,264.479270503099,0.442994246961245,0,101.993133673911,401.463330333135,1.00878227874502,1,111.587437536626,37.1285192228106
0,3,10,42,102.290130306733,2.51464620116355,1,0.0465106382457133,1040.69477525485,398.822717369154,0.508392224973396,0.00224933741962652,17218.2948159542,0,57.1093323963406,3,114.519742503915,38.336698866613
101.58024898782,2,14,37,36.1696527016121,2.42385712480494,3,0.0283314260205311,790.72420708909,260.262616992411,0.506142887553769,0.0631486405925464,3553.8876892192,0,1.00002931820363,1,111.481842531652,37.0905979467423
94.9658083706068,2,14,37,30.174543430235,2.40407969679487,3,0.0283314260205311,786.810256404146,258.405668230867,0.442994246961223,0,101.993133673914,0,1,1,111.435372851,37.0738980053189
256.595643767911,3,14,37,100.819892247736,1.61358219849118,4,0.0283314260205311,780.432423741259,255.379746491423,0.442994246961236,0,101.993133673911,0,1,1,111.359692778043,37.0466852373378
25.6274469091812,2,14,37,466.994237548225,2.64113943938484,1,0.0283314260205311,769.212396824204,250.056476791509,0.442994246961229,0,101.993133673912,0,1,1,111.226683631812,36.9988119227852
255.685003111031,3,14,36,418.796603367411,2.6538339696085,1,0.0283314260205311,757.371749931285,244.438757930546,0.442994246961227,0,101.993133673912,0,1,1,111.086495588904,36.9482905633088
256.438940117795,3,14,36,345.942070104711,2.23371264151276,3,0.0283314260205311,754.156002808652,242.913067364289,0.442994246961222,0,101.993133673912,0,1,1,111.048454178611,36.934569698407
10.7971979309464,2,14,36,332.713061726089,2.01673861575157,2,0.0283314260205311,753.41304017285,242.56057351409,0.442994246961284,0,101.993133673905,0,1,1,111.039667054246,36.9313996450526
260.134003616338,3,15,36,295.628108994716,1.94827548502855,2,0.0283314260205311,742.327883937987,237.301292343013,0.442994246961221,0,101.993133673913,0,1,1,110.908646966132,36.8841017931651
221.867406904533,2,15,36,265.345338740161,1.93969526359363,2,0.0283314260205311,740.817733329054,236.584811086928,0.442994246961253,0,101.993133673906,0,1,1,110.890810287292,36.8776583224268
20.001602461602,1,15,36,209.255955544946,2.61454158474085,1,0.0283314260205311,736.455862939715,234.515349698807,0.442994246961217,0,101.993133673914,0,1,1,110.839308125007,36.8590472090372
20.3889946293924,1,15,36,213.055415907251,2.59430267281308,1,0.0283314260205311,729.851789413973,231.38208943522,0.442994246961237,0,101.993133673911,0,1,1,110.761378762738,36.8308691225171
41.7608293656869,2,15,36,270.036652602117,1.85430393749225,2,0.0283314260205311,725.706127501992,229.415206770386,0.442994246961223,0,101.993133673913,0,1,1,110.712488242373,36.8131805217492
264.75575193807,3,15,36,366.386168768538,1.83157940664375,2,0.0283314260205311,721.65545981828,227.493393506966,0.442994246961219,0,101.993133673913,38.1594446957689,1.02505561855321,1,110.664739687232,36.7958972398459
0,3,10,42,102.290130306733,2.49509828875637,1,0.0465106382457133,1040.69477525485,398.822717369154,0.492820328860533,0.000947390759902411,6140.72036458579,147.178004043865,104.143630349007,3,114.519742503915,38.336698866613
206.485754893303,3,15,36,598.073474250477,2.53922185985179,1,0.0283314260205311,715.311439505775,224.48351381997,0.491872938100631,0.0488786911393855,37386.645197726,0,1.00000731529446,1,110.590000561044,36.7688287415085
233.445369210657,3,15,35,626.000598167781,2.54053045583811,1,0.0283314260205311,713.243268131543,223.502283196188,0.442994246961245,0,101.99313367391,0,1,1,110.565646723049,36.760004322505
99.5420633406579,2,15,35,456.116704965553,2.52473429940994,1,0.0283314260205311,709.727553727291,221.834275079981,0.442994246961226,0,101.993133673911,0,1,1,110.52426010213,36.7450035651275
40.7587788171372,2,15,35,321.510487695049,1.95879927412655,3,0.0283314260205311,706.352193571852,220.23285713557,0.442994246961219,0,101.993133673913,34.372497227642,1.0198969491754,1,110.484540906489,36.7306016675523
0,3,10,42,102.290130306733,1.71853133636377,2,0.0465106382457133,1040.69477525485,398.822717369154,0.490594716111482,0.00140226984818054,4634.59900196087,26.9661050867614,66.8660844885211,3,114.519742503915,38.336698866613
247.996784865356,3,15,35,82.2949978185978,2.45805235189364,1,0.0283314260205311,695.95364281823,215.299331524716,0.489192446263302,0,12574.327677233,0,78109482534.5775,1,110.362270589275,36.6862334058004
18.1335862554734,1,10,42,102.290130306733,2.39194218135154,1,0.0465106382457133,1040.69477525485,398.822717369154,0.489192446263302,0.00201594392971044,6522.55510550926,0,44.8175715316491,3,114.519742503915,38.336698866613
220.327337557411,2,15,35,234.723655380595,1.80844185975477,3,0.0283314260205311,679.848664051525,207.658427797806,0.487176502333591,0.0441822553723614,3554.10810539,0,1.00002979076227,1,110.173180556016,36.6175171076968
271.806381116408,3,16,35,664.011700756402,1.6534392047439,8,0.0283314260205311,667.841576556727,201.961742262399,0.44299424696123,0,101.993133673911,0,1,1,110.032424672454,36.5662855838557
102.962810331249,2,16,35,702.823151474375,1.72869775543015,3,0.0283314260205311,666.462169116871,201.307291263065,0.442994246961203,0,101.993133673919,0,1,1,110.016266305827,36.5603999646185
287.510328184166,3,16,34,654.876401648718,2.46906998604769,2,0.0283314260205311,660.114164283947,198.29552114595,0.442994246961225,0,101.993133673912,40.8864122256264,1.03319373238622,1,109.94193786737,36.5333144652347
21.8479023303565,1,10,42,102.290130306733,2.22372711090657,1,0.0465106382457133,1040.69477525485,398.822717369154,0.484933806023737,0.00121076849367308,10241.8775227173,0,68.2581493626376,3,114.519742503915,38.336698866613
251.55893353819,3,16,34,164.284910019314,2.19657537296998,1,0.0283314260205311,648.557242796516,192.812413981136,0.483723037530064,0.0407287905688301,5310.28498234982,0,1.00002368091204,1,109.806753643517,36.4840036978258
13.3959826897827,2,16,34,1.36485856916993,2.34071306000772,2,0.0283314260205311,636.426573291581,187.057095754837,0.442994246961234,0,101.993133673911,0,1,1,109.6650457953,36.4322448775273
247.540379225216,3,16,34,9.18650492745401,2.11431128053043,1,0.0283314260205311,634.41717295265,186.103748671243,0.442994246961208,0,101.993133673914,0,1,1,109.641590971757,36.4236712212252
264.505737077747,3,16,34,15.5543067656909,2.10930541566994,1,0.0283314260205311,633.557518519238,185.695891147227,0.442994246961253,0,101.993133673912,0,1,1,109.631558224094,36.4200032703903
226.028648417752,3,16,34,76.0753690013569,1.87100541360271,8,0.0283314260205311,629.179546810312,183.618790591454,0.44299424696122,0,101.993133673914,0,1,1,109.58047931281,36.4013234563156
232.8087352627,3,16,34,146.348846958908,2.06599676052069,1,0.0283314260205311,626.116226616033,182.165418002254,0.442994246961231,0,101.993133673911,0,1,1,109.544753661932,36.3882529626064
102.255160622585,2,16,34,239.215939087244,2.26464956910959,2,0.0283314260205311,623.064573396836,180.717580734439,0.442994246961228,0,101.99313367391,0,1,1,109.509176262306,36.3752322492384
100.955807018715,2,16,34,447.166851551465,2.23502550983825,2,0.0283314260205311,617.925664111454,178.279458233334,0.442994246961226,0,101.993133673913,0,1,1,109.44929227977,36.3533056868072
247.296194160206,3,16,33,692.357886670759,2.19297542180763,2,0.0283314260205311,609.846007645144,174.446117121875,0.442994246961236,0,101.993133673911,0,1,1,109.355209360759,36.3188316219633
39.6047761735303,2,17,33,423.071927252948,1.9044885388324,1,0.0283314260205311,598.623199164799,169.121527727126,0.442994246961226,0,101.993133673912,0,1,1,109.224667725671,36.2709464391099
218.880320379771,2,17,33,208.421896810074,2.08211436556309,2,0.0283314260205311,591.882003862626,165.923210917502,0.442994246961225,0,101.993133673913,0,1,1,109.14633447051,36.2421832850152
276.310673817907,3,17,33,98.9425847775569,2.14143245518691,8,0.0283314260205311,584.06686739605,162.215369620796,0.442994246961223,0,101.993133673912,0,1,1,109.055596219395,36.2088378671207
220.502953174862,2,17,33,94.9448533804139,2.02513210096843,2,0.0283314260205311,582.146945054639,161.30447479837,0.442994246961245,0,101.993133673908,0,1,1,109.03331701722,36.2006459931755
266.258940477662,3,17,33,123.250683531235,1.78375242647749,1,0.0283314260205311,577.449055902464,159.07559146661,0.442994246961226,0,101.993133673913,0,1,1,108.978821978738,36.1806011638022
219.044891146598,2,17,33,139.272018502976,1.77693847202686,1,0.0283314260205311,576.240876752769,158.502378629672,0.442994246961218,0,101.993133673914,0,1,1,108.964811882814,36.1754461369118
269.372041618755,3,17,33,276.195437542533,2.22338116369981,8,0.0283314260205311,570.093195561313,155.585650777491,0.44299424696123,0,101.993133673911,0,1,1,108.893552646513,36.1492153731512
271.476986656886,3,17,32,602.130563869302,1.89869969517982,2,0.0283314260205311,559.911573176729,150.755045437905,0.442994246961225,0,101.993133673913,0,1,1,108.775643612367,36.1057726956357
264.694581408386,3,17,32,530.296345121628,1.88953379972286,2,0.0283314260205311,558.325643139338,150.002611118751,0.442994246961242,0,101.993133673905,0,1,1,108.757289819302,36.0990058912332
218.137013084955,2,17,32,329.857550815701,2.32940797918758,8,0.0283314260205311,552.856959847517,147.408029458566,0.442994246961229,0,101.993133673912,0,1,1,108.694026546112,36.0756722577799
254.034568379958,3,17,32,216.230494853402,1.62219798142519,1,0.0283314260205311,548.161680295636,145.180384234903,0.442994246961227,0,101.993133673914,0,1,1,108.639741391026,36.0556385629803
100.093213955108,2,17,32,171.01528261104,1.81351930623978,2,0.0283314260205311,545.080137931026,143.718366254037,0.442994246961226,0,101.993133673911,0,1,1,108.604129342357,36.042490319396
261.518815673587,3,17,32,192.114677608578,2.43366953396926,8,0.0283314260205311,534.549289054495,138.722072648574,0.442994246961229,0,101.993133673912,8.42519158609444,1.04181076291708,1,108.482522503423,35.9975575715069
0,3,10,42,102.290130306733,2.22376146476895,8,0.0465106382457133,1040.69477525485,398.822717369154,0.474693918443746,0.00170397860227056,3568.24341226599,0.434649946365277,36.2009168043137,3,114.519742503915,38.336698866613
266.433498892555,3,18,31,475.088921827025,2.71717947017313,7,0.0283314260205311,505.33823263638,124.863074565722,0.472989939841475,0.0299956928802484,3817.7890328232,0,1.00000780550943,1,108.145960790707,35.872920607384
458.768969204314,2,18,31,126.209500892966,2.72420545680791,7,0.0283314260205311,495.568428182,120.227853597845,0.442994246961227,0,101.993133673911,0,1,1,108.033644509583,35.8312350637378
254.769799323231,3,18,31,11.9834324658942,2.71999322391155,7,0.0283314260205311,486.683306248795,116.012364569457,0.442994246961228,0,101.993133673913,42.8190596497486,1.03212172394166,1,107.931607018464,35.7933242601103
19.3491758241954,1,10,42,102.290130306733,2.02553865765568,8,0.0465106382457133,1040.69477525485,398.822717369154,0.471994380011452,0.000523948543898312,14965.3624602833,0,109.683303388024,3,114.519742503915,38.336698866613
271.390741428629,3,18,31,122.624016465269,1.98680671239142,8,0.0283314260205311,476.341758701587,111.10588376373,0.471470431467554,0.0284761845063429,8964.49138166396,0,1.0000017212074,1,107.812973660261,35.7491992181342
17.2600206669453,1,18,31,187.247442962474,2.69695636491652,7,0.0283314260205311,473.891143334613,109.943205044188,0.442994246961211,0,101.993133673908,0,1,1,107.784881828225,35.7387429972019
221.627511407248,2,18,31,420.692449974107,2.67908745484949,7,0.0283314260205311,467.596187602126,106.956603732019,0.442994246961236,0,101.993133673912,0,1,1,107.712757603246,35.7118838463189
101.617733318733,2,19,30,819.095094818107,2.33543869008316,6,0.0283314260205311,456.514020370472,101.698740674315,0.442994246961227,0,101.993133673913,0,1,1,107.585909839082,35.6645987478314
263.097450835753,3,19,30,532.934652567694,2.62375937673151,7,0.0283314260205311,451.398505242614,99.2717173809759,0.44299424696122,0,101.993133673911,0,1,1,107.527411174178,35.6427720029737
9.20490876904952,2,19,30,178.115618035284,2.57950692499887,7,0.0283314260205311,442.142253799956,94.8801483407466,0.442994246961231,0,101.993133673912,28.7666109196756,1.03099056906437,1,107.421647838066,35.6032776737561
23.888208123732,1,10,42,102.290130306733,2.46941667275363,7,0.0465106382457133,1040.69477525485,398.822717369154,0.469864931007341,0.000347318577597289,10504.5618812493,86.9481566644283,153.713941183645,3,114.519742503915,38.336698866613
248.883098467956,3,19,30,41.0024874523614,2.4654215005791,6,0.0283314260205311,434.199282922313,91.1116568288427,0.469517612429744,0.0265233654685202,30507.9147340644,0,1.00000389635201,1,107.330979460069,35.5693868153723
9.25492413026378,2,19,30,47.9474569886363,1.70389593550141,5,0.0283314260205311,427.237487272542,87.8086776013081,0.442994246961224,0,101.993133673911,0,1,1,107.251578881698,35.5396824095401
258.49215050037,3,19,30,83.2355366078092,2.5192050961066,6,0.0283314260205311,424.498222897653,86.5090512140723,0.442994246961239,0,101.993133673913,0,1,1,107.220354414324,35.5279945886435
20.5328836440998,1,19,30,112.992309998804,2.4765065069633,7,0.0283314260205311,422.866563575312,85.7349209294117,0.442994246961222,0,101.99313367391,0,1,1,107.201760029723,35.5210326677355
223.218935593114,2,19,30,462.518842801431,2.58266545816677,6,0.0283314260205311,412.323514395858,80.7328389685945,0.442994246961226,0,101.993133673913,0,1,1,107.081695298058,35.4760478639162
11.4314016816369,2,19,30,624.574987812709,1.59938399218031,8,0.0283314260205311,409.084747791555,79.1962269571232,0.442994246961231,0,101.993133673912,0,1,1,107.044841223663,35.4622287800978
99.7133394665504,2,19,29,521.871476503509,2.37243284347749,7,0.0283314260205311,403.837460224734,76.7066850765479,0.442994246961229,0,101.993133673912,0,1,1,106.985161176109,35.4398397920774
7.79606197339012,2,19,29,343.710877880637,2.66258009082715,6,0.0283314260205311,397.254054903313,73.583230709741,0.442994246961223,0,101.993133673912,0,1,1,106.910335650989,35.4117498921057
259.157646316857,3,19,29,303.848721230258,2.31788023663642,7,0.0283314260205311,394.751949189583,72.396122725924,0.442994246961237,0,101.993133673912,0,1,1,106.881912117919,35.4010739735217
268.677111016058,3,19,29,278.185620660073,2.52028448489148,8,0.0283314260205311,392.074959168793,71.1260420059766,0.442994246961238,0,101.99313367391,86.7693926527479,1.0081867869004,1,106.851510980333,35.3896518631946
17.165154510164,1,10,42,102.290130306733,1.86707485138221,5,0.0465106382457133,1040.69477525485,398.822717369154,0.467816077251681,0.000530667274060537,9176.64684821682,1.86934262013142,92.5402043809359,3,114.519742503915,38.336698866613
462.789106632924,2,20,29,203.75163466531,1.99856267638591,5,0.0283314260205311,377.730419525703,64.3203673132359,0.467285409977621,0.02429116301644,9709.5674424616,0,1.0000007306498,1,106.688767201514,35.3284469602542
100.786542380155,2,20,29,201.610088830475,2.73468975353184,6,0.0283314260205311,376.060574066032,63.5281198610046,0.442994246961181,0,101.993133673913,0,1,1,106.669839688956,35.321322107744
270.92279552,3,20,29,356.333584994415,2.07410334809274,5,0.0283314260205311,365.129658491986,58.3420171806997,0.442994246961231,0,101.993133673912,0,1,1,106.546028926073,35.2746823658349
256.820306909727,3,20,29,383.409668969003,2.75057742041532,6,0.0283314260205311,364.186300202731,57.8944468999443,0.442994246961236,0,101.993133673904,0,1,1,106.535351142825,35.2706572695983
252.028989564082,3,20,29,425.613963387651,2.75118067689108,6,0.0283314260205311,362.846437508937,57.2587576513669,0.44299424696121,0,101.993133673908,0,1,1,106.52018736153,35.2649403788394
8.3515797028949,2,20,28,455.783925967822,2.76129394205954,6,0.0283314260205311,352.750146342026,52.468637159889,0.442994246961225,0,101.993133673913,0,1,1,106.405998853531,35.22186179031
92.4092509688066,2,20,28,263.828251022078,2.75407163324624,6,0.0283314260205311,347.686194891428,50.0660779220117,0.442994246961228,0,101.993133673911,0,1,1,106.348775970966,35.2002550559888
218.564927984107,2,20,28,221.946261115244,2.24897615783996,8,0.0283314260205311,346.289741347796,49.4035395082355,0.442994246961233,0,101.993133673916,0,1,1,106.333001873744,35.1942967048862
257.341036989378,3,20,28,79.8282140735023,2.23731117470112,5,0.0283314260205311,338.897050522424,45.8961248324551,0.442994246961232,0,101.99313367391,0,1,1,106.249537751386,35.1627537668977
270.570432001461,3,20,28,78.3992116795795,2.28721008616236,5,0.0283314260205311,330.740825361059,42.02645619546,0.44299424696123,0,101.993133673913,0,1,1,106.157536079761,35.1279530007677
228.624609325198,2,20,28,163.65840928678,2.12188406975793,8,0.0283314260205311,325.492879075376,39.5366017899519,0.442994246961223,0,101.993133673912,0,1,1,106.098385536604,35.1055612021431
267.259448858281,3,20,28,378.13290428598,2.36113856519359,5,0.0283314260205311,318.600786762594,36.2666928629182,0.44299424696123,0,101.993133673911,0,1,1,106.020758169563,35.0761542046684
15.1618285920045,1,21,28,710.999753257205,2.60691639014409,6,0.0283314260205311,309.376033507721,31.8900679355571,0.442994246961227,0,101.993133673912,0,1,1,105.916954547501,35.0367942710866
232.463172509804,3,21,28,720.618182987849,2.01680985380679,8,0.0283314260205311,309.059476646875,31.7398795663047,0.442994246961328,0,101.993133673913,0,1,1,105.913394392282,35.0354435946324
459.992297709698,2,21,27,375.969828861792,2.49917520893303,5,0.0283314260205311,297.483716203044,26.2478343796361,0.442994246961227,0,101.993133673911,0,1,1,105.783297558156,34.9860524456618
91.4603486493686,2,21,27,128.200997988026,2.50887024744661,6,0.0283314260205311,290.174677044054,22.7801076996413,0.442994246961225,0,101.993133673914,0,1,1,105.701243388079,34.9548664303944
109.92793724628,2,21,27,94.2471584641333,1.7305720336607,4,0.0283314260205311,288.707840512795,22.0841765294844,0.442994246961264,0,101.993133673904,0,1,1,105.684784506425,34.9486077710189
261.835971420485,3,21,27,8.15514463426853,2.46279600950594,6,0.0283314260205311,282.372580104359,19.0784529227055,0.442994246961211,0,101.993133673912,0,1,1,105.613730949323,34.9215766492089
269.688239534788,3,21,27,21.9545034954851,2.61984987318041,5,0.0283314260205311,275.880386299699,15.9982732741367,0.442994246961229,0,101.993133673912,0,1,1,105.54097167942,34.8938759281282
248.174131967052,3,21,27,376.915894851133,2.68497496028998,5,0.0283314260205311,262.482177570884,9.64157920499804,0.442994246961233,0,101.993133673911,0,1,1,105.390989400809,34.8367088049423
256.09356848003,3,21,27,648.003450770676,2.70815806705609,5,0.0283314260205311,257.01699722683,7.04865949588032,0.442994246961219,0,101.993133673913,0,1,1,105.329878382283,34.8133901177741
214.551893126329,2,22,26,263.932773391163,2.04470610168433,4,0.0283314260205311,236.894668340196,-2.4982501903246,0.442994246961227,0,101.993133673912,0,1,1,105.10520905452,34.7275326962685
10.4360057253771,2,22,26,191.670770702728,2.16430343419771,6,0.0283314260205311,234.006044031201,-3.86873943889606,0.442994246961245,0,101.993133673913,0,1,1,105.073000466049,34.7152075903493
220.556538476987,2,22,26,105.882368729163,2.10011094180763,4,0.0283314260205311,227.849836050855,-6.78951277129602,0.442994246961233,0,101.993133673911,0,1,1,105.004394199051,34.6889404447111
271.413418079852,3,22,26,100.285009915683,2.10097883299014,6,0.0283314260205311,223.743998092553,-8.73750121711316,0.44299424696122,0,101.993133673911,0,1,1,104.958665265957,34.6714217637371
256.259520614611,3,22,26,108.709756464227,2.3226676025648,7,0.0283314260205311,222.221188288204,-9.4599885471481,0.442994246961228,0,101.993133673917,0,1,1,104.941710508874,34.6649242790781
17.638445081414,1,22,26,263.576185653826,2.03885625525521,6,0.0283314260205311,213.598876044542,-13.550789206468,0.442994246961224,0,101.993133673911,0,1,1,104.845767982934,34.6281348248937
261.513869783846,3,22,25,501.246936614873,2.19241306458606,7,0.0283314260205311,200.702589630467,-19.669349457433,0.44299424696123,0,101.993133673912,0,1,1,104.702449153708,34.5731092905857
5.22907395602293,2,22,25,188.969926394948,2.12394509851325,7,0.0283314260205311,189.703223504104,-24.8879280625987,0.442994246961228,0,101.993133673912,0,1,1,104.580382797488,34.5261774856675
221.525385353335,2,22,25,150.03561752163,1.87425270362183,6,0.0283314260205311,185.91264886323,-26.686341852529,0.442994246961227,0,101.993133673912,0,1,1,104.53835319988,34.5100039618909
253.886566521514,3,22,25,143.575509510277,2.68461773680519,5,0.0283314260205311,183.660645445041,-27.7547904087375,0.442994246961226,0,101.993133673916,0,1,1,104.513392047262,34.5003951731768
10.5018826369401,2,22,25,235.955617229405,2.03291489336266,7,0.0283314260205311,174.932080364316,-31.8960020440963,0.442994246961227,0,101.993133673912,0,1,1,104.416707429462,34.4631523621932
98.1809522132809,2,22,25,277.350497511107,2.02211493211294,7,0.0283314260205311,173.166121816938,-32.7338497334163,0.442994246961266,0,101.993133673904,0,1,1,104.397158352951,34.4556174168984
220.998364063335,2,22,25,345.195048710817,2.61626398656261,5,0.0283314260205311,170.787147435831,-33.8625388473936,0.442994246961213,0,101.993133673914,0,1,1,104.370829660029,34.4454668718328
258.674750632831,3,23,25,431.214237441185,1.68682255584713,3,0.0283314260205311,162.229855552652,-37.9224910143356,0.442994246961227,0,101.993133673912,0,1,1,104.276185127414,34.4089548448055
253.681017727456,3,23,25,531.892424177365,1.92598490644555,7,0.0283314260205311,158.22487747806,-39.8226271361915,0.442994246961231,0,101.993133673911,0,1,1,104.231922511877,34.3918665101198
272.35175732058,3,23,25,543.598436577887,1.71194866288023,3,0.0283314260205311,157.841258897699,-40.0046325075023,0.442994246960994,0,101.993133673929,0,1,1,104.227683897283,34.3902296964916
227.790105029111,2,23,24,566.792086711712,1.75747327438761,3,0.0283314260205311,150.175067021044,-43.6418080002535,0.442994246961231,0,101.993133673912,25.5358175209465,1.0172117787048,1,104.143020185921,34.3575197914402
20.0296768666822,1,10,42,102.290130306733,1.83856945535036,7,0.0465106382457133,1040.69477525485,398.822717369154,0.461133268635321,0.000352117593395318,7749.96361207556,17.1494717347447,102.022718037175,3,114.519742503915,38.336698866613
7.79402408927097,2,23,24,25.5544827258447,2.38457484993875,5,0.0283314260205311,132.389023893026,-52.0802819152147,0.460781151041926,0.0177869040807017,15671.4714900431,0,1.00000133472498,1,103.946890727992,34.2816307723131
12.8351325272977,2,23,24,33.3646433730363,2.56644657985703,6,0.0283314260205311,124.525144047786,-55.8112491948291,0.442994246961224,0,101.993133673912,0,1,1,103.860306229341,34.2480773774578
248.279227716379,3,23,24,172.629814990126,2.76266971952698,4,0.0283314260205311,117.352044585891,-59.2144801587347,0.442994246961224,0,101.993133673912,0,1,1,103.781397941036,34.2174713861
268.876216245664,3,23,24,246.32250901976,1.96687251154313,3,0.0283314260205311,114.98289329936,-60.3385087685886,0.442994246961214,0,101.993133673915,0,1,1,103.755350655074,34.2073627539549
258.223810210449,3,23,24,565.542463470717,2.79564846063597,4,0.0283314260205311,107.573730399062,-63.8537385145106,0.442994246961234,0,101.993133673911,0,1,1,103.673939014161,34.1757495333522
269.34814638473,3,23,24,888.306985652818,2.80864908572658,4,0.0283314260205311,102.091751877256,-66.4546280111611,0.442994246961219,0,101.993133673913,0,1,1,103.613749362695,34.1523591721627
258.59485801045,3,24,23,683.832492043186,2.15978190763334,5,0.0283314260205311,97.1951718826214,-68.7777789368528,0.442994246961234,0.00174251548347759,101.99313367391,59.3297256799407,1.01085170051617,1,103.56002031052,34.1314665739499
197.663054810595,2,11,41,136.320623348536,2.30699879860085,6,0.0465106382457133,1005.29375625507,360.126797265736,0.441251731477756,0,11451.6294633776,24.6812707454834,141.034875823791,3,114.057325396547,37.9886980965139
257.41559279623,3,24,23,156.537851461949,2.07861939625035,5,0.0283314260205311,84.2362597802946,-74.9260515433382,0.44127626791094,0,19243.8759118377,0,1.00000000486931,1,103.417976239616,34.076173830009
262.111736057116,3,24,23,92.1332596713527,2.82542741630276,4,0.0283314260205311,81.179397819317,-76.3763600652326,0.442994246961214,0,101.993133673912,0,1,1,103.384501608988,34.0631308921191
41.7075985762008,2,24,23,32.0541689265157,2.25575367918558,6,0.0283314260205311,75.0839681946273,-79.2682974971957,0.442994246961228,0,101.993133673913,0,1,1,103.31778911387,34.0371230739638
246.425526410975,3,24,23,36.9966408105607,2.2438423051221,3,0.0283314260205311,71.8762696513087,-80.7901694666959,0.442994246961205,0,101.993133673912,0,1,1,103.282701384404,34.0234365505276
454.563138345209,2,24,23,86.339597214353,2.20686874008453,6,0.0283314260205311,67.3812881338656,-82.9227845745174,0.442994246961224,0,101.993133673913,0,1,1,103.233555192857,34.0042574820919
18.7286414593179,1,24,23,123.427103257297,1.96264502801107,5,0.0283314260205311,65.4178932885401,-83.8543046471833,0.442994246961275,0,101.993133673909,0,1,1,103.212096560283,33.995880120815
272.047978055163,3,24,23,177.369491848217,2.29922701064336,3,0.0283314260205311,63.1743495139378,-84.9187395798318,0.442994246961242,0,101.993133673911,0,1,1,103.187582245322,33.9863074274847
251.512415843425,3,24,22,431.59365001872,1.83591431201862,5,0.0283314260205311,44.1206236973939,-93.9586574035128,0.442994246961226,0,101.993133673912,0,1,1,102.97965472537,33.9050094933391
224.438914288681,2,24,22,281.712464143028,2.59571799527273,4,0.0283314260205311,28.8703254951415,-101.194063426585,0.442994246961225,0,101.993133673912,0,1,1,102.813574494826,33.8399399236976
253.763479521233,3,25,22,218.230070665612,1.92514887198107,6,0.0283314260205311,22.6058334828419,-104.166211422392,0.442994246961227,0,101.993133673913,0,1,1,102.745440352492,33.8132107546114
311.738881298165,3,25,22,215.151559581544,1.8883112238566,6,0.0283314260205311,16.517974626629,-107.054556951881,0.442994246961228,0,101.993133673914,0,1,1,102.679276424187,33.7872352392112
20.8250694738761,1,25,22,218.555952314888,1.66649734484758,5,0.0283314260205311,16.0645413733857,-107.269685446293,0.442994246961347,0,101.993133673866,0,1,1,102.674350368246,33.7853005421804
243.521848662248,3,25,22,469.826639453289,1.82461175225237,2,0.0283314260205311,4.66085182141433,-112.680092703601,0.44299424696123,0,101.993133673911,0,1,1,102.550550066209,33.7366435807473
246.513734580446,3,25,22,648.668641110206,1.85042125317887,2,0.0283314260205311,0.331450571647338,-114.734149317015,0.442994246961223,0,101.993133673916,0,1,1,102.503593866796,33.718171005825
457.346943186304,2,25,21,614.079447396024,2.71479740255661,3,0.0283314260205311,-0.939353729409731,-115.337074254748,0.442994246961206,0,101.9931336739,0,1,1,102.489815513747,33.7127487715925
107.422485536933,2,25,21,458.536936432463,1.766502762523,6,0.0283314260205311,-4.15847390944054,-116.864365146421,0.442994246961232,0,101.993133673912,0,1,1,102.454922509903,33.6990135146185
0.143308310360602,2,25,21,126.968248559988,1.94290568674795,2,0.0283314260205311,-14.6962313395154,-121.863936470736,0.44299424696123,0,101.993133673913,0,1,1,102.34079528398,33.6540512894956
17.7373094807842,1,25,21,77.3262124892564,2.80075595600748,3,0.0283314260205311,-18.1669546480027,-123.510598850554,0.44299424696122,0,101.993133673911,0,1,1,102.303238010277,33.6392424989374
8.64734617075856,2,25,21,58.5941419847849,1.66835779665543,6,0.0283314260205311,-21.0291577673768,-124.868552735424,0.442994246961203,0,101.993133673916,0,1,1,102.272277471887,33.6270301262523
264.092606789863,3,25,21,120.523451485323,2.84093394891998,3,0.0283314260205311,-29.486330492068,-128.881004010728,0.442994246961242,0,101.99313367391,0,1,1,102.180858492915,33.5909452850065
261.080491952702,3,25,21,255.941846293699,2.85357035530201,3,0.0283314260205311,-35.0215737777462,-131.507164632456,0.442994246961208,0,101.993133673914,0,1,1,102.12107509405,33.5673276551292
257.386606022213,3,26,21,801.892366650882,2.85741452565822,3,0.0283314260205311,-50.1989076741784,-138.707953209312,0.442994246961235,0,101.993133673911,0,1,1,101.957357582139,33.502569407661
16.1526813174997,2,26,20,484.370545950809,2.04260066314009,4,0.0283314260205311,-57.1701348850613,-142.015407180433,0.442994246961214,0,101.993133673913,0,1,1,101.882259965086,33.4728247594929
91.0565585094499,2,26,20,2.16739674644526,2.77960708350083,3,0.0283314260205311,-76.3047079212208,-151.093682448146,0.442994246961225,0,101.993133673913,0,1,1,101.676458792138,33.3911818685656
251.081111937805,3,26,20,2.06579039475765,2.14860237202671,5,0.0283314260205311,-77.6801488066385,-151.746251541205,0.442994246961333,0,101.993133673897,0,1,1,101.661683712654,33.3853131737182
20.1511994037265,1,26,20,166.356390413033,2.71251368219952,3,0.0283314260205311,-88.6215685907894,-156.937337876522,0.442994246961224,0.0397936534164888,101.993133673912,17.459165250054,1.02066741406128,1,101.544238244869,33.3386286127228
18.4166435544333,1,12,41,245.247774594051,2.49668307434003,3,0.0714011362710738,1000.03313301984,307.451248406959,0.403200593544735,0,7565.00114737123,24.1894638243961,109.788874760283,3,113.924339192925,37.5149755045907
220.848774822479,2,26,19,556.820087106126,1.73375662694085,4,0.0283314260205311,-108.280019397163,-166.264163587228,0.403918778190344,0,21189.2263389342,0,1.00000642712334,1,101.333616790899,33.25475045396
290.10699101607,3,27,19,346.164140705431,2.53201345667885,3,0.0283314260205311,-117.606310593497,-170.688962538695,0.442994246961235,0,101.993133673912,0,1,1,101.233871053691,33.214957280971
20.288293901437,1,27,19,297.102390242247,2.63144384901446,2,0.0283314260205311,-119.097950312698,-171.396661422049,0.442994246961154,0,101.993133673914,0,1,1,101.217928336372,33.2085927920081
249.03158764414,3,27,19,135.352422579923,2.47422421032498,3,0.0283314260205311,-126.418478786387,-174.869839133602,0.442994246961219,0,101.993133673913,0,1,1,101.139728302614,33.1773577544362
257.175241226834,3,27,19,125.680066462143,1.83721041648123,5,0.0283314260205311,-127.214431677626,-175.247473870116,0.442994246961387,0,101.993133673899,0,1,1,101.131229919122,33.1739616036593
253.262590222125,3,27,19,118.367886103015,1.57098899694194,4,0.0283314260205311,-135.628242802053,-179.239352512704,0.442994246961228,0,101.993133673911,0,1,1,101.04144632032,33.1380617765444
42.4981389649029,2,27,19,216.274969868156,2.37485078670091,3,0.0283314260205311,-141.510371182792,-182.030090539597,0.44299424696121,0,101.993133673913,0,1,1,100.978733169133,33.112964066504
462.304603018915,2,27,19,595.146752209179,2.81891383716927,2,0.0283314260205311,-151.876181640725,-186.948082727466,0.442994246961232,0,101.993133673912,0,1,1,100.868326589863,33.0687355001811
260.438637234219,3,27,18,223.935835366513,2.88244568792574,2,0.0283314260205311,-165.143183651208,-193.242526611887,0.442994246961231,0,101.993133673912,0,1,1,100.727224080716,33.012128206356
266.973056433475,3,27,18,142.66718381955,2.17817339091263,3,0.0283314260205311,-172.040655378367,-196.514987767518,0.442994246961228,0,101.993133673914,0,1,1,100.653956167873,32.9826982561382
265.986838494481,3,27,18,201.250434008635,2.12402785071906,3,0.0283314260205311,-180.448295248821,-200.503938498299,0.442994246961224,0,101.99313367391,0,1,1,100.56473063322,32.9468247603668
256.047042788897,3,28,18,361.84502646437,2.30303130847579,4,0.0283314260205311,-189.266663214444,-204.687756535557,0.442994246961228,0,101.993133673914,0,1,1,100.471245474576,32.9091987808054
243.884957711714,3,28,18,503.061745483886,2.24828130140978,4,0.0283314260205311,-197.609286094737,-208.645860372987,0.442994246961224,0,101.993133673911,0,1,1,100.382897273351,32.8736026978107
249.157596355842,3,28,17,594.515087206325,2.83259350724292,2,0.0283314260205311,-206.301409499054,-212.769782489054,0.442994246961234,0,101.993133673912,0,1,1,100.290944564433,32.8365153752097
281.553961322749,3,28,17,322.801449825589,1.92043736378026,3,0.0283314260205311,-212.16188684784,-215.55024832291,0.442994246961238,0,101.993133673909,0,1,1,100.229003122457,32.8115100452206
247.609004776283,3,28,17,211.311456762288,2.13559264410059,4,0.0283314260205311,-215.318757759866,-217.048005449231,0.442994246961212,0,101.99313367392,0,1,1,100.195655635853,32.7980403917794
220.831399727514,3,28,17,47.9765008278347,2.08918815076617,4,0.0283314260205311,-222.548540380808,-220.478129373846,0.442994246961233,0,101.993133673911,0,1,1,100.119333139761,32.7671925462155
84.5835857516222,2,28,17,11.4142103390496,2.71268599978365,2,0.0283314260205311,-226.897859515183,-222.541635899671,0.442994246961211,0,101.993133673911,0,1,1,100.073451661019,32.7486349861893
40,2,28,17,54.344456217275,2.66605074083529,2,0.0283314260205311,-234.205620292071,-226.008756059489,0.442994246961229,0,101.993133673912,0,1,1,99.9964168649333,32.7174544254889
265.238148065172,3,28,17,334.466107770527,1.72599021465884,3,0.0283314260205311,-244.441339752168,-230.865027409064,0.442994246961232,0,101.993133673913,0,1,1,99.8886342458649,32.6737809280001
0,2,28,17,474.392411584275,2.5779096406121,2,0.0283314260205311,-247.634626224311,-232.380061663969,0.442994246961227,0,101.993133673912,0,1,1,99.8550367898801,32.6601558976087
31.1093122821204,2,29,16,378.489829702955,2.73017105116827,1,0.0283314260205311,-266.099524334667,-241.140613964734,0.442994246961227,0,101.993133673911,0,1,1,99.6610236205102,32.5813703579701
301.490334044092,3,29,16,248.5760567749,2.75236501438407,1,0.0283314260205311,-269.623489321646,-242.812536516918,0.44299424696122,0,101.993133673915,0,1,1,99.624047449491,32.566334397224
193.601727476443,3,29,16,220.923833765206,2.75783118604993,1,0.0283314260205311,-270.502113131543,-243.229393939759,0.442994246961178,0,101.993133673913,0,1,1,99.614830773849,32.5625855083546
255.032430399603,3,29,16,210.544697662158,1.78581583995166,4,0.0283314260205311,-270.848412755145,-243.393693571751,0.442994246961395,0,101.993133673891,0,1,1,99.6111984025471,32.5611079262656
255.465544902048,3,29,16,72.9785425521852,2.37771190847577,2,0.0283314260205311,-277.151408605045,-246.384109465981,0.442994246961227,0,101.993133673911,0,1,1,99.545113019771,32.534214470022
252.874871798795,3,29,16,90.1703036751077,1.67406522583988,4,0.0283314260205311,-289.775371196114,-252.37346742837,0.442994246961228,0,101.993133673912,0,1,1,99.4129098685355,32.4803508798104
102.929616011211,2,29,16,215.51365586667,2.8906705691134,1,0.0283314260205311,-295.133765414424,-254.91572314606,0.442994246961231,0,101.99313367391,0,1,1,99.3568575610255,32.4574878248635
253.495784607534,3,29,16,265.426471616464,2.24754976008814,2,0.0283314260205311,-296.699663130006,-255.658653258808,0.442994246961219,0,101.993133673926,0,1,1,99.3404843277616,32.4508064938427
263.181328125627,3,29,16,387.054504130096,2.22632058569163,2,0.0283314260205311,-299.922336111073,-257.187629754111,0.442994246961213,0,101.993133673909,0,1,1,99.3067977114013,32.437056077871
100.489062053929,2,29,15,392.628629034033,2.38229478638842,3,0.0283314260205311,-314.182101461654,-263.953083828311,0.442994246961231,0,101.993133673912,0,1,1,99.1579031165666,32.3762128876432
288.783963014743,3,29,15,321.191226971738,2.11337253195902,2,0.0283314260205311,-317.545564297461,-265.548857165843,0.442994246961213,0,101.993133673911,0,1,1,99.1228219328077,32.3618617532373
263.323137445557,3,29,15,292.077233400486,2.94014172965653,1,0.0283314260205311,-319.527348720582,-266.48910205557,0.442994246961231,0,101.993133673915,0,1,1,99.1021586821362,32.3534059277954
265.062042177143,3,29,15,274.712223659869,2.91738884336653,1,0.0283314260205311,-327.829863733399,-270.428176972906,0.442994246961225,0,101.993133673912,0,1,1,99.0156475354252,32.3179809759905
92.4967762427499,2,30,15,210.147733998904,1.98509108165084,2,0.0283314260205311,-336.74476441789,-274.657794338561,0.442994246961226,0,101.993133673912,0,1,1,98.922855645462,32.2799431131735
235.10023867045,3,30,15,360.735417413888,1.91005056505179,2,0.0283314260205311,-348.785718910322,-280.370547853454,0.442994246961239,0,101.993133673911,0,1,1,98.797690605032,32.2285670865212
251.233891694267,3,30,15,458.200391040621,2.78654636042108,1,0.0283314260205311,-351.919911577663,-281.857545432255,0.442994246961219,0,101.993133673917,0,1,1,98.7651419097907,32.2151941960155
248.26099046197,3,30,14,347.355233084672,2.05101434996037,3,0.0283314260205311,-363.830452257785,-287.5084249516,0.442994246961229,0,101.99313367391,0,1,1,98.641567568307,32.1643746155736
202.361278510183,3,30,14,169.452867231812,2.67723510379054,1,0.0283314260205311,-369.60843283307,-290.24975072118,0.442994246961217,0,101.993133673913,0,1,1,98.5816865598469,32.1397212806392
265.130288958887,3,30,14,150.334705270349,2.67153552940526,1,0.0283314260205311,-370.451446436989,-290.649713110533,0.442994246961281,0,101.993133673915,0,1,1,98.5729535011067,32.1361243324562
100.167379306111,2,30,14,69.518317076227,1.97504847013393,3,0.0283314260205311,-375.810578051077,-293.192318680914,0.44299424696123,0,101.993133673912,0,1,1,98.5174581775986,32.1132581312084
216.344317206954,2,30,14,55.8060531724318,2.60499926549093,1,0.0283314260205311,-380.225646171866,-295.28701939101,0.442994246961234,0,101.993133673911,0,1,1,98.4717670800153,32.0944200351432
220.829377886977,2,30,14,97.3689061122253,1.69161777433621,2,0.0283314260205311,-385.185656458197,-297.640264411157,0.442994246961221,0,101.993133673912,0,1,1,98.4204667975934,32.0732567942368
4.81997115010442,2,30,14,278.961485974677,2.51873397912626,1,0.0283314260205311,-392.814791876188,-301.259858705124,0.442994246961225,0,101.993133673912,0,1,1,98.3416230695068,32.0407050007046
264.321978784675,3,30,14,542.200200911628,2.47476410421798,1,0.0283314260205311,-399.233327929861,-304.305091906872,0.442994246961218,0,101.993133673915,0,1,1,98.2753492308339,32.0133185605707
276.67439136334,3,31,14,791.951330864724,1.77925193955754,3,0.0283314260205311,-406.764440181899,-307.878179739396,0.442994246961242,0,101.993133673908,0,1,1,98.1976562243597,31.9811850096943
282.36079131252,3,31,13,724.192379926256,1.76202117854643,3,0.0283314260205311,-409.757593523827,-309.298262116209,0.442994246961207,0,101.993133673922,0,1,1,98.1667986102309,31.9684139020578
276.942870786773,3,31,13,417.449010956372,2.35935409458782,1,0.0283314260205311,-415.621473378429,-312.080342247095,0.442994246961225,0,101.993133673911,0,1,1,98.1063794461444,31.9433940543468
322.363217832271,3,31,13,235.212719777118,1.69978277166177,3,0.0283314260205311,-420.238494681547,-314.270858347317,0.442994246961236,0,101.99313367391,0,1,1,98.0588390346363,31.9236942697763
49.2719027759266,2,31,13,62.5295488430262,1.66011456809999,3,0.0283314260205311,-427.003303002367,-317.480378201963,0.442994246961224,0,101.993133673914,0,1,1,97.9892336338236,31.8948303642772
459.274054026203,2,31,13,12.6893007270247,2.25520992303872,1,0.0283314260205311,-431.06924987246,-319.409440577216,0.442994246961236,0,101.993133673906,0,1,1,97.9474264897239,31.8774818895449
281.310058007247,3,31,13,71.6242990195324,2.43658431220273,2,0.0283314260205311,-441.584106776688,-324.398146894144,0.442994246961229,0,101.993133673913,0,1,1,97.8394100642848,31.832617375781
243.691807280335,3,31,13,117.539612875773,2.17109120299099,1,0.0283314260205311,-443.755385529652,-325.428296151463,0.442994246961173,0,101.993133673911,0,1,1,97.8171230633846,31.8233530209367
9.08674384338779,2,31,13,400.956829832345,2.11659633458774,1,0.0283314260205311,-452.087631775807,-329.381476861481,0.442994246961241,0,101.993133673913,0,1,1,97.7316542200132,31.7878012126905
18.5528275935739,1,31,13,733.00830952078,1.97198385625966,8,0.0283314260205311,-458.46840549114,-332.408793964366,0.442994246961218,0,101.993133673911,0,1,1,97.6662641083329,31.7605758959046
101.213336100501,2,31,12,485.664924011699,2.03568268746444,8,0.0283314260205311,-468.324610633689,-337.085007183758,0.442994246961238,0,101.99313367391,0,1,1,97.5653623170883,31.7185217000838
1.8825666503721,2,32,12,248.686595553135,2.18731403900607,2,0.0283314260205311,-477.88275631872,-341.619808008089,0.44299424696122,0.0135468104857194,101.993133673915,197.357173957485,1.01356108615625,1,97.4676330589025,31.6777392564852
0,3,12,40,140.328677686457,2.18549731001225,2,0.0624872949931535,950.243052159754,312.393843274688,0.429447436475501,0,73797.891116524,0,463.687007539123,3,113.362003990311,37.5594253281292
253.519294345442,3,32,12,130.809135583949,2.14336239457013,8,0.0283314260205311,-484.017075792192,-344.530196479002,0.429505739800525,0,34835.3782941919,0,1.00000042062789,1,97.4049742914405,31.6515655041501
239.816394417378,3,32,12,107.183691604769,2.18717818989074,8,0.0283314260205311,-490.669008345314,-347.686163150711,0.442994246961241,0,101.993133673911,0,1,1,97.3370839291672,31.6231832139958
9.41995397399775,2,32,12,120.065456112339,2.19956703921702,8,0.0283314260205311,-492.539032547753,-348.573384121617,0.442994246961191,0,101.993133673916,0,1,1,97.3180086616472,31.6152042441122
107.945740114887,2,32,12,149.045884473288,2.21546466890033,8,0.0283314260205311,-494.931925788367,-349.708676949081,0.442994246961188,0,101.993133673915,0,1,1,97.2936065061035,31.6049943104244
237.6357747773,3,32,12,341.569898362626,2.02558196325796,2,0.0283314260205311,-502.751152101228,-353.418458647087,0.442994246961246,0,101.993133673909,0,1,1,97.2139200442631,31.5716314420818
233.905139260755,3,32,11,608.381544615088,1.97538622379074,2,0.0283314260205311,-510.807163059949,-357.240581299354,0.442994246961216,0,101.993133673914,0,1,1,97.1319040070581,31.5372582672652
255.347659451595,3,32,11,447.64056337188,1.95209106286395,2,0.0283314260205311,-514.500321716244,-358.992776701145,0.442994246961239,0,101.993133673911,0,1,1,97.0943333088318,31.521500395439
7.59795519728345,2,32,11,261.409782655085,2.38941898822872,8,0.0283314260205311,-520.350708056967,-361.768454921044,0.442994246961224,0,101.993133673912,0,1,1,97.0348534812256,31.4965381214967
42.3562803361224,2,32,11,138.550369119424,1.63657499067885,1,0.0283314260205311,-529.392820419703,-366.058427050309,0.442994246961237,0,101.99313367391,0,1,1,96.9430118873175,31.4579574752503
264.271046687932,3,32,11,140.829509037847,2.47089532684107,8,0.0283314260205311,-532.123043703645,-367.35376395002,0.442994246961229,0,101.993133673915,0,1,1,96.9153017398304,31.4463082306418
6.51566434887359,2,33,11,366.283943021978,2.57573163040627,8,0.0283314260205311,-546.195669856171,-374.030431033775,0.442994246961228,0,101.993133673912,0,1,1,96.7726273483027,31.3862635210023
256.665872595146,3,33,11,563.88198014879,1.74947351119916,7,0.0283314260205311,-556.519564594152,-378.928536577555,0.442994246961222,0,101.993133673912,0,1,1,96.6681237040283,31.3422137995664
264.130576304397,3,33,10,564.977071991857,2.02657355317365,6,0.0283314260205311,-563.861410999831,-382.411828445007,0.442994246961221,0,101.993133673911,0,1,1,96.5938905494322,31.3108878032052
217.403112841112,2,33,10,223.377148176424,2.99224360549824,7,0.0283314260205311,-571.932479150839,-386.241094885437,0.442994246961229,0,101.993133673913,0,1,1,96.5123654972951,31.2764503827582
265.17663963448,3,33,10,43.2456018094468,2.16510305343192,8,0.0283314260205311,-579.858854324046,-390.001712671972,0.442994246961233,0,101.993133673911,0,1,1,96.4323847820199,31.2426303344879
232.774133014023,3,33,10,11.9379327062291,2.15464986431148,6,0.0283314260205311,-583.539647474782,-391.748041339079,0.44299424696123,0,101.993133673909,0,1,1,96.3952718126671,31.2269252234742
6.46995985034296,2,33,10,11.9557541997358,2.17626889005381,6,0.0283314260205311,-586.806176347754,-393.297824980592,0.442994246961227,0,101.993133673918,0,1,1,96.3623506373747,31.2129876843411
201.677585209554,2,33,10,163.200219291225,2.97728034224989,7,0.0283314260205311,-596.40144453656,-397.850238338386,0.442994246961223,0.0269820651712326,101.993133673912,193.134732475786,1.01224260569666,1,96.2657268954334,31.1720468474237
101.990182725484,2,12,41,245.247774594051,2.07296909913901,8,0.0473694816080027,1000.03313301984,307.451248406959,0.41601218178999,0.41601218178999,72501.2739046092,0,1,3,113.924339192925,37.5149755045907
21.5800787101141,1,12,41,245.247774594051,2.09193648159628,6,0.0473694816080027,1000.03313301984,307.451248406959,0,0,0,97.4291811235241,1,3,113.924339192925,37.5149755045907
284.592233713326,3,33,9,851.731525728209,2.35412155519387,6,0.0283314260205311,-612.902135458362,-405.678885155458,0.416291578702563,0,38149.6872209763,0,1.00000017084556,1,96.0998471878118,31.1016421351467
21.4462446115493,1,33,9,826.429297507667,2.35938785233285,6,0.0283314260205311,-613.666445643011,-406.041507213083,0.442994246961166,0.0266898667406976,101.993133673923,722.144170236082,1.00095922223949,1,96.092172275535,31.0983809966347
22.3320040420139,1,12,41,245.247774594051,2.16000996981849,6,0.0473694816080027,1000.03313301984,307.451248406959,0.416304380220469,0,21665.0489956228,95.0242266937084,295.935627902914,3,113.924339192925,37.5149755045907
108.767535086045,2,34,9,326.277206939837,2.7993719880411,7,0.0283314260205311,-624.476141221167,-411.170097844985,0.416484127798953,0,49524.5659687488,0,1.00000011571688,1,95.9837071262263,31.0522584730029
302.420426861917,3,34,9,306.601334264254,1.87103381695364,8,0.0283314260205311,-625.005024882842,-411.421023301027,0.442994246961194,0,101.993133673922,0,1,1,95.9784041912723,31.0500018461619
243.049810761084,3,34,9,201.00294933353,1.5946561323828,5,0.0283314260205311,-628.245782722906,-412.958580041514,0.442994246961226,0,101.993133673912,0,1,1,95.9459182026438,31.0361742661915
255.732984035425,3,34,9,177.003306728786,2.76655930769903,7,0.0283314260205311,-629.117011431444,-413.371928906017,0.442994246961128,0,101.993133673917,0,1,1,95.9371871756855,31.0324569305452
259.889250280152,3,34,9,129.740171955327,1.83363897213576,8,0.0283314260205311,-631.080220201036,-414.303360696247,0.442994246961242,0,101.993133673915,0,1,1,95.9175164938905,31.0240803632112
260.641098096622,3,34,9,49.2388417305213,2.71484318992998,7,0.0283314260205311,-636.387938786058,-416.821573685234,0.442994246961232,0,101.993133673908,0,1,1,95.8643601677177,31.0014335297182
262.787947176313,3,34,9,39.4201177946195,2.56456514496291,6,0.0283314260205311,-642.043114212366,-419.50463534071,0.442994246961236,0,101.993133673915,0,1,1,95.8077645794515,30.9773041765504
269.968970925076,3,34,9,276.318432907432,2.58938357415628,7,0.0283314260205311,-653.990452014202,-425.172973018088,0.442994246961221,0,101.993133673912,0,1,1,95.6883359340307,30.9263275911213
7.12621499169185,2,34,9,313.29920920171,2.58202903936211,7,0.0283314260205311,-655.025369641534,-425.663983038671,0.442994246961243,0,101.993133673909,0,1,1,95.6779994067048,30.921911831919
258.718796499214,3,34,9,450.36263468041,2.55835417472681,7,0.0283314260205311,-658.361244056989,-427.24666722738,0.442994246961234,0.0259620272640896,101.993133673911,299.560880057615,1.00407882199429,1,95.6446909559042,30.9076784110565
27.7761278386731,1,12,41,245.247774594051,1.64483443578524,5,0.0473694816080027,1000.03313301984,307.451248406959,0.417032219697145,0,39142.148919451,97.347930931516,449.879182926422,3,113.924339192925,37.5149755045907
6.3250729831422,2,34,8,566.274211664575,2.5087164160839,7,0.0283314260205311,-665.662817576795,-430.710851882819,0.417147368638155,0,55382.1481402815,0,1.0000018148092,1,95.5718360252487,30.8765242499812
100.337362423993,2,34,8,314.484640410118,1.8727002424641,5,0.0283314260205311,-674.704981538344,-435.000848492809,0.442994246961236,0,101.993133673912,0,1,1,95.4817100328399,30.8379433835744
264.715574765312,3,34,8,279.258398242939,1.88878271126908,5,0.0283314260205311,-677.296281007084,-436.230273880762,0.442994246961244,0,101.993133673912,0,1,1,95.4559014512352,30.8268868954318
258.448729140516,3,34,8,260.762370382477,2.83745425661347,6,0.0283314260205311,-679.820729863172,-437.427982424952,0.442994246961194,0,101.993133673912,0,1,1,95.4307671158442,30.816115643718
251.639869017218,3,35,8,236.773425901248,1.97615864635394,5,0.0283314260205311,-690.271176474252,-442.386129692029,0.442994246961234,0,101.99313367391,0,1,1,95.3268071991589,30.7715259540919
251.398615511202,3,35,8,213.032864919026,2.55938842264146,8,0.0283314260205311,-694.872472947235,-444.569185247601,0.44299424696123,0.0253962657584474,101.993133673912,130.670405732767,1.00550745797523,1,95.281079226171,30.7518932638115
0,3,12,41,245.247774594051,2.43165240146777,8,0.0473694816080027,1000.03313301984,307.451248406959,0.417597981202782,0,23591.5166974445,0.201891052482947,231.58586730606,3,113.924339192925,37.5149755045907
277.818600433334,3,35,8,478.631280527799,2.2006419315955,7,0.0283314260205311,-709.4029408592,-451.463072413215,0.417816339878428,0,23648.6424308128,0,1.0000003221429,1,95.1368560675341,30.6898950470434
253.513966082527,3,35,8,544.353049153994,3.03366789296411,6,0.0283314260205311,-711.123931640958,-452.279585434982,0.442994246961259,0,101.993133673906,0,1,1,95.1197925199963,30.6825519690235
283.013372049474,3,35,7,520.209595178083,2.40641513804566,8,0.0283314260205311,-716.768894538371,-454.957801821724,0.442994246961236,0,101.99313367391,0,1,1,95.0638501164282,30.6584661904043
228.527085238493,2,35,7,156.370364251035,3.02798368141209,6,0.0283314260205311,-727.106407089372,-459.862368249419,0.442994246961223,0,101.993133673913,0,1,1,94.9615117589907,30.6143583648434
248.92729001853,3,35,7,99.0911679854885,3.01135738831924,6,0.0283314260205311,-730.153379487562,-461.307984731773,0.442994246961234,0,101.993133673907,0,1,1,94.9313742541403,30.6013576234789
256.611807760319,3,35,7,59.4350036124347,2.98817699219738,6,0.0283314260205311,-733.970151689465,-463.118827786256,0.442994246961224,0,101.993133673917,0,1,1,94.8936397925938,30.5850723206406
7.34143981172835,2,35,7,57.1159994361855,2.96069400530819,6,0.0283314260205311,-738.18524077227,-465.118649726329,0.442994246961256,0.0247562745567245,101.993133673906,950.284166452614,1.00491667014213,1,94.8519894860668,30.5670874898537
100.914450976583,2,12,41,245.247774594051,2.58863750595637,6,0.0473694816080027,1000.03313301984,307.451248406959,0.418237972404532,0,156588.538250367,0,1420.77487701293,3,113.924339192925,37.5149755045907
254.602295506759,3,35,7,75.4652827602641,1.99716517112368,7,0.0283314260205311,-740.606133557213,-466.267226757747,0.418272793319747,0,134864.474380961,0,1.00000035758199,1,94.8280785548387,30.5567580884495
240.918528572085,3,35,7,101.745858222583,2.22880324072208,8,0.0283314260205311,-742.624844166511,-467.224991039314,0.442994246961263,0,101.993133673911,0,1,1,94.8081457920712,30.5481447073316
9.09131720233855,2,35,7,163.546277089521,2.20735557926353,8,0.0283314260205311,-745.811216854342,-468.736745093662,0.442994246961183,0,101.993133673917,0,1,1,94.7766943567329,30.5345491764925
19.8875858772653,2,35,7,534.803603510323,2.41733074919657,5,0.0283314260205311,-756.138163267025,-473.636298484903,0.442994246961235,0,101.993133673911,0,1,1,94.6748522518198,30.4904864342515
259.501442248541,3,36,6,614.102714225593,2.05080453930604,8,0.0283314260205311,-768.70801665937,-479.599984685523,0.442994246961239,0,101.99313367391,0,1,1,94.5510790381473,30.4368537157402
214.559392004621,2,36,6,220.105569435454,2.67392172288591,6,0.0283314260205311,-777.721014501068,-483.876143617296,0.442994246961225,0,101.993133673913,0,1,1,94.4624566124575,30.3983972945633
262.951700767664,3,36,6,92.2146384674908,2.63933388752311,6,0.0283314260205311,-782.487081476939,-486.137373479574,0.442994246961191,0,101.993133673911,0,1,1,94.4156360224339,30.3780615658524
222.019707106788,2,36,6,4.94088205715447,1.69041364686471,7,0.0283314260205311,-789.578262080191,-489.501738567195,0.442994246961224,0,101.993133673913,0,1,1,94.3460290363633,30.3478051037174
269.311348724002,3,36,6,206.985080449906,2.4850886200072,6,0.0283314260205311,-803.982554019363,-496.335762352998,0.442994246961232,0,101.993133673913,0,1,1,94.2048387946844,30.286345251258
14.605186967069,1,36,6,333.892272390744,2.79501463298965,5,0.0283314260205311,-807.508450962648,-498.008601509442,0.442994246961217,0.0237964650439901,101.993133673905,184.214773413307,1.0039514862991,1,94.1703193922119,30.2713010472919
0,3,12,41,245.247774594051,2.37016613288354,6,0.0473694816080027,1000.03313301984,307.451248406959,0.419197781917227,0,25477.2719163176,13.2446405419846,266.787078630575,3,113.924339192925,37.5149755045907
213.871835384644,2,36,5,582.476879293509,2.36671018994655,6,0.0283314260205311,-820.961796091215,-504.391454689279,0.419375492092384,0,29180.7480620497,0,1.00000130447959,1,94.0387569926035,30.2138986695715
251.704970440227,3,36,5,426.896127145905,2.30785363994391,6,0.0283314260205311,-829.466384809481,-508.426402178162,0.442994246961215,0,101.993133673913,0,1,1,93.9557112204256,30.1776115150165
40.8121238322635,2,37,5,237.133624662569,2.52104188657625,7,0.0283314260205311,-835.446909329892,-511.263823621483,0.442994246961248,0,101.993133673912,0,1,1,93.8973690516573,30.1520939709258
253.846982659926,3,37,5,112.342616832674,2.09827698540075,4,0.0283314260205311,-843.46101085228,-515.066062610884,0.442994246961204,0,101.993133673911,0,1,1,93.8192618495858,30.1178996141854
463.88473815905,2,37,5,117.036979944318,2.42579791552897,7,0.0283314260205311,-848.866193851744,-517.630516965249,0.442994246961256,0.0232584870110863,101.993133673908,137.6440347969,1.00592655858102,1,93.7666291111499,30.0948369221027
216.334210777108,2,12,41,245.247774594051,2.35411192069682,7,0.0473694816080027,1000.03313301984,307.451248406959,0.419735759950169,0,29167.9449011211,0,269.332182040399,3,113.924339192925,37.5149755045907
260.5080906262,3,37,5,446.885388012016,3.0415861480703,5,0.0283314260205311,-862.500108310114,-524.099040103739,0.419907817994672,0,25969.4898645706,0,1.00000054558023,1,93.6340389682391,30.0366640959344
13.7486187727598,2,37,5,619.4030311535,3.01678286530084,5,0.0283314260205311,-866.288594613334,-525.896463095284,0.442994246961161,0,101.993133673915,0,1,1,93.5972389527814,30.0204994826217
258.239491396618,3,37,4,622.786794091106,2.29711302176139,7,0.0283314260205311,-867.462696359863,-526.453508127183,0.442994246961363,0,101.993133673917,0,1,1,93.5858379488877,30.0154898562951
275.188246528559,3,37,4,438.044442056475,2.2882118324606,4,0.0283314260205311,-871.684301589102,-528.456421611075,0.442994246961196,0,101.993133673912,0,1,1,93.5448593263112,29.9974772225866
218.154607618016,2,37,4,420.050334817385,2.01772170999847,6,0.0283314260205311,-872.157714730091,-528.681029434888,0.442994246961248,0,101.993133673922,0,1,1,93.5402654124707,29.9954572758985
36.9564097877801,2,37,4,265.753857944995,2.94400851005061,5,0.0283314260205311,-877.06980956066,-531.011541274831,0.442994246961274,0,101.993133673911,0,1,1,93.492616625644,29.9744984793934
254.691484831908,3,37,4,136.809507611202,2.38715252103101,4,0.0283314260205311,-885.96420882367,-535.231431872753,0.442994246961221,0,101.993133673912,0,1,1,93.406418491077,29.9365480915001
10,2,38,4,485.516183169755,2.56876842439934,4,0.0283314260205311,-910.573662768248,-546.907229220035,0.442994246961226,0,101.993133673912,0,1,1,93.1684597697314,29.8315451232928
7.84565699093073,2,38,4,593.051896844123,2.66235445469531,5,0.0283314260205311,-914.273861101092,-548.662764551145,0.442994246961218,0,101.993133673913,0,1,1,93.1327494694407,29.8157572147605
219.114619410284,2,38,3,630.461100756299,2.62402702359535,5,0.0283314260205311,-919.644771334313,-551.210958411715,0.442994246961209,0,101.993133673914,0,1,1,93.080947086844,29.7928407568117
4.29607928685672,2,38,3,252.280316590803,2.56291303809628,5,0.0283314260205311,-928.06391607082,-555.205367552294,0.442994246961244,0,101.993133673912,0,1,1,92.9998203280399,29.7569181723817
262.410595714519,3,38,3,172.676457833709,2.54468541717245,5,0.0283314260205311,-930.590228596809,-556.403960302697,0.442994246961191,0,101.993133673915,0,1,1,92.9754948743504,29.7461389688104
261.681705780065,3,38,3,27.1453064416177,2.48992829873721,5,0.0283314260205311,-938.225026940557,-560.026241335414,0.442994246961229,0,101.99313367391,0,1,1,92.9020313011702,29.713563012856
96.3693000202427,2,38,3,14.2993693013789,2.47795545337301,5,0.0283314260205311,-939.90393419758,-560.822788099191,0.442994246961363,0,101.99313367391,0,1,1,92.8858867277261,29.7063994957082
99.9704352621025,2,38,3,20.397600922816,2.82549273849429,4,0.0283314260205311,-945.379614599798,-563.420689493459,0.442994246961212,0,101.99313367391,0,1,1,92.8332575125211,29.683036007169
267.072488265217,3,38,3,49.2729527197377,2.4205958308943,5,0.0283314260205311,-947.997671803797,-564.66280991703,0.442994246961218,0,101.993133673915,0,1,1,92.8081080309091,29.6718653498283
8.16396083659741,2,38,3,96.5650614679823,2.38896326605198,5,0.0653970401084085,-950.693936224662,-565.942035252285,0.442994246961195,0.442994246961195,61.0994888420016,0,1,1,92.7822166355012,29.660361
273.045305288608,3,38,3,96.5650614679823,2.3112112069399,5,0.0653970401084085,-950.693936224662,-565.942035252285,0,0,0,0,1,1,92.7822166355012,29.660361
258.564917737573,3,38,3,96.5650614679823,2.29480268379946,5,0.0653970401084085,-950.693936224662,-565.942035252285,0,0,0,0,1,1,92.7822166355012,29.660361
5.89416926419399,2,38,3,96.5650614679823,3.00084959475072,4,0.0653970401084085,-950.693936224662,-565.942035252285,0,0,0,0,1,1,92.7822166355012,29.660361
34.6818536968368,2,38,3,96.5650614679823,3.02963254766496,4,0.0653970401084085,-950.693936224662,-565.942035252285,0,0,0,0,1,1,92.7822166355012,29.660361
278.769753969003,3,38,3,96.5650614679823,2.48418985977558,6,0.0653970401084085,-950.693936224662,-565.942035252285,0,0,0,0,1,1,92.7822166355012,29.660361
264.802179802101,3,38,3,96.5650614679823,2.42926893294217,6,0.0653970401084085,-950.693936224662,-565.942035252285,0,0,0,0,1,1,92.7822166355012,29.660361
110.196785928055,2,38,3,96.5650614679823,2.21140884289375,3,0.0653970401084085,-950.693936224662,-565.942035252285,0,0,0,0,1,1,92.7822166355012,29.660361
240.98670936102,2,38,3,96.5650614679823,3.06693609697925,4,0.0653970401084085,-950.693936224662,-565.942035252285,0,0,0,0,1,1,92.7822166355012,29.660361
257.538502027073,3,38,3,96.5650614679823,3.06247794038325,4,0.0653970401084085,-950.693936224662,-565.942035252285,0,0,0,0,1,1,92.7822166355012,29.660361
1.59945038854265,2,38,3,96.5650614679823,2.24824802891544,3,0.0653970401084085,-950.693936224662,-565.942035252285,0,0,0,0,1,1,92.7822166355012,29.660361
9.0500261573003,2,38,3,96.5650614679823,2.25559411153473,3,0.0653970401084085,-950.693936224662,-565.942035252285,0,0,0,482.790709117681,1,1,92.7822166355012,29.660361
17.0126594699871,1,10,41,218.982157669929,2.25958763163198,6,0.032624408749621,1004.04635926927,401.071087469066,0.459399900157989,0,20347.1807895576,267.585863889888,266.882173062947,3,114.09957052543,38.3569189447025
199.562564861509,3,38,3,58.0208770435648,1.97829277622202,5,0.0653970401084085,-935.776016462549,-559.417655488641,0.45975416378585,0,123596.692878671,394.840777459338,1148.55664269867,1,92.9263005989925,29.7190361568666
21.1496016554624,1,10,41,165.715169660682,2.58845690168897,4,0.032624408749621,1000.28703574582,401.301720918799,0.460621595689509,0,148490.612236174,0,143.585442204079,3,114.056457270105,38.3589930811465
467.042272548881,2,38,4,397.783517460256,1.90409681421051,5,0.0653970401084085,-908.384090516494,-547.437746079049,0.461299312779264,0.049013229188641,18957.3956977545,0,1.00723385446689,1,93.1915617902274,29.8267740705566
266.474816544732,3,38,4,305.186664688325,2.82558558911387,4,0.0653970401084085,-901.341930309207,-544.357844304444,0.412286083590623,0,235.429344390272,0,1,1,93.2599034764477,29.8544722926567
225.81427903192,3,37,5,594.092916328217,1.79658393786702,5,0.0653970401084085,-865.561539762953,-528.709224407175,0.412286083590621,0,235.429344390271,0,1,1,93.6080619510061,29.9952037124209
217.728779347074,3,37,5,262.139620942368,2.69301566588691,4,0.0653970401084085,-857.593502070327,-525.224388404119,0.412286083590617,0,235.42934439027,0,1,1,93.6858042073858,30.0265435955272
254.33028359993,3,37,5,237.493790696282,2.69055042623343,4,0.0653970401084085,-856.804287419695,-524.879223918865,0.412286083590617,0,235.429344390274,4794.69025244678,1.00000068224122,1,93.6935085483741,30.0296477343191
21.671775189385,1,10,41,634.651802517981,2.52732913278121,4,0.0150359365798398,972.88262838317,402.982973667739,0.469323619475683,0,63389.8731636463,0,147.282981499511,3,113.742101690285,38.3741129503678
252.192950054707,3,37,5,235.287800171481,1.70882317581321,5,0.0653970401084085,-831.452400926355,-513.791529532183,0.470103012638218,0.0578169290475966,23763.2371479547,0,1.03363849048996,1,93.9413935062458,30.1293617655368
215.109172495433,3,36,6,184.474688011497,1.8086298472238,2,0.0653970401084085,-800.753916498882,-500.365490663023,0.412286083590622,0,235.429344390271,0,1,1,94.2425921035751,30.2501050339062
274.171175063818,3,36,6,128.478579891981,1.63129595920482,5,0.0653970401084085,-798.583642375682,-499.416317266412,0.412286083590625,0,235.429344390267,0,1,1,94.2639287203167,30.2586411553395
258.3811202519,3,36,6,118.403834858165,2.79690161281654,3,0.0653970401084085,-779.539380240461,-491.087274043903,0.41228608359062,0,235.429344390272,0,1,1,94.4514017954479,30.3335460406059
235.285946242099,3,36,6,475.440145495708,1.89183302017911,2,0.0653970401084085,-769.187483213018,-486.559852757411,0.41228608359062,0,235.429344390272,0,1,1,94.5534897983094,30.3742621184262
217.682901557751,2,36,7,436.766127749473,1.74849914229109,6,0.0653970401084085,-757.768935148135,-481.565929669426,0.412286083590621,0,235.429344390272,0,1,1,94.6662465133047,30.4191735477395
258.674660399107,3,36,7,285.609613944673,2.88660876671399,3,0.0653970401084085,-749.326035045523,-477.873411714219,0.412286083590621,0,235.42934439027,0,1,1,94.7497200288765,30.4523811595131
261.24695779554,3,35,7,212.469813387312,2.32414850665321,4,0.0653970401084085,-732.737915543829,-470.618567009354,0.412286083590621,0,235.429344390271,20.8008844705449,1.00001728254033,1,94.9139738995151,30.5176255454198
0,3,10,41,634.651802517981,2.57176298531716,3,0.0150359365798398,972.88262838317,402.982973667739,0.473351870209618,0.534624795552478,5994.16544918323,0,1.00001459215857,3,113.742101690285,38.3741129503678
19.7025602883871,1,10,41,625.765525867748,1.96114699599271,2,0.0150359365798398,973.082686554762,402.970700154705,-0.0612729253428597,0,8.38949616197213,295.045050277906,1.00020484654693,3,113.744397014405,38.3740025720132
97.4538673378205,2,34,9,92.004580507616,2.07242014711124,4,0.0653970401084085,-643.168653699789,-431.445284893712,0.476575750610337,0.0642896670197164,25384.6142204115,0,1.04274909995055,1,95.8066036223235,30.8699193352332
217.357071663373,3,34,10,533.732141001744,2.21873519527664,5,0.0653970401084085,-608.255390578028,-416.175904777263,0.412286083590621,0,235.429344390272,0,1,1,96.1571586804012,31.0072401697103
460.70884826674,2,34,10,451.475142653045,2.89786544991908,3,0.0653970401084085,-605.845890154305,-415.122105316231,0.412286083590612,0,235.429344390275,0,1,1,96.1814059885905,31.0167172159464
108.710753299182,2,34,10,260.724796190412,2.85100129891342,3,0.0653970401084085,-589.241778147593,-407.860266259756,0.41228608359062,0,235.429344390271,0,1,1,96.3486867022365,31.0820245035684
461.78280606968,2,33,10,244.744177871766,2.39413169790879,2,0.0653970401084085,-582.965561416462,-405.115351279262,0.412286083590631,0,235.429344390269,0,1,1,96.4120038729401,31.106710117052
19.5709827880783,1,33,10,451.536760174517,2.79164885271357,3,0.0653970401084085,-566.829044082571,-398.058015616665,0.412286083590619,0,235.429344390272,0,1,1,96.5750137109586,31.170178261468
12.0758415704013,2,33,11,26.9090102761203,1.64495886560618,1,0.0653970401084085,-538.486861002803,-385.662509494373,0.412286083590621,0,235.42934439027,0,1,1,96.8620831173008,31.2816537261887
9.58654589319056,2,33,11,280.026762263187,2.6559445981869,3,0.0653970401084085,-522.857705129258,-378.827069303632,0.41228608359062,0,235.429344390273,0,1,1,97.0207998238051,31.3431263166837
221.3941969729,2,33,11,413.979459671217,2.58116632390073,2,0.0653970401084085,-519.415476247621,-377.321604143924,0.412286083590642,0,235.429344390263,0,1,1,97.0557957566914,31.3566652901346
261.404536162776,3,32,12,211.64489666185,1.91473968231621,5,0.0653970401084085,-494.534737422151,-366.439967060067,0.412286083590621,0,235.429344390272,0,1,1,97.309173717735,31.4545262035073
10.8761466899212,2,32,12,623.198031945652,1.83919487070138,1,0.0653970401084085,-459.919598459722,-351.300972095383,0.41228608359062,0,235.429344390271,0,1,1,97.6629236607147,31.5906744561437
231.229465675752,3,32,13,251.424450952582,2.42327569585008,3,0.0653970401084085,-444.444468539933,-344.532895440027,0.412286083590621,0,235.429344390271,0,1,1,97.8215386247079,31.6515412318104
235.271091648925,3,31,14,189.832638548949,2.28734249832285,3,0.0653970401084085,-396.167273038409,-323.418774812058,0.41228608359062,0,235.429344390271,0,1,1,98.3182167162422,31.8414250805175
12.0976872813261,2,31,14,18.1225310019356,2.03267755848805,1,0.0653970401084085,-384.41828912974,-318.280334997428,0.412286083590621,0,235.429344390271,0,1,1,98.4395153767541,31.8876361799776
12.3377530874447,2,31,14,476.601504889128,2.94858714385588,2,0.0653970401084085,-364.53899380999,-309.586088469231,0.412286083590625,0,235.429344390271,0,1,1,98.6451313621484,31.9658254174775
268.414823092066,3,31,14,854.28468494026,2.42812771695604,4,0.0653970401084085,-357.663903615294,-306.579255073235,0.412286083590612,0,235.429344390272,277.84173599544,1.00000715375921,1,98.7163526832782,31.9928665198617
0,3,10,42,102.290130306733,1.93921803556533,1,0.0550058341650251,1040.69477525485,398.822717369154,0.467201232522445,0,32115.8544626784,0,58.2519837576698,3,114.519742503915,38.336698866613
258.038938661139,3,30,15,502.066865450667,2.91813471669633,2,0.0653970401084085,-309.22649471971,-285.395064821435,0.469118584079029,0.0568325004884094,8609.26888722335,0,1.01166045779623,1,99.2197445924524,32.1833805198351
267.496730908726,3,30,16,468.530423750003,2.02534056301715,3,0.0653970401084085,-301.182550931681,-281.877031147344,0.41228608359062,0,235.42934439027,0,1,1,99.3036158025031,32.2150189567697
259.80725666661,3,30,16,240.242512034101,2.00083023967736,3,0.0653970401084085,-292.087600961338,-277.899337978048,0.412286083590628,0,235.42934439027,0,1,1,99.3985393001515,32.2507912108583
13.9520763071104,2,30,16,209.469529998266,2.21538227854242,4,0.0653970401084085,-282.934489817381,-273.89620791204,0.412286083590618,0,235.42934439027,0,1,1,99.49417037155,32.2867922244549
224.476671937509,2,29,16,289.887132158855,1.95934630246887,3,0.0653970401084085,-274.418628804297,-270.171780367867,0.412286083590616,0,235.429344390273,0,1,1,99.5832340774464,32.3202868060565
104.404340157706,2,29,17,33.0693196246226,2.06388854725644,4,0.0653970401084085,-226.61734180765,-249.265799203582,0.412286083590622,0,235.429344390271,0,1,1,100.084787640252,32.5082988115962
18.8999337707454,1,29,17,458.008531185325,2.50039493582353,1,0.0653970401084085,-211.492901945949,-242.651097492909,0.41228608359062,0,235.429344390273,0,1,1,100.244053295843,32.5677862532473
12.400313930018,2,29,17,578.998957691137,2.66716673707978,2,0.0653970401084085,-209.026325250205,-241.57233561888,0.412286083590629,0,235.429344390265,0,1,1,100.270053333646,32.5774877918569
98.7459471450459,2,29,18,795.914997155499,2.64124152802193,2,0.0653970401084085,-201.831179613607,-238.425525384177,0.412286083590615,0,235.429344390273,0,1,1,100.345938783591,32.6057877361948
226.768536313648,2,28,18,105.113342360191,1.94928430623617,4,0.0653970401084085,-182.283794915185,-229.876440579308,0.412286083590622,0,235.429344390271,0,1,1,100.55241498233,32.6826715029534
272.788754187843,3,28,19,175.815020663998,2.44723192573023,2,0.0653970401084085,-132.051099150411,-207.907078299097,0.41228608359062,0,235.429344390271,0,1,1,101.085125815627,32.8802467246218
257.242486509013,3,27,19,320.191189091629,2.73009802442911,1,0.0653970401084085,-118.907694130366,-202.158785835697,0.412286083590627,0,235.429344390272,0,1,1,101.2250112656,32.9319423607166
102.698993051102,2,27,20,672.175295705232,2.36273757836907,2,0.0653970401084085,-101.169911891772,-194.401134009246,0.412286083590622,0,235.42934439027,0,1,1,101.414124488625,33.0017085997038
42.1012902428685,2,27,20,137.344500683446,2.56837904819294,3,0.0653970401084085,-88.0046020177127,-188.643261417482,0.412286083590615,0,235.429344390273,0,1,1,101.554732738644,33.0534903919628
42.2043563589799,2,27,20,63.2926909888437,2.52068231381487,3,0.0653970401084085,-70.6504182979269,-181.053377111797,0.412286083590623,0,235.42934439027,0,1,1,101.740397873253,33.1217478613881
101.813691825181,2,26,21,561.401558737101,2.44448349839083,3,0.0653970401084085,-42.7119220845567,-168.834424186196,0.412286083590622,0,235.429344390271,0,1,1,102.040061896151,33.2316355450651
220.139086560357,2,26,21,122.103455203921,2.16700281272123,2,0.0653970401084085,-29.2505242811704,-162.947056991621,0.41228608359062,0,235.42934439027,0,1,1,102.184782273964,33.2845819102657
208.096083495394,2,26,21,481.608869685441,2.85982149463268,1,0.0653970401084085,-3.56757925722013,-151.714573545061,0.412286083590621,0,235.429344390272,0,1,1,102.461498890934,33.3855980607818
103.147868912924,2,26,22,406.04568355154,2.06951339256079,2,0.0653970401084085,5.98066265854038,-147.538632306137,0.412286083590624,0,235.429344390271,0,1,1,102.564577342288,33.4231532025939
100.225008455964,2,26,22,228.731827698836,2.0518586561425,2,0.0653970401084085,12.6094034807297,-144.639540263253,0.41228608359062,0,235.429344390274,0,1,1,102.636202749018,33.4492253637111
222.130983565129,2,26,22,154.637586516281,2.26798731699875,3,0.0653970401084085,19.8783303244617,-141.460461681325,0.412286083590623,0,235.42934439027,0,1,1,102.714806359531,33.4778155042675
277.908240430532,3,26,22,165.992944061114,2.82382406829369,1,0.0653970401084085,23.6759962057865,-139.799545493256,0.412286083590611,0,235.429344390273,0,1,1,102.755898278688,33.492752482403
99.349524631705,2,26,22,239.884789552343,2.24303083980723,3,0.0653970401084085,29.00592287265,-137.468492220312,0.412286083590622,0,235.429344390269,0,1,1,102.813599019935,33.513716148132
219.702898317233,2,25,22,417.089631442064,1.98359452600755,2,0.0653970401084085,40.604183408771,-132.395971551075,0.412286083590624,0,235.429344390272,0,1,1,102.939277708592,33.5593344224752
227.460168537367,2,25,23,582.889347996162,2.76932415058295,1,0.0653970401084085,53.7152384303798,-126.661827419247,0.41228608359062,0,235.429344390272,0,1,1,103.081544054815,33.6109028195672
257.171614281388,3,25,23,227.017647848072,2.15613108554455,3,0.0653970401084085,62.0675685083323,-123.008920431621,0.412286083590618,0,235.429344390271,0,1,1,103.172282016778,33.643754201351
11.0869152809191,2,25,23,4.69287537674093,2.72839884936214,1,0.0653970401084085,74.655069179316,-117.503753762124,0.41228608359062,0,235.42934439027,0,1,1,103.309188656992,33.6932633546517
93.276732064201,2,25,23,747.432094540842,2.05281362163853,3,0.0653970401084085,100.769216445028,-106.082683218633,0.412286083590625,0,235.429344390271,0,1,1,103.593824870495,33.7959755096765
19.8340604436374,1,24,24,256.996381159074,2.62330248138166,1,0.0653970401084085,118.772601438146,-98.2088695368821,0.412286083590616,0,235.429344390273,0,1,1,103.790534399016,33.8667864173263
304.025115907998,3,24,24,142.844764358646,1.99600892225749,3,0.0653970401084085,123.655021411329,-96.0735341430324,0.41228608359064,0,235.429344390262,0,1,1,103.843948217499,33.885989949882
98.6343037462582,2,24,24,102.455300690116,1.96505179487801,3,0.0653970401084085,135.547904887456,-90.8721595867701,0.412286083590618,0,235.429344390272,0,1,1,103.974176815022,33.9327670350712
21.3350390482531,1,24,24,222.013717198207,2.56521767227113,1,0.0653970401084085,142.017835501431,-88.0425234817951,0.412286083590621,0,235.429344390271,0,1,1,104.045094904454,33.9582145639321
218.105870451853,2,23,25,621.390523505719,1.61576191910054,8,0.0653970401084085,200.547629762575,-62.4444098481852,0.41228608359062,0,235.429344390272,20.7687375567684,1.0002362013625,1,104.688940887164,34.1884239305468
21.6428045603055,1,10,42,102.290130306733,2.33748525458024,1,0.0550058341650251,1040.69477525485,398.822717369154,0.502099226772389,0.502099226772389,20523.2462139568,0,1,3,114.519742503915,38.336698866613
0,3,10,42,102.290130306733,2.45928586649879,2,0.0550058341650251,1040.69477525485,398.822717369154,0,0,0,69.7838074754638,1,3,114.519742503915,38.336698866613
204.757123163675,3,23,26,162.412800590173,1.7024780136792,3,0.0653970401084085,240.728017624745,-44.8714429973313,0.506399181419276,0,26339.9152042232,0,182954783622.242,1,105.133325310717,34.3464614182375
24.6061582939639,1,10,42,102.290130306733,2.42971762924117,2,0.0550058341650251,1040.69477525485,398.822717369154,0.506399181419276,0,20555.8638742016,0,67.8977263946642,3,114.519742503915,38.336698866613
20.0859242352558,1,23,27,513.702203364456,2.23115124890929,1,0.0653970401084085,265.059092452172,-34.2302024783327,0.509208483186868,0.0969223995962556,13006.8772922803,0,1.01968657447306,1,105.40336544713,34.4421603933626
261.037227025517,3,22,27,246.090466742639,1.78478528008185,8,0.0653970401084085,273.011504291855,-30.7522004709244,0.412286083590613,0,235.429344390278,0,1,1,105.491780396892,34.4734388168695
10.9446889472566,2,22,27,462.777089519564,2.13980619667477,1,0.0653970401084085,301.949917404969,-18.0959320422205,0.412286083590623,0,235.429344390271,0,1,1,105.814160465446,34.5872593733519
247.598590911238,3,22,28,229.902969480508,1.89371048438501,8,0.0653970401084085,317.371548689764,-11.351253113699,0.412286083590619,0,235.429344390271,0,1,1,105.986372539233,34.647915728206
260.316991310137,3,22,28,186.788631619642,1.89892716053544,8,0.0653970401084085,319.442683847037,-10.4454383269619,0.412286083590653,0,235.42934439026,0,1,1,106.009522543382,34.6560619162927
263.451211549228,3,22,28,238.485588485749,2.04475548789418,1,0.0653970401084085,337.278922624074,-2.64472635155869,0.412286083590622,0,235.429344390272,0,1,1,106.209099914155,34.726215404503
262.923133377693,3,21,28,553.034856694338,1.97218665375098,8,0.0653970401084085,350.492612846426,3.1343054748977,0.412286083590617,0,235.429344390275,0,1,1,106.357200582888,34.7781874863312
15.5784124615984,1,21,28,733.662427706235,2.00208619758062,1,0.0653970401084085,356.036738862166,5.55903922873176,0.41228608359062,0,235.429344390259,0,1,1,106.41940243529,34.7999936408655
257.839128824693,3,21,29,41.8154376420033,2.03587426524019,8,0.0653970401084085,376.473579754907,14.4971293431487,0.412286083590617,0,235.429344390274,0,1,1,106.649011480637,34.8803758164209
258.038938661139,3,21,29,52.020587605706,2.13884201018551,2,0.0653970401084085,389.003381306098,19.9770611960257,0.412286083590621,0,235.429344390269,537.598116672481,1.00010444366226,1,106.790033161117,34.9296580275635
217.831617319013,2,10,42,140.975509553015,2.13367625695928,2,0.0550058341650251,1033.50914877828,389.70209196784,0.520824143781546,0,112657.130136354,0,77.0845152242723,3,114.423775710741,38.2546751117841
221.760488428557,2,21,29,688.755157779026,2.0938089703504,2,0.0653970401084085,406.441315886026,27.6035740950946,0.523671415114061,0.111385331523448,9752.62996855049,0,1.03791919121985,1,106.986609981255,34.998244905843
7.77168684638491,2,21,30,472.125208234913,2.14119261554094,8,0.0653970401084085,418.82548363277,33.0198127345888,0.412286083590613,0,235.429344390273,0,1,1,107.126438311533,35.0469543101561
260.80520539334,3,20,30,266.475611123316,1.9872318211583,2,0.0653970401084085,449.118404866462,46.2684777918113,0.412286083590622,0,235.429344390271,0,1,1,107.469250750662,35.1661024175115
250.296288374407,3,20,30,553.042515799085,1.96746965421507,2,0.0653970401084085,456.938930650262,49.6887991890654,0.412286083590619,0,235.429344390277,0,1,1,107.557931835151,35.1968621068288
250.748775619231,3,20,31,101.030413790404,1.69017131940898,1,0.0653970401084085,481.716384139931,60.5252642405259,0.412286083590624,0,235.42934439027,0,1,1,107.839382731603,35.2943167783544
23.2288314206269,2,19,32,255.526804154463,2.37860436391337,8,0.0653970401084085,521.074796074986,77.73873840134,0.412286083590621,0,235.429344390271,0,1,1,108.287980574138,35.4491212706119
267.76435380726,3,19,32,2.38467053249546,2.41096091376597,8,0.0653970401084085,534.432909560015,83.5809340085001,0.412286083590617,0,235.429344390274,0,1,1,108.440657102019,35.5016613979671
42.3820204336265,2,19,32,91.384918541751,2.43485804214475,8,0.0653970401084085,544.444682429345,87.95960136618,0.412286083590623,0,235.429344390266,0,1,1,108.555227488026,35.541039699566
102.292853896992,2,19,33,692.566689226422,1.89868087340335,6,0.0653970401084085,562.593075421088,95.8968345639814,0.412286083590621,0,235.429344390274,0,1,1,108.763217480805,35.612420952626
236.408306825345,3,18,33,223.239376253275,2.23729944063336,8,0.0653970401084085,582.000478421816,104.384698114797,0.412286083590624,0,235.42934439027,0,1,1,108.986075149684,35.6887541434194
249.652609004115,3,18,33,135.095387868621,2.20865013794109,8,0.0653970401084085,593.466535640099,109.399399418778,0.412286083590622,0,235.429344390268,0,1,1,109.117954441757,35.7338524357184
262.357454556507,3,18,33,198.434653883845,2.19562344408083,8,0.0653970401084085,598.670535685003,111.675378451002,0.41228608359061,0,235.429344390276,0,1,1,109.177861576869,35.7543208069014
102.007467528753,2,18,33,402.851925507604,2.1768568610958,8,0.0653970401084085,606.160265669912,114.951025694581,0.412286083590617,0,235.429344390276,0,1,1,109.264138691184,35.7837794102966
20.9343399128126,1,18,34,336.044801651031,2.67820745339931,7,0.0653970401084085,619.205970828154,120.656588942955,0.412286083590628,0,235.42934439027,0,1,1,109.414578518995,35.8350907733285
267.619395024231,3,18,34,182.101526849574,2.12621061895113,8,0.0653970401084085,624.668015068445,123.045424080679,0.412286083590602,0,235.429344390268,0,1,1,109.477626310455,35.8565740838519
255.623335546428,3,18,34,83.72432483406,2.10246685493353,8,0.0653970401084085,634.212760753757,127.219836236758,0.41228608359063,0,235.429344390274,0,1,1,109.587886514292,35.8941154742916
20.4621089457018,1,17,34,672.479461385787,2.12344320170503,6,0.0653970401084085,658.902974538462,138.018146842107,0.412286083590621,0,235.429344390271,0,1,1,109.87361490295,35.9912270146397
240.554476797181,3,16,36,152.729748960474,2.32081226287675,6,0.0653970401084085,746.502194925999,176.32982768778,0.412286083590621,0,235.429344390271,0,1,1,110.893281518227,36.3357722380755
42.2632285951491,2,16,36,267.41598693126,2.55192985787408,7,0.0653970401084085,754.333377565907,179.754809880737,0.412286083590607,0,235.429344390273,0,1,1,110.984887418152,36.3665738429356
257.568119662152,3,16,36,650.621332811098,1.59958686464835,5,0.0653970401084085,764.836253715037,184.348262164981,0.41228608359062,0,235.429344390274,0,1,1,111.107861591501,36.4078837517854
269.326431045455,3,16,37,265.42294255243,2.37724846998899,6,0.0653970401084085,774.24265226749,188.462167946956,0.412286083590636,0,235.429344390268,0,1,1,111.218110264546,36.4448809953298
96.8202296628813,2,16,37,302.540076827438,1.70111269504542,8,0.0653970401084085,801.07351076942,200.196693473482,0.412286083590618,0,235.429344390271,0,1,1,111.533169437041,36.5504121187419
10.3611489072953,2,15,37,634.015899987017,2.44847671514315,6,0.0653970401084085,809.424640618645,203.849075538857,0.41228608359062,0,235.429344390275,0,1,1,111.631408770767,36.5832587797865
13.0761250135878,2,15,38,830.850806877439,2.41756740659124,7,0.0653970401084085,816.005480138574,206.727217858717,0.412286083590627,0,235.429344390272,0,1,1,111.708882275604,36.6091425355181
238.013297638663,3,15,38,566.2047463487,1.72044505143259,5,0.0653970401084085,820.631492926724,208.750413096569,0.41228608359061,0,235.429344390267,0,1,1,111.763373622082,36.627337567422
256.093128731228,3,15,38,279.097229355633,2.47469459966318,6,0.0653970401084085,827.170370203817,211.610203152014,0.412286083590622,0,235.429344390274,0,1,1,111.840441185917,36.6530562772746
251.648766327657,3,15,38,112.584715588729,1.74889325486715,5,0.0653970401084085,832.84128988585,214.090390350009,0.412286083590619,0,235.429344390266,0,1,1,111.90732063669,36.6753611366134
22.2111258755964,1,15,39,455.57776471812,2.28057248905214,7,0.0653970401084085,874.807854275456,232.444544804478,0.412286083590622,0,235.429344390271,0,1,1,112.403452806607,36.8404240132061
286.429259371921,3,14,39,307.714292610722,2.55820101167519,6,0.0653970401084085,886.726648377255,237.657251420739,0.412286083590624,0,235.429344390274,15.6628836787668,1.09506397329751,1,112.544744397968,36.8873030100593
16.4766475021438,1,21,36,13.9322195057281,2.63168236963562,6,0.0550058341650251,741.977893083232,19.6651321228112,0.984635820634453,0.0350934919547585,3351.10513714591,0,30.0228250299099,3,110.682411757001,34.9268527820129
99.5094380863135,2,14,39,204.435589931262,2.3739170932061,8,0.0590459784905277,903.163027261705,244.845732086363,0.949542328679695,0.949542328679695,3226.79578066426,0,1,1,112.739870354151,36.9519505698226
3.37344398523227,2,14,39,204.435589931262,2.11566219279703,7,0.0590459784905277,903.163027261705,244.845732086363,0,0,0,0,1,1,112.739870354151,36.9519505698226
257.403076886868,3,14,39,204.435589931262,2.61399650409858,6,0.0590459784905277,903.163027261705,244.845732086363,0,0,0,0,1,1,112.739870354151,36.9519505698226
242.232481097181,3,14,39,204.435589931262,2.07981932436773,7,0.0590459784905277,903.163027261705,244.845732086363,0,0,0,0,1,1,112.739870354151,36.9519505698226
252.476316949913,3,14,39,204.435589931262,2.24904948999856,8,0.0590459784905277,903.163027261705,244.845732086363,0,0,0,0,1,1,112.739870354151,36.9519505698226
11.4642653524762,2,14,39,204.435589931262,2.10715951899286,5,0.0590459784905277,903.163027261705,244.845732086363,0,0,0,0,1,1,112.739870354151,36.9519505698226
103.628755841871,2,14,39,204.435589931262,2.15996630485784,5,0.0590459784905277,903.163027261705,244.845732086363,0,0,0,0,1,1,112.739870354151,36.9519505698226
48.7503264613469,2,14,39,204.435589931262,2.59193486749627,6,0.0590459784905277,903.163027261705,244.845732086363,0,0,0,0,1,1,112.739870354151,36.9519505698226
261.415885256523,3,14,39,204.435589931262,2.13155558942572,8,0.0590459784905277,903.163027261705,244.845732086363,0,0,0,0,1,1,112.739870354151,36.9519505698226
100.935234398266,2,14,39,204.435589931262,1.85383667133189,7,0.0590459784905277,903.163027261705,244.845732086363,0,0,0,0,1,1,112.739870354151,36.9519505698226
250.520362027837,3,14,39,204.435589931262,2.29892261922083,5,0.0590459784905277,903.163027261705,244.845732086363,0,0.614311659169697,0,0.121007854468425,1,1,112.739870354151,36.9519505698226
252.622939971074,3,14,39,299.783613118077,1.96782709438209,8,0.0590459784905277,905.6388119198,243.099422146633,-0.614311659169697,0,23.9465516377307,0.414119433625481,1,1,112.765763383618,36.9362456272283
97.5963610577294,2,15,39,829.346376192613,1.72365492372856,7,0.0590459784905277,917.248459037628,234.910486128984,-0.614311659169706,0,212.565522565904,0,1,1,112.887024278893,36.8626007563267
259.031710345059,3,15,40,218.329160674723,2.41761760649732,5,0.0590459784905277,929.770107248866,226.078264529425,-0.61431165916971,0,212.565522565903,93.7676427419538,1.03395393601941,1,113.017517512068,36.7831706791992
0,3,26,34,676.324961591322,2.40626553580903,6,0.0550058341650251,612.741915798936,-144.372470030232,0.862950213398872,0.040103811778224,24546.4558850398,0,49.5525259348023,3,109.118867716945,33.4516271840196
268.524592350093,3,15,40,38.1140603546808,2.37661186744812,6,0.0590459784905277,945.888555406208,214.709017960201,0.822846401620648,1.43715806079035,6716.36489736199,0,1.02942519624968,1,113.185046278743,36.680924588372
279.099195152539,3,15,40,509.361887393411,2.4865440649309,5,0.0590459784905277,959.821614669413,204.881248892071,-0.614311659169705,0,212.565522565904,0,1,1,113.329454459186,36.5925413377625
92.032268341978,2,16,40,766.150231184723,1.80098006469671,4,0.0590459784905277,968.013642464889,199.102951688795,-0.614311659169711,0,212.565522565903,0,1,1,113.414184163469,36.5405758625593
92.478703057097,2,16,41,157.764543979353,2.26719906258219,6,0.0590459784905277,982.119959180665,189.152974410606,-0.614311659169707,0,212.565522565904,0,1,1,113.559779650871,36.4510935671125
265.890954068049,3,16,41,57.3549685189515,2.41281963868381,7,0.0590459784905277,996.324635957958,179.13361825791,-0.614311659169702,0,212.565522565905,0,1,1,113.705999900929,36.3609873324574
269.218458723328,3,16,41,121.855141480932,1.88979314369024,4,0.0590459784905277,999.67932637043,176.767366737262,-0.614311659169713,0,212.565522565902,0,1,1,113.740475256803,36.3397071212818
257.366986043232,3,16,41,423.564051076094,2.55894137735404,5,0.0590459784905277,1007.92352423419,170.952271055369,-0.614311659169707,0,212.565522565904,0,1,1,113.825106078751,36.2874107094097
258.906135883767,3,17,42,49.0888873589812,2.57237759598219,5,0.0590459784905277,1039.58311937227,148.620980853426,-0.614311659169706,0,212.565522565904,0,1,1,114.148881127941,36.0865805917432
219.824351133966,2,18,42,470.243797484332,2.20844191964659,7,0.0808570928391412,1061.49436813641,133.165746738613,-0.614311659169707,0,165.760923957644,0,1,1,114.371822557057,35.9475883321034
288.561412182009,3,18,42,470.243797484332,2.13924480949886,4,0.0808570928391412,1061.49436813641,133.165746738613,0,0,0,0,1,1,114.371822557057,35.9475883321034
97.7029587370033,2,18,42,470.243797484332,1.95828340492555,6,0.0808570928391412,1061.49436813641,133.165746738613,0,0,0,0,1,1,114.371822557057,35.9475883321034
273.967090345512,3,18,42,470.243797484332,2.52466061453827,5,0.0808570928391412,1061.49436813641,133.165746738613,0,0,0,0,1,1,114.371822557057,35.9475883321034
99.8573039832982,2,18,42,470.243797484332,2.04984395586543,7,0.0808570928391412,1061.49436813641,133.165746738613,0,0,0,0,1,1,114.371822557057,35.9475883321034
252.628522259632,3,18,42,470.243797484332,2.27813645786969,4,0.0808570928391412,1061.49436813641,133.165746738613,0,0,0,0,1,1,114.371822557057,35.9475883321034
462.714541226907,2,18,42,470.243797484332,2.44461799741241,5,0.0808570928391412,1061.49436813641,133.165746738613,0,0,0,0,1,1,114.371822557057,35.9475883321034
249.25091991482,3,18,42,470.243797484332,1.7187906146748,6,0.0808570928391412,1061.49436813641,133.165746738613,0,0,0,0,1,1,114.371822557057,35.9475883321034
258.591604400986,3,18,42,470.243797484332,2.40789896836983,5,0.0808570928391412,1061.49436813641,133.165746738613,0,0,0,0,1,1,114.371822557057,35.9475883321034
254.691566215658,3,18,42,470.243797484332,2.35552123864077,5,0.0808570928391412,1061.49436813641,133.165746738613,0,0,0,17.4741833451343,1,1,114.371822557057,35.9475883321034
0,3,27,33,179.762925094965,2.34255910097848,5,0.0222076620996459,574.060894507945,-191.620394820587,0.587761811302586,0,7822.52169947082,7.41116653383968,117145623727.466,3,108.663699767984,33.0267163880317
259.342103494057,3,18,42,470.243797484332,2.29502382384397,5,0.0808570928391412,1061.49436813641,133.165746738613,0.587761811302586,0.587761811302586,9820.25896005817,0,1,1,114.371822557057,35.9475883321034
252.210260990574,3,18,42,470.243797484332,2.28375926022682,5,0.0808570928391412,1061.49436813641,133.165746738613,0,0,0,0,1,1,114.371822557057,35.9475883321034
214.497727096039,3,18,42,470.243797484332,2.51281205117173,4,0.0808570928391412,1061.49436813641,133.165746738613,0,0,0,0,1,1,114.371822557057,35.9475883321034
252.225680989122,3,18,42,470.243797484332,2.399410684879,6,0.0808570928391412,1061.49436813641,133.165746738613,0,0,0,0,1,1,114.371822557057,35.9475883321034
8.23897326831377,2,18,42,470.243797484332,2.54934478849957,4,0.0808570928391412,1061.49436813641,133.165746738613,0,0,0,0,1,1,114.371822557057,35.9475883321034
272.431372362118,3,18,42,470.243797484332,2.13791952323428,5,0.0808570928391412,1061.49436813641,133.165746738613,0,0,0,0,1,1,114.371822557057,35.9475883321034
97.0206743795873,2,18,42,470.243797484332,2.10849412217838,5,0.0808570928391412,1061.49436813641,133.165746738613,0,0,0,0,1,1,114.371822557057,35.9475883321034
3.90847808563589,2,18,42,470.243797484332,2.29144198761567,6,0.0808570928391412,1061.49436813641,133.165746738613,0,0,0,0,1,1,114.371822557057,35.9475883321034
8.86254269868587,2,18,42,470.243797484332,2.01956232368826,3,0.0808570928391412,1061.49436813641,133.165746738613,0,0,0,0,1,1,114.371822557057,35.9475883321034
261.516356713411,3,18,42,470.243797484332,2.24099315956445,6,0.0808570928391412,1061.49436813641,133.165746738613,0,0,0,0,1,1,114.371822557057,35.9475883321034
40.5389115263242,2,18,42,470.243797484332,2.56593454505233,4,0.0808570928391412,1061.49436813641,133.165746738613,0,0,0,0,1,1,114.371822557057,35.9475883321034
267.400331984599,3,18,42,470.243797484332,2.55402868674632,4,0.0808570928391412,1061.49436813641,133.165746738613,0,0,0,0,1,1,114.371822557057,35.9475883321034
222.121976199464,2,18,42,470.243797484332,2.53480684780181,4,0.0808570928391412,1061.49436813641,133.165746738613,0,0,0,0,1,1,114.371822557057,35.9475883321034
261.289189373363,3,18,42,470.243797484332,1.84618839306964,5,0.0808570928391412,1061.49436813641,133.165746738613,0,0,0,0,1,1,114.371822557057,35.9475883321034
225.163959498357,2,18,42,470.243797484332,2.01292365592209,6,0.0808570928391412,1061.49436813641,133.165746738613,0,0,0,23.2356155116699,1,1,114.371822557057,35.9475883321034
461.145067642474,2,25,34,89.2128412325577,2.41836050010192,3,0.0222076620996459,628.02611139569,-119.560440377243,0.527850145094939,0,5956.28529036565,0,100352430016.609,3,109.305416997956,33.6747671275559
256.978414745116,3,18,42,470.243797484332,1.90019469292396,6,0.0808570928391412,1061.49436813641,133.165746738613,0.527850145094939,0.527850145094939,3564.28965041027,0,1,1,114.371822557057,35.9475883321034
19.2603825479669,1,18,42,470.243797484332,1.67259099970333,5,0.0808570928391412,1061.49436813641,133.165746738613,0,0,0,0,1,1,114.371822557057,35.9475883321034
236.006522834242,3,18,42,470.243797484332,1.82496633860265,6,0.0808570928391412,1061.49436813641,133.165746738613,0,0,0,0,1,1,114.371822557057,35.9475883321034
21.6546629024081,1,18,42,470.243797484332,1.74035473883418,2,0.0808570928391412,1061.49436813641,133.165746738613,0,0,0,0,1,1,114.371822557057,35.9475883321034
261.117450290351,3,18,42,470.243797484332,1.58162432680143,5,0.0808570928391412,1061.49436813641,133.165746738613,0,0,0,0,1,1,114.371822557057,35.9475883321034
461.270372733655,2,18,42,470.243797484332,2.50442248221506,3,0.0808570928391412,1061.49436813641,133.165746738613,0,0,0,0,1,1,114.371822557057,35.9475883321034
11.2513731630465,2,18,42,470.243797484332,2.39387857264358,5,0.0808570928391412,1061.49436813641,133.165746738613,0,0,0,0,1,1,114.371822557057,35.9475883321034
263.661716166979,3,18,42,470.243797484332,2.37600240651037,5,0.0808570928391412,1061.49436813641,133.165746738613,0,0,0,0,1,1,114.371822557057,35.9475883321034
261.674488420808,3,18,42,470.243797484332,2.54870852988383,3,0.0808570928391412,1061.49436813641,133.165746738613,0,0,0,0,1,1,114.371822557057,35.9475883321034
264.119144964948,3,18,42,470.243797484332,2.55546690445044,3,0.0808570928391412,1061.49436813641,133.165746738613,0,0,0,0,1,1,114.371822557057,35.9475883321034
217.671403533479,2,18,42,470.243797484332,2.33397622969999,5,0.0808570928391412,1061.49436813641,133.165746738613,0,0,0,55.8005292107985,1,1,114.371822557057,35.9475883321034
0,3,24,35,757.834323336834,2.6669672801934,3,0.0222076620996459,665.417896701544,-69.6310506501535,0.473212748534258,0,9315.7606536291,18.3279640595867,88995081269.7955,3,109.756332917691,34.123792917075
259.636028242111,3,18,42,470.243797484332,2.10063107218707,4,0.0808570928391412,1061.49436813641,133.165746738613,0.473212748534258,0.473212748534258,12467.3847463362,0,1,1,114.371822557057,35.9475883321034
223.508581565067,2,18,42,470.243797484332,2.06607135480727,4,0.0808570928391412,1061.49436813641,133.165746738613,0,0,0,0,1,1,114.371822557057,35.9475883321034
12.7971954877881,2,18,42,470.243797484332,2.03052014242138,4,0.0808570928391412,1061.49436813641,133.165746738613,0,1.30133320742479,0,0.706840300560265,1,1,114.371822557057,35.9475883321034
262.663962979,3,17,42,228.649145264693,2.2028618258854,5,0.0808570928391412,1058.30696329336,144.706779107259,-1.30133320742479,0,180.903018955176,0.462433839809936,1,1,114.352986302927,36.0513793297407
10.3238311050573,2,17,42,115.781124934026,2.12189851627236,2,0.0808570928391412,1054.61297646936,158.08205573647,-1.3013332074248,0,291.085534220907,115.009371895361,1.03981907672374,1,114.33102966814,36.1716660823186
41.1872840148449,2,23,35,66.6396328353869,2.20055777356072,2,0.0222076620996459,680.339269066077,-49.7064867397178,0.506809977609767,0,20028.0160332363,0,32.5945107067685,3,109.937707787774,34.3029788252066
20.7627838865579,1,16,42,12.8640777985454,2.55647241321583,3,0.0808570928391412,1047.56317166668,183.608159079656,0.566005357900437,1.86733856532523,6250.93028245657,0,1.04997743730155,1,114.288748948174,36.401227844833
271.355068421246,3,15,42,67.5802024334708,1.88609798018033,4,0.0808570928391412,1038.75963650484,215.484211625283,-1.30133320742479,0,291.085534220907,0,1,1,114.235254773332,36.6878960724898
262.352886301693,3,15,42,315.28729089772,2.51963888283166,3,0.0808570928391412,1033.71683774398,233.743299062674,-1.30133320742479,0,291.085534220907,20.6117391387269,1.06134957977183,1,114.204264500947,36.8521039908579
21.1342283689061,1,22,35,193.946186575857,2.36756606227505,2,0.0222076620996459,696.238214388426,-28.4765660297016,0.660556476444198,0,5119.86435210541,0,15.7845696335072,3,110.131866051897,34.4939040890712
273.378256185054,3,13,41,601.10276816457,2.33104285793554,2,0.0808570928391412,1018.89338308223,287.416421395809,0.774808627690271,2.07614183511507,4188.03976237519,0,1.01199667918715,1,114.111700001837,37.3347979765709
255.535438240218,3,13,41,561.498222327866,2.34793682996159,2,0.0808570928391412,1016.01443426532,297.840588741885,-1.3013332074248,0,291.085534220906,64.108934099476,1.03691308829187,1,114.093468515318,37.4285447657513
0,3,22,35,295.002941035514,2.46086483100116,3,0.0222076620996459,705.57195916388,-16.0131819817113,0.790862334765385,0,8865.48155653756,0,26.4517481342626,3,110.24628281723,34.6059899946434
223.16608594231,2,12,41,231.888005442413,1.66893578835029,1,0.0808570928391412,1006.94851920906,330.666672740515,0.855191026546766,0.00214707532017477,6835.89194477446,0,68.7625629530362,1,114.035517187802,37.723756831528
21.960768620081,1,22,35,758.988636299071,2.53485142804494,2,0.0222076620996459,713.466403139395,-5.47170163494525,0.853043951226591,0,4575.19455038409,77.3392133948325,27.9043675115207,3,110.343306037242,34.7007918049855
250.709659577618,3,11,41,53.2155068025297,1.71908849258159,1,0.0808570928391412,998.254966626293,362.144497709906,0.911680012851731,2.21301322027653,31730.2663140182,0,1.0176571448352,1,113.979176607618,38.006843712551
220.110263660535,2,10,41,47.9045787589662,2.46219419344918,2,0.0808570928391412,992.434280995508,383.220176696532,-1.3013332074248,0,291.085534220907,0,1,1,113.941033254507,38.1963818472719
91.9771733024637,2,10,41,144.056474022097,2.48374625850625,2,0.0808570928391412,987.824936419398,399.909802762412,-1.30133320742479,0,291.085534220907,0,1,1,113.910588299519,38.3464752604294
259.380071838795,3,10,41,268.013234173691,2.48913772722032,2,0.0808570928391412,986.620278794704,404.271656158612,-1.3013332074248,0,291.085534220908,0,1,1,113.90259656822,38.3857023504399
257.2065161024,3,9,41,187.512972307009,2.28273820132066,3,0.0571326423115728,980.789948760123,425.382255835224,-1.30133320742479,0,278.786804429009,0,1,1,113.863713580551,38.5755545344707
259.445347571836,3,9,41,187.512972307009,1.87284131017973,1,0.0571326423115728,980.789948760123,425.382255835224,0,0.583103171857445,0,0.259806060023879,1,1,113.863713580551,38.5755545344707
6.52774173054968,2,9,41,66.2342105194642,1.90994576254105,1,0.0571326423115728,986.544717999207,421.586336996129,-0.583103171857445,0,93.5289609341914,0.422639379418028,1,1,113.925235399397,38.5414170162075
15.7901253542726,2,9,41,46.0556916425717,2.38256399008713,4,0.0571326423115728,988.585638123589,420.240120175372,-0.583103171857414,0,205.677512321675,0,1,1,113.947039573114,38.529310197476
277.146634665518,3,9,41,250.582995558684,2.34482674380209,4,0.0571326423115728,1003.1916906798,410.605782505253,-0.583103171857441,0,205.677512321675,0,1,1,114.102862602665,38.4426665172214
229.90110113553,3,9,41,324.186291440905,2.33967701951221,4,0.0571326423115728,1005.14087135275,409.32007819117,-0.583103171857449,0,205.677512321672,0,1,1,114.123627919619,38.4311039005366
250.08002419024,3,10,42,173.918218534974,2.05576403142273,3,0.0571326423115728,1032.28557696608,391.415085803373,-0.583103171857437,0,205.677512321675,0,1,1,114.412093122655,38.2700804354551
101.810822320398,2,10,42,82.0294696917038,2.24260532499472,4,0.0571326423115728,1036.39876483506,388.70197487365,-0.583103171857453,0,205.677512321668,0,1,1,114.455686998844,38.2456808426715
220,2,10,42,44.8637291157814,2.23398294198706,4,0.0571326423115728,1039.49896318584,386.657044688657,-0.583103171857441,0,205.677512321678,0,1,1,114.488524339105,38.2272903436919
457.928423517257,2,10,42,67.3322462728469,1.99876191762293,3,0.0572908046079122,1046.87500163216,381.79171610065,-0.583103171857435,0,123.003711878443,0,1,1,114.566581273817,38.183535392501
220.382602153057,2,10,42,67.3322462728469,1.94168781233161,3,0.0572908046079122,1046.87500163216,381.79171610065,0,0,0,0,1,1,114.566581273817,38.183535392501
252.073526030295,3,10,42,67.3322462728469,1.89529969221339,3,0.0572908046079122,1046.87500163216,381.79171610065,0,0,0,0,1,1,114.566581273817,38.183535392501
260.737863050806,3,10,42,67.3322462728469,2.24581425162953,1,0.0572908046079122,1046.87500163216,381.79171610065,0,0,0,42.5518297536393,1,1,114.566581273817,38.183535392501
0,3,20,37,776.237130225806,2.34461984948884,1,0.0222076620996459,767.300008502129,66.4125114504745,0.845505449674623,0,13525.4736539931,0,84291451407.4676,3,111.011032161528,35.3472620645074
20.7941078280833,1,10,42,67.3322462728469,2.28922182665779,1,0.0572908046079122,1046.87500163216,381.79171610065,0.845505449674623,0.845505449674623,6884.58707125752,0,1,1,114.566581273817,38.183535392501
257.007409537447,3,10,42,67.3322462728469,2.46993244315439,2,0.0572908046079122,1046.87500163216,381.79171610065,0,0,0,0,1,1,114.566581273817,38.183535392501
101.367888907348,2,10,42,67.3322462728469,1.72251466378708,3,0.0572908046079122,1046.87500163216,381.79171610065,0,0,0,0,1,1,114.566581273817,38.183535392501
43.7432510276849,2,10,42,67.3322462728469,2.42335155043255,2,0.0572908046079122,1046.87500163216,381.79171610065,0,0,0,0,1,1,114.566581273817,38.183535392501
262.768559366597,3,10,42,67.3322462728469,2.39742531548189,1,0.0572908046079122,1046.87500163216,381.79171610065,0,0,0,0,1,1,114.566581273817,38.183535392501
6.63795059613576,2,10,42,67.3322462728469,1.8262500740385,4,0.0572908046079122,1046.87500163216,381.79171610065,0,0,0,0,1,1,114.566581273817,38.183535392501
264.378729801058,3,10,42,67.3322462728469,2.34215218212335,2,0.0572908046079122,1046.87500163216,381.79171610065,0,0,0,0,1,1,114.566581273817,38.183535392501
236.54999865993,3,10,42,67.3322462728469,2.46511938193506,1,0.0572908046079122,1046.87500163216,381.79171610065,0,0,0,0,1,1,114.566581273817,38.183535392501
104.44188257823,2,10,42,67.3322462728469,2.48395414262578,1,0.0572908046079122,1046.87500163216,381.79171610065,0,0,0,0,1,1,114.566581273817,38.183535392501
7.0150769841976,2,10,42,67.3322462728469,2.50113141053096,1,0.0572908046079122,1046.87500163216,381.79171610065,0,0,0,0,1,1,114.566581273817,38.183535392501
101.291012988086,2,10,42,67.3322462728469,2.24540672550761,2,0.0572908046079122,1046.87500163216,381.79171610065,0,0,0,0,1,1,114.566581273817,38.183535392501
267.957125363556,3,10,42,67.3322462728469,1.68806718113599,4,0.0572908046079122,1046.87500163216,381.79171610065,0,0,0,0,1,1,114.566581273817,38.183535392501
9.14205146531749,2,10,42,67.3322462728469,2.37809247191231,3,0.0572908046079122,1046.87500163216,381.79171610065,0,0,0,0,1,1,114.566581273817,38.183535392501
33.4287233046565,2,10,42,67.3322462728469,2.36222374396633,3,0.0572908046079122,1046.87500163216,381.79171610065,0,0,0,0,1,1,114.566581273817,38.183535392501
264.945817801097,3,10,42,67.3322462728469,2.35293736753428,3,0.0572908046079122,1046.87500163216,381.79171610065,0,0,0,0,1,1,114.566581273817,38.183535392501
6.54071226426451,2,10,42,67.3322462728469,2.5629085392292,1,0.0572908046079122,1046.87500163216,381.79171610065,0,0,0,0,1,1,114.566581273817,38.183535392501
220.49544218545,3,10,42,67.3322462728469,2.10214523981729,2,0.0572908046079122,1046.87500163216,381.79171610065,0,0,0,0,1,1,114.566581273817,38.183535392501
42.9480781198645,2,10,42,67.3322462728469,2.57278043878784,1,0.0572908046079122,1046.87500163216,381.79171610065,0,0,0,0,1,1,114.566581273817,38.183535392501
257.204321525932,3,10,42,67.3322462728469,2.00957544273305,2,0.0572908046079122,1046.87500163216,381.79171610065,0,0,0,0,1,1,114.566581273817,38.183535392501
260.271932487603,3,10,42,67.3322462728469,2.18394629865755,3,0.0572908046079122,1046.87500163216,381.79171610065,0,0,0,0,1,1,114.566581273817,38.183535392501
223.114183498458,2,10,42,67.3322462728469,2.15993937531209,3,0.0572908046079122,1046.87500163216,381.79171610065,0,0,0,0,1,1,114.566581273817,38.183535392501
224.223989160031,2,10,42,67.3322462728469,1.93623825747916,2,0.0572908046079122,1046.87500163216,381.79171610065,0,0,0,0,1,1,114.566581273817,38.183535392501
265.025080792162,3,10,42,67.3322462728469,1.89433039481211,2,0.0572908046079122,1046.87500163216,381.79171610065,0,0,0,20.0379803359692,1,1,114.566581273817,38.183535392501
20.2180482092504,1,19,37,146.9026836889,2.55499654575268,1,0.0286083866235577,790.108529585906,96.8688143248958,0.837330348812267,0,6041.07293647991,0,76709864065.4247,3,111.297151033947,35.6211621766211
9.47277448814272,2,10,42,67.3322462728469,1.98716574331632,3,0.0572908046079122,1046.87500163216,381.79171610065,0.837330348812267,0.837330348812267,2464.92356545343,0,1,1,114.566581273817,38.183535392501
230.703880058262,2,10,42,67.3322462728469,1.77656297472785,2,0.0572908046079122,1046.87500163216,381.79171610065,0,0,0,0,1,1,114.566581273817,38.183535392501
250.369318904242,3,10,42,67.3322462728469,2.4631065791843,1,0.0572908046079122,1046.87500163216,381.79171610065,0,0,0,0,1,1,114.566581273817,38.183535392501
254.412789294914,3,10,42,67.3322462728469,2.45505857950408,1,0.0572908046079122,1046.87500163216,381.79171610065,0,0,0,0,1,1,114.566581273817,38.183535392501
98.4310573752931,2,10,42,67.3322462728469,2.44503687581458,1,0.0572908046079122,1046.87500163216,381.79171610065,0,0,0,0,1,1,114.566581273817,38.183535392501
265.65950669784,3,10,42,67.3322462728469,2.41964833057389,1,0.0572908046079122,1046.87500163216,381.79171610065,0,0,0,0,1,1,114.566581273817,38.183535392501
44.0466939445507,2,10,42,67.3322462728469,2.40481542271429,1,0.0572908046079122,1046.87500163216,381.79171610065,0,0,0,0,1,1,114.566581273817,38.183535392501
101.737229256597,2,10,42,67.3322462728469,1.68034288253612,2,0.0572908046079122,1046.87500163216,381.79171610065,0,0,0,0,1,1,114.566581273817,38.183535392501
261.256844748036,3,10,42,67.3322462728469,2.37469747965905,1,0.0572908046079122,1046.87500163216,381.79171610065,0,0,0,0,1,1,114.566581273817,38.183535392501
257.891885221499,3,10,42,67.3322462728469,1.62630101830167,2,0.0572908046079122,1046.87500163216,381.79171610065,0,0,0,0,1,1,114.566581273817,38.183535392501
221.880295296556,2,10,42,67.3322462728469,2.31918641623053,1,0.0572908046079122,1046.87500163216,381.79171610065,0,0,0,0,1,1,114.566581273817,38.183535392501
98.9483336402142,2,10,42,67.3322462728469,2.28595116550366,1,0.0572908046079122,1046.87500163216,381.79171610065,0,0,0,0,1,1,114.566581273817,38.183535392501
100.705000351833,2,10,42,67.3322462728469,1.62550974895404,8,0.0572908046079122,1046.87500163216,381.79171610065,0,0,0,0,1,1,114.566581273817,38.183535392501
226.225361330804,2,10,42,67.3322462728469,1.73139883291852,3,0.0572908046079122,1046.87500163216,381.79171610065,0,0,0,0,1,1,114.566581273817,38.183535392501
221.615000739908,2,10,42,67.3322462728469,2.18572374591645,1,0.0572908046079122,1046.87500163216,381.79171610065,0,0,0,0,1,1,114.566581273817,38.183535392501
20.4956223335174,1,10,42,67.3322462728469,1.73071943617018,8,0.0572908046079122,1046.87500163216,381.79171610065,0,0,0,0,1,1,114.566581273817,38.183535392501
255.874708696166,3,10,42,67.3322462728469,1.59338841503744,3,0.0572908046079122,1046.87500163216,381.79171610065,0,0,0,0,1,1,114.566581273817,38.183535392501
255.854840561208,3,10,42,67.3322462728469,2.30656925105024,2,0.0572908046079122,1046.87500163216,381.79171610065,0,0,0,0,1,1,114.566581273817,38.183535392501
298.40454025573,3,10,42,67.3322462728469,2.10882109124599,1,0.0572908046079122,1046.87500163216,381.79171610065,0,0,0,0,1,1,114.566581273817,38.183535392501
257.697635822298,3,10,42,67.3322462728469,2.28910668769982,2,0.0572908046079122,1046.87500163216,381.79171610065,0,0,0,28.3944332656947,1,1,114.566581273817,38.183535392501
20.9744635637581,1,18,37,374.512220143176,2.22829772602182,2,0.0286083866235577,809.332941909095,114.597629013148,0.844078298655533,0,3224.92610456488,10.3217508917413,71503541258.3186,3,111.530947654714,35.7806012375858
277.240918692449,3,10,42,67.3322462728469,2.21349921353175,2,0.0572908046079122,1046.87500163216,381.79171610065,0.844078298655533,0.844078298655533,7344.32323264735,0,1,1,114.566581273817,38.183535392501
11.7607665073612,2,10,42,67.3322462728469,1.8928627200946,8,0.0572908046079122,1046.87500163216,381.79171610065,0,0,0,0,1,1,114.566581273817,38.183535392501
270.759733880369,3,10,42,67.3322462728469,1.93025910940948,8,0.0572908046079122,1046.87500163216,381.79171610065,0,0,0,0,1,1,114.566581273817,38.183535392501
30.0393917888299,2,10,42,67.3322462728469,1.94248551627318,8,0.0572908046079122,1046.87500163216,381.79171610065,0,1.22269265142748,0,0.999408521319268,1,1,114.566581273817,38.183535392501
102.504115590652,2,10,42,3.5019432108486,2.11914462566513,2,0.0572908046079122,1044.55664612334,388.18046518541,-1.22269265142748,0,87.8169951364338,0.425068857869276,1,1,114.54904485522,38.2409907933682
218.55800266971,2,10,42,4.66141481065742,1.90967746817416,1,0.0572908046079122,1043.53876452004,390.985466461824,-1.22269265142749,0,206.246896588447,99.5913829131165,1.0136633934229,1,114.541332552,38.2662167758933
22.4068825824854,1,17,38,315.976961955494,2.07247054082297,8,0.0286083866235577,833.3231788198,136.721502417805,0.879949230944147,0,5393.43771502387,6.62206632126623,79.6570569189823,3,111.824019575432,35.97956601118
99.3328247809717,2,10,42,102.290130306733,2.04360555154903,8,0.0520637416981083,1040.69477525485,398.822717369154,0.90145108842823,0.90145108842823,6851.66806738076,0,1,1,114.519742503915,38.336698866613
31.1214471006732,1,10,42,102.290130306733,2.0661725018287,8,0.0520637416981083,1040.69477525485,398.822717369154,0,0,0,0,1,1,114.519742503915,38.336698866613
260.213572825453,3,10,42,102.290130306733,1.78408552384719,1,0.0520637416981083,1040.69477525485,398.822717369154,0,0,0,0,1,1,114.519742503915,38.336698866613
247.678353926657,3,10,42,102.290130306733,1.91795892917114,2,0.0520637416981083,1040.69477525485,398.822717369154,0,0,0,0,1,1,114.519742503915,38.336698866613
4.15849977023129,2,10,42,102.290130306733,1.69595249257984,1,0.0520637416981083,1040.69477525485,398.822717369154,0,0,0,0,1,1,114.519742503915,38.336698866613
39.7398704187274,2,10,42,102.290130306733,2.28611140302339,8,0.0520637416981083,1040.69477525485,398.822717369154,0,0,0,0,1,1,114.519742503915,38.336698866613
276.943049873328,3,10,42,102.290130306733,1.5894384512864,1,0.0520637416981083,1040.69477525485,398.822717369154,0,0,0,0,1,1,114.519742503915,38.336698866613
280.574080741364,3,10,42,102.290130306733,1.76883007007553,2,0.0520637416981083,1040.69477525485,398.822717369154,0,0,0,0,1,1,114.519742503915,38.336698866613
226.138671265422,2,10,42,102.290130306733,1.81702974676092,6,0.0520637416981083,1040.69477525485,398.822717369154,0,0,0,0,1,1,114.519742503915,38.336698866613
249.861849108043,3,10,42,102.290130306733,2.22727445687354,8,0.0520637416981083,1040.69477525485,398.822717369154,0,0,0,6.41346460131912,1,1,114.519742503915,38.336698866613
16.8575016512071,1,16,39,187.768550584258,2.16658306738205,8,0.0286083866235577,899.774658833371,198.003270365512,0.95891328205595,0,2484.03655085845,23.5004058019563,49066049161.1422,3,112.643439633675,36.5306861908227
457.452059203185,2,10,42,102.290130306733,1.93127507099738,6,0.0520637416981083,1040.69477525485,398.822717369154,0.95891328205595,0,10839.508288087,0,48.0380948169957,1,114.519742503915,38.336698866613
13.3152220516015,1,15,39,459.418676915624,2.12207111301953,8,0.0286083866235577,907.133650064582,204.789755675819,0.96793714073442,0,3159.04339065677,29.1775094819592,47111512132.6313,3,112.734873596353,36.5917185195008
4.97600616064828,2,10,42,102.290130306733,2.12101555680136,8,0.0520637416981083,1040.69477525485,398.822717369154,0.96793714073442,0,10991.3950223079,152.740063674654,143.627206980875,1,114.519742503915,38.336698866613
21.0190874940311,1,15,39,471.852737451077,2.61283506509096,7,0.0286083866235577,909.528689809275,206.998469008161,0.971037638198189,0,22775.5840420066,0,46476266730.6119,3,112.764661129928,36.6115819557114
265.875826384674,3,10,42,102.290130306733,2.56539696217857,7,0.0520637416981083,1040.69477525485,398.822717369154,0.971037638198189,0.971037638198189,791.552903936548,0,1,1,114.519742503915,38.336698866613
281.127482163972,3,10,42,102.290130306733,1.95617534927945,8,0.0520637416981083,1040.69477525485,398.822717369154,0,0,0,0,1,1,114.519742503915,38.336698866613
460.733670820646,2,10,42,102.290130306733,2.55666967082986,7,0.0520637416981083,1040.69477525485,398.822717369154,0,0,0,0,1,1,114.519742503915,38.336698866613
217.730433053794,3,10,42,102.290130306733,2.19484669224455,6,0.0520637416981083,1040.69477525485,398.822717369154,0,0,0,0,1,1,114.519742503915,38.336698866613
239.51083112171,3,10,42,102.290130306733,2.53671295442759,7,0.0520637416981083,1040.69477525485,398.822717369154,0,0,0,0,1,1,114.519742503915,38.336698866613
244.928512052492,3,10,42,102.290130306733,2.50422050794885,7,0.0520637416981083,1040.69477525485,398.822717369154,0,0,0,0,1,1,114.519742503915,38.336698866613
220.401548428784,2,10,42,102.290130306733,2.27683859185472,6,0.0520637416981083,1040.69477525485,398.822717369154,0,0,0,0,1,1,114.519742503915,38.336698866613
42.227033757193,2,10,42,102.290130306733,1.79021915146992,8,0.0520637416981083,1040.69477525485,398.822717369154,0,0,0,0,1,1,114.519742503915,38.336698866613
268.418432191493,3,10,42,102.290130306733,2.31045886214575,6,0.0520637416981083,1040.69477525485,398.822717369154,0,0,0,0,1,1,114.519742503915,38.336698866613
272.802588424853,3,10,42,102.290130306733,1.76328344603745,8,0.0520637416981083,1040.69477525485,398.822717369154,0,0,0,0,1,1,114.519742503915,38.336698866613
264.691943824285,3,10,42,102.290130306733,1.65757048002349,8,0.0520637416981083,1040.69477525485,398.822717369154,0,0,0,0,1,1,114.519742503915,38.336698866613
299.422083628328,3,10,42,102.290130306733,2.35158102941531,7,0.0520637416981083,1040.69477525485,398.822717369154,0,0,0,0,1,1,114.519742503915,38.336698866613
110.167405741736,2,10,42,102.290130306733,2.44501152327322,6,0.0520637416981083,1040.69477525485,398.822717369154,0,0,0,0,1,1,114.519742503915,38.336698866613
23.2642337106637,1,10,42,102.290130306733,2.32964710925663,7,0.0520637416981083,1040.69477525485,398.822717369154,0,0,0,0,1,1,114.519742503915,38.336698866613
238.149552550673,3,10,42,102.290130306733,2.47251894991205,6,0.0520637416981083,1040.69477525485,398.822717369154,0,0,0,0,1,1,114.519742503915,38.336698866613
266.108185412552,3,10,42,102.290130306733,1.58038900925196,8,0.0520637416981083,1040.69477525485,398.822717369154,0,0,0,0,1,1,114.519742503915,38.336698866613
262.427456952865,3,10,42,102.290130306733,2.28558086909622,7,0.0520637416981083,1040.69477525485,398.822717369154,0,0,0,0,1,1,114.519742503915,38.336698866613
460.318150260845,2,10,42,102.290130306733,2.27720011247447,7,0.0520637416981083,1040.69477525485,398.822717369154,0,0,0,0,1,1,114.519742503915,38.336698866613
246.353467525837,3,10,42,102.290130306733,2.43744751374598,8,0.0520637416981083,1040.69477525485,398.822717369154,0,0,0,0,1,1,114.519742503915,38.336698866613
261.516065057791,3,10,42,102.290130306733,2.5435207821807,6,0.0520637416981083,1040.69477525485,398.822717369154,0,0,0,0,1,1,114.519742503915,38.336698866613
233.422805550322,2,10,42,102.290130306733,2.55540898578693,6,0.0520637416981083,1040.69477525485,398.822717369154,0,0,0,0,1,1,114.519742503915,38.336698866613
221.66879288572,2,10,42,102.290130306733,2.56490643195818,6,0.0520637416981083,1040.69477525485,398.822717369154,0,0,0,0,1,1,114.519742503915,38.336698866613
221.767863332587,2,10,42,102.290130306733,2.29870917146024,8,0.0520637416981083,1040.69477525485,398.822717369154,0,0,0,0,1,1,114.519742503915,38.336698866613
224.636181516888,2,10,42,102.290130306733,2.57437833510097,6,0.0520637416981083,1040.69477525485,398.822717369154,0,0,0,0,1,1,114.519742503915,38.336698866613
37.6392096894783,2,10,42,102.290130306733,2.57517932114267,6,0.0520637416981083,1040.69477525485,398.822717369154,0,0,0,0,1,1,114.519742503915,38.336698866613
225.330176799267,2,10,42,102.290130306733,2.05581574107471,5,0.0520637416981083,1040.69477525485,398.822717369154,0,0,0,0,1,1,114.519742503915,38.336698866613
20.7057492908216,1,10,42,102.290130306733,2.57513558003332,6,0.0520637416981083,1040.69477525485,398.822717369154,0,0,0,0,1,1,114.519742503915,38.336698866613
254.287552006551,3,10,42,102.290130306733,2.22690477054423,8,0.0520637416981083,1040.69477525485,398.822717369154,0,0,0,30.6059222221045,1,1,114.519742503915,38.336698866613
0,3,13,41,654.492814999228,1.99981020194029,7,0.0466078022555077,1014.5748010256,303.872329606197,1.3023457400037,0,2971.69256971014,22.6191752800085,19695511356.7251,3,114.08546463759,37.4827895145571
258.026160422252,3,10,42,102.290130306733,2.00205068555256,7,0.0520637416981083,1040.69477525485,398.822717369154,1.3023457400037,1.3023457400037,5670.13187216838,0,1,1,114.519742503915,38.336698866613
210.942020363057,3,10,42,102.290130306733,1.95761221444632,7,0.0520637416981083,1040.69477525485,398.822717369154,0,0,0,0,1,1,114.519742503915,38.336698866613
286.010071973463,3,10,42,102.290130306733,2.14929451279843,8,0.0520637416981083,1040.69477525485,398.822717369154,0,0,0,0,1,1,114.519742503915,38.336698866613
13.600555642554,2,10,42,102.290130306733,2.12949220605738,8,0.0520637416981083,1040.69477525485,398.822717369154,0,0,0,0,1,1,114.519742503915,38.336698866613
219.434556344276,2,10,42,102.290130306733,1.90008424796334,7,0.0520637416981083,1040.69477525485,398.822717369154,0,0,0,0,1,1,114.519742503915,38.336698866613
27.3628511400124,2,10,42,102.290130306733,2.26624294330282,5,0.0520637416981083,1040.69477525485,398.822717369154,0,0,0,0,1,1,114.519742503915,38.336698866613
258.038938661139,3,10,42,102.290130306733,2.30481881806912,5,0.0520637416981083,1040.69477525485,398.822717369154,0,0,0,0,1,1,114.519742503915,38.336698866613
17.2271139141184,2,10,42,102.290130306733,2.33729819749265,5,0.0520637416981083,1040.69477525485,398.822717369154,0,0,0,0,1,1,114.519742503915,38.336698866613
7.11434883529567,2,10,42,102.290130306733,2.44301482290965,6,0.0520637416981083,1040.69477525485,398.822717369154,0,0,0,0,1,1,114.519742503915,38.336698866613
255.412664401271,3,10,42,102.290130306733,2.36782049220231,5,0.0520637416981083,1040.69477525485,398.822717369154,0,0,0,0,1,1,114.519742503915,38.336698866613
263.517533401822,3,10,42,102.290130306733,2.36744570336714,6,0.0520637416981083,1040.69477525485,398.822717369154,0,0,0,0,1,1,114.519742503915,38.336698866613
11.8526328637821,2,10,42,102.290130306733,2.29536864250355,6,0.0520637416981083,1040.69477525485,398.822717369154,0,0,0,0,1,1,114.519742503915,38.336698866613
256.575560679339,3,10,42,102.290130306733,2.50082053366038,5,0.0520637416981083,1040.69477525485,398.822717369154,0,0,0,0,1,1,114.519742503915,38.336698866613
95.5820871103102,2,10,42,102.290130306733,2.17592887500716,6,0.0520637416981083,1040.69477525485,398.822717369154,0,0,0,0,1,1,114.519742503915,38.336698866613
275.642902759285,3,10,42,102.290130306733,1.98029676907103,4,0.0520637416981083,1040.69477525485,398.822717369154,0,0,0,0,1,1,114.519742503915,38.336698866613
221.137638046969,2,10,42,102.290130306733,2.28514309374959,7,0.0520637416981083,1040.69477525485,398.822717369154,0,0,0,0,1,1,114.519742503915,38.336698866613
19.1672149028586,1,10,42,102.290130306733,2.07099551503664,6,0.0520637416981083,1040.69477525485,398.822717369154,0,0,0,28.8726054548706,1,1,114.519742503915,38.336698866613
20.7735687479342,1,13,41,654.492814999228,2.04732528948096,6,0.0466078022555077,1014.5748010256,303.872329606197,1.3023457400037,0,3729.14755174248,0,19695511356.7251,3,114.08546463759,37.4827895145571
266.568099583175,3,10,42,102.290130306733,2.07516350886467,4,0.0520637416981083,1040.69477525485,398.822717369154,1.3023457400037,1.3023457400037,1529.1747857898,0,1,1,114.519742503915,38.336698866613
247.826893234312,3,10,42,102.290130306733,2.56175431718383,5,0.0520637416981083,1040.69477525485,398.822717369154,0,0,0,0,1,1,114.519742503915,38.336698866613
258.85410851439,3,10,42,102.290130306733,2.53092778669435,5,0.0520637416981083,1040.69477525485,398.822717369154,0,0,0,0,1,1,114.519742503915,38.336698866613
257.573169098915,3,10,42,102.290130306733,2.24192578701107,4,0.0520637416981083,1040.69477525485,398.822717369154,0,0,0,0,1,1,114.519742503915,38.336698866613
220.291537884996,2,10,42,102.290130306733,2.49789864043495,5,0.0520637416981083,1040.69477525485,398.822717369154,0,0,0,0,1,1,114.519742503915,38.336698866613
95.2359715209968,2,10,42,102.290130306733,1.97867324917172,7,0.0520637416981083,1040.69477525485,398.822717369154,0,0,0,0,1,1,114.519742503915,38.336698866613
256.781721531765,3,10,42,102.290130306733,2.44215990410341,5,0.0520637416981083,1040.69477525485,398.822717369154,0,0,0,0,1,1,114.519742503915,38.336698866613
244.575709618849,3,10,42,102.290130306733,2.3977031714706,4,0.0520637416981083,1040.69477525485,398.822717369154,0,0,0,0,1,1,114.519742503915,38.336698866613
8.42524711981146,2,10,42,102.290130306733,2.34974202414671,5,0.0520637416981083,1040.69477525485,398.822717369154,0,0,0,2.13620984904018,1,1,114.519742503915,38.336698866613
5.93709529032727,1,13,41,654.492814999228,2.50339184788876,4,0.0466078022555077,1014.5748010256,303.872329606197,1.3023457400037,0,916.823774316827,13.1384222654188,19695511356.7251,3,114.08546463759,37.4827895145571
258.454043280299,3,10,42,102.290130306733,2.46240158464205,6,0.0520637416981083,1040.69477525485,398.822717369154,1.3023457400037,1.3023457400037,5997.2145095537,0,1,1,114.519742503915,38.336698866613
267.081959543965,3,10,42,102.290130306733,2.25117333776086,5,0.0520637416981083,1040.69477525485,398.822717369154,0,0,0,1.96573830501591,1,1,114.519742503915,38.336698866613
24.0388672729018,1,13,41,654.492814999228,2.56899379718316,4,0.0466078022555077,1014.5748010256,303.872329606197,1.3023457400037,1.3023457400037,644.909533162019,0,1,3,114.08546463759,37.4827895145571
0,3,13,41,654.492814999228,2.5729977768384,4,0.0466078022555077,1014.5748010256,303.872329606197,0,0,0,33.3890680917051,1,3,114.08546463759,37.4827895145571
261.704160673014,3,10,42,102.290130306733,2.34043831320289,6,0.0520637416981083,1040.69477525485,398.822717369154,1.3023457400037,1.3023457400037,2973.22072972582,0,1,1,114.519742503915,38.336698866613
216.853734200217,2,10,42,102.290130306733,2.56976714196495,4,0.0520637416981083,1040.69477525485,398.822717369154,0,0,0,0,1,1,114.519742503915,38.336698866613
20.3918985169982,1,10,42,102.290130306733,2.26548353035024,6,0.0520637416981083,1040.69477525485,398.822717369154,0,1.22269265142751,0,0.351228100985992,1,1,114.519742503915,38.336698866613
219.215252965383,2,10,42,26.6922682648384,2.24345739523914,6,0.0520637416981083,1042.41269018206,394.088617108381,-1.22269265142751,0,108.27179676531,0.472722302784271,1,1,114.532791334622,38.294124080122
260.492779583924,3,10,42,15.8647768046162,2.0213487156911,5,0.0520637416981083,1045.3924517346,385.877215181847,-1.22269265142748,0,187.429470113206,0,1,1,114.555371725107,38.2202771684479
250.598797820902,3,10,42,67.3322462728469,2.13110481959099,3,0.0287338545013641,1046.87500163216,381.79171610065,-1.22269265142747,0,41.7460354318801,0,1,1,114.566581273817,38.183535392501
250.925654053171,3,10,42,67.3322462728469,2.16130789562669,3,0.0287338545013641,1046.87500163216,381.79171610065,0,0,0,0,1,1,114.566581273817,38.183535392501
7.19696974369446,2,10,42,67.3322462728469,2.51383921621535,4,0.0287338545013641,1046.87500163216,381.79171610065,0,0,0,0,1,1,114.566581273817,38.183535392501
4.41453329311772,2,10,42,67.3322462728469,2.46288493638591,4,0.0287338545013641,1046.87500163216,381.79171610065,0,0,0,0,1,1,114.566581273817,38.183535392501
299.284773417161,3,10,42,67.3322462728469,2.33330305176783,3,0.0287338545013641,1046.87500163216,381.79171610065,0,0,0,0,1,1,114.566581273817,38.183535392501
100.981186325012,2,10,42,67.3322462728469,2.34255305505879,3,0.0287338545013641,1046.87500163216,381.79171610065,0,0,0,0,1,1,114.566581273817,38.183535392501
7.14223844902521,2,10,42,67.3322462728469,1.88043381101927,6,0.0287338545013641,1046.87500163216,381.79171610065,0,0,0,0,1,1,114.566581273817,38.183535392501
245.674495899895,3,10,42,67.3322462728469,2.37551555738802,4,0.0287338545013641,1046.87500163216,381.79171610065,0,0,0,0,1,1,114.566581273817,38.183535392501
258.794391442031,3,10,42,67.3322462728469,2.43770312314013,3,0.0287338545013641,1046.87500163216,381.79171610065,0,0,0,0,1,1,114.566581273817,38.183535392501
239.289035906066,3,10,42,67.3322462728469,2.45998196235541,3,0.0287338545013641,1046.87500163216,381.79171610065,0,0,0,0,1,1,114.566581273817,38.183535392501
262.125743117731,3,10,42,67.3322462728469,1.79285048449696,2,0.0287338545013641,1046.87500163216,381.79171610065,0,0,0,0,1,1,114.566581273817,38.183535392501
290.181235632382,3,10,42,67.3322462728469,2.27184966051,4,0.0287338545013641,1046.87500163216,381.79171610065,0,0,0,0,1,1,114.566581273817,38.183535392501
212.19718688085,2,10,42,67.3322462728469,2.25852175642722,4,0.0287338545013641,1046.87500163216,381.79171610065,0,0,0,0,1,1,114.566581273817,38.183535392501
256.458186567601,3,10,42,67.3322462728469,1.90624542703032,2,0.0287338545013641,1046.87500163216,381.79171610065,0,0,0,0,1,1,114.566581273817,38.183535392501
10.4012904621857,2,10,42,67.3322462728469,2.36323650145278,5,0.0287338545013641,1046.87500163216,381.79171610065,0,0,0,0,1,1,114.566581273817,38.183535392501
250.097855108982,3,10,42,67.3322462728469,2.56175270464249,3,0.0287338545013641,1046.87500163216,381.79171610065,0,0,0,0,1,1,114.566581273817,38.183535392501
236.320894621121,3,10,42,67.3322462728469,2.56360810048244,3,0.0287338545013641,1046.87500163216,381.79171610065,0,0,0,0,1,1,114.566581273817,38.183535392501
269.351076376694,3,10,42,67.3322462728469,2.56588926280207,3,0.0287338545013641,1046.87500163216,381.79171610065,0,0,0,0,1,1,114.566581273817,38.183535392501
100.515297703525,2,10,42,67.3322462728469,2.57326611534684,3,0.0287338545013641,1046.87500163216,381.79171610065,0,0,0,0,1,1,114.566581273817,38.183535392501
249.485289756118,3,10,42,67.3322462728469,2.08648735519278,2,0.0287338545013641,1046.87500163216,381.79171610065,0,0,0,0,1,1,114.566581273817,38.183535392501
22.076207416357,1,10,42,67.3322462728469,2.57144749754397,3,0.0287338545013641,1046.87500163216,381.79171610065,0,0,0,0,1,1,114.566581273817,38.183535392501
248.530889397818,3,10,42,67.3322462728469,1.95778873782176,4,0.0287338545013641,1046.87500163216,381.79171610065,0,0.278931531251077,0,0.170548248602503,1,1,114.566581273817,38.183535392501
458.136869252154,2,10,42,65.9050869826137,2.20949975192395,2,0.0287338545013641,1040.03583097215,383.750439961471,-0.278931531251077,0,51.7698026361675,0.104449908425191,1,1,114.490555057056,38.2011506193817
260.89726217141,3,10,42,75.239329216353,1.88341450285408,4,0.0287338545013641,1038.92389797765,384.06889519475,-0.278931531251038,0,103.441876204927,0,1,1,114.478191000154,38.2040145560998
252.258532180654,3,10,42,269.89067920881,2.50911127223056,3,0.0287338545013641,1029.23221726677,386.84457183795,-0.27893153125107,0,103.441876204911,0,1,1,114.370383795424,38.2289768158625
102.59663274384,2,10,41,437.797208597368,1.76776557329141,4,0.0287338545013641,1015.28792963341,390.83818601537,-0.278931531251072,0,103.441876204911,0,1,1,114.215142003152,38.2648922510171
272.919326800796,3,10,41,208.617733939589,1.93646787717821,5,0.0287338545013641,1008.53416576645,392.772449553188,-0.278931531251073,0,103.441876204913,0,1,1,114.139897224773,38.2822875009281
218.598909893898,2,10,41,94.5479992710944,2.38899074750494,2,0.0287338545013641,1003.00975828887,394.35462804838,-0.278931531251067,0,103.441876204911,0,1,1,114.07832216601,38.2965163739795
268.921072662583,3,10,41,634.651802517981,1.84566159644789,1,0.0760748663356877,972.88262838317,402.982973667739,-0.278931531251073,0,84.5700476115397,0,1,1,113.742101690285,38.3741129503678
9.44070067725027,2,10,41,634.651802517981,2.23721771178983,3,0.0760748663356877,972.88262838317,402.982973667739,0,0,0,0,1,1,113.742101690285,38.3741129503678
267.477445430681,3,10,41,634.651802517981,2.13541678002302,3,0.0760748663356877,972.88262838317,402.982973667739,0,0,0,0,1,1,113.742101690285,38.3741129503678
246.631627507648,3,10,41,634.651802517981,2.5875941669179,2,0.0760748663356877,972.88262838317,402.982973667739,0,0,0,0,1,1,113.742101690285,38.3741129503678
14.2730998223016,2,10,41,634.651802517981,2.06867179503008,1,0.0760748663356877,972.88262838317,402.982973667739,0,0,0,0,1,1,113.742101690285,38.3741129503678
95.3921935821859,2,10,41,634.651802517981,2.2322168588454,4,0.0760748663356877,972.88262838317,402.982973667739,0,0,0,0,1,1,113.742101690285,38.3741129503678
265.218606519563,3,10,41,634.651802517981,2.58501843396698,2,0.0760748663356877,972.88262838317,402.982973667739,0,0,0,0,1,1,113.742101690285,38.3741129503678
258.58653579338,3,10,41,634.651802517981,2.58173318898871,2,0.0760748663356877,972.88262838317,402.982973667739,0,0,0,0,1,1,113.742101690285,38.3741129503678
246.307878905307,3,10,41,634.651802517981,2.57900478930978,2,0.0760748663356877,972.88262838317,402.982973667739,0,0,0,0,1,1,113.742101690285,38.3741129503678
22.0249405585706,1,10,41,634.651802517981,2.1451982521218,1,0.0760748663356877,972.88262838317,402.982973667739,0,0,0,0,1,1,113.742101690285,38.3741129503678
254.718080946142,3,10,41,634.651802517981,2.57560681027771,2,0.0760748663356877,972.88262838317,402.982973667739,0,0,0,0,1,1,113.742101690285,38.3741129503678
103.119579572609,2,10,41,634.651802517981,2.14268874612399,4,0.0760748663356877,972.88262838317,402.982973667739,0,0,0,0,1,1,113.742101690285,38.3741129503678
262.015125015361,3,10,41,634.651802517981,2.53453302133693,2,0.0760748663356877,972.88262838317,402.982973667739,0,0,0,0,1,1,113.742101690285,38.3741129503678
265.726035494012,3,10,41,634.651802517981,2.27644200135862,1,0.0760748663356877,972.88262838317,402.982973667739,0,0,0,0,1,1,113.742101690285,38.3741129503678
98.8438736540647,2,10,41,634.651802517981,2.31881452134658,1,0.0760748663356877,972.88262838317,402.982973667739,0,0,0,0,1,1,113.742101690285,38.3741129503678
14.4558839518964,2,10,41,634.651802517981,1.71050064921035,3,0.0760748663356877,972.88262838317,402.982973667739,0,0,0,0,1,1,113.742101690285,38.3741129503678
98.8441611677221,2,10,41,634.651802517981,1.84547980775463,4,0.0760748663356877,972.88262838317,402.982973667739,0,0,0,0,1,1,113.742101690285,38.3741129503678
220.230630800578,2,10,41,634.651802517981,2.50078096866469,1,0.0760748663356877,972.88262838317,402.982973667739,0,0,0,0,1,1,113.742101690285,38.3741129503678
255.561786216573,3,10,41,634.651802517981,2.24615797591812,2,0.0760748663356877,972.88262838317,402.982973667739,0,0,0,0,1,1,113.742101690285,38.3741129503678
18.0153935933678,1,10,41,634.651802517981,2.37855330974206,3,0.0760748663356877,972.88262838317,402.982973667739,0,0,0,0,1,1,113.742101690285,38.3741129503678
99.2016545308635,2,10,41,634.651802517981,1.60615188487412,4,0.0760748663356877,972.88262838317,402.982973667739,0,0,0,0,1,1,113.742101690285,38.3741129503678
217.379455055916,2,10,41,634.651802517981,2.58021344225277,1,0.0760748663356877,972.88262838317,402.982973667739,0,0.0861932698853123,0,2.00367976919369,1,1,113.742101690285,38.3741129503678
0,3,10,41,302.104911940175,2.30347187145793,3,0.00840908490494906,982.130251609312,402.183910982353,-0.0861932698853123,0,196.353344734526,0,1856416294.99276,3,113.847881971846,38.3669268069933
122.209616412543,2,10,41,634.651802517981,2.58851186969506,1,0.0760748663356877,972.88262838317,402.982973667739,-0.0861932698853123,0,76.4341917351565,0,1,1,113.742101690285,38.3741129503678
257.688266061419,3,10,41,634.651802517981,2.02905629911119,2,0.0760748663356877,972.88262838317,402.982973667739,0,0,0,0,1,1,113.742101690285,38.3741129503678
5.55129275799989,2,10,41,634.651802517981,2.58416532949638,1,0.0760748663356877,972.88262838317,402.982973667739,0,0,0,0,1,1,113.742101690285,38.3741129503678
455.024996235477,2,10,41,634.651802517981,1.94760505999182,2,0.0760748663356877,972.88262838317,402.982973667739,0,0,0,0,1,1,113.742101690285,38.3741129503678
256.620182508947,3,10,41,634.651802517981,1.93698010534029,2,0.0760748663356877,972.88262838317,402.982973667739,0,0,0,0,1,1,113.742101690285,38.3741129503678
241.681229181066,3,10,41,634.651802517981,2.55765412467883,1,0.0760748663356877,972.88262838317,402.982973667739,0,0,0,0,1,1,113.742101690285,38.3741129503678
264.395885153437,3,10,41,634.651802517981,2.5561144910607,1,0.0760748663356877,972.88262838317,402.982973667739,0,0,0,0,1,1,113.742101690285,38.3741129503678
243.17698907525,3,10,41,634.651802517981,2.54419558500405,1,0.0760748663356877,972.88262838317,402.982973667739,0,0,0,0,1,1,113.742101690285,38.3741129503678
20.9711016855312,1,10,41,634.651802517981,2.03157169272072,3,0.0760748663356877,972.88262838317,402.982973667739,0,0,0,0,1,1,113.742101690285,38.3741129503678
221.743133584313,3,10,41,634.651802517981,2.49010922568849,1,0.0760748663356877,972.88262838317,402.982973667739,0,0,0,0,1,1,113.742101690285,38.3741129503678
275.308219391355,3,10,41,634.651802517981,1.90786475147844,3,0.0760748663356877,972.88262838317,402.982973667739,0,0,0,0,1,1,113.742101690285,38.3741129503678
216.333254186355,2,10,41,634.651802517981,1.87821884173038,3,0.0760748663356877,972.88262838317,402.982973667739,0,0,0,0,1,1,113.742101690285,38.3741129503678
102.778422429215,2,10,41,634.651802517981,1.84213945571703,3,0.0760748663356877,972.88262838317,402.982973667739,0,0,0,0,1,1,113.742101690285,38.3741129503678
252.544814357942,3,10,41,634.651802517981,2.32973606324302,1,0.0760748663356877,972.88262838317,402.982973667739,0,0,0,0,1,1,113.742101690285,38.3741129503678
248.307661136556,3,10,41,634.651802517981,1.58732700797159,8,0.0760748663356877,972.88262838317,402.982973667739,0,0,0,0,1,1,113.742101690285,38.3741129503678
9.15583104245017,2,10,41,634.651802517981,1.63162549639256,8,0.0760748663356877,972.88262838317,402.982973667739,0,0,0,0,1,1,113.742101690285,38.3741129503678
214.697393327772,2,10,41,634.651802517981,1.65131395442453,8,0.0760748663356877,972.88262838317,402.982973667739,0,0,0,0,1,1,113.742101690285,38.3741129503678
221.770224462821,3,10,41,634.651802517981,2.2312923857028,1,0.0760748663356877,972.88262838317,402.982973667739,0,0,0,0,1,1,113.742101690285,38.3741129503678
89.2514919163073,2,10,41,634.651802517981,2.38617599781129,2,0.0760748663356877,972.88262838317,402.982973667739,0,0,0,0,1,1,113.742101690285,38.3741129503678
11.2693547875005,2,10,41,634.651802517981,2.17851145650094,1,0.0760748663356877,972.88262838317,402.982973667739,0,0,0,0,1,1,113.742101690285,38.3741129503678
40.1580118898246,2,10,41,634.651802517981,2.34223555352671,2,0.0760748663356877,972.88262838317,402.982973667739,0,0,0,0,1,1,113.742101690285,38.3741129503678
258.038938661139,3,10,41,634.651802517981,2.32938633170542,2,0.0760748663356877,972.88262838317,402.982973667739,0,0,0,0,1,1,113.742101690285,38.3741129503678
252.669693374498,3,10,41,634.651802517981,1.58790564157287,3,0.0760748663356877,972.88262838317,402.982973667739,0,0,0,0,1,1,113.742101690285,38.3741129503678
102.272949532469,2,10,41,634.651802517981,2.31419714458074,2,0.0760748663356877,972.88262838317,402.982973667739,0,0,0,0,1,1,113.742101690285,38.3741129503678
225.557430269421,2,10,41,634.651802517981,2.23199909155255,2,0.0760748663356877,972.88262838317,402.982973667739,0,0,0,0,1,1,113.742101690285,38.3741129503678
267.514671591302,3,10,41,634.651802517981,2.19957250493276,2,0.0760748663356877,972.88262838317,402.982973667739,0,0,0,0,1,1,113.742101690285,38.3741129503678
252.559680808099,3,10,41,634.651802517981,2.18701786701794,2,0.0760748663356877,972.88262838317,402.982973667739,0,0,0,0,1,1,113.742101690285,38.3741129503678
235.081184582359,3,10,41,634.651802517981,2.16452205691735,2,0.0760748663356877,972.88262838317,402.982973667739,0,0,0,0,1,1,113.742101690285,38.3741129503678
11.9076013336557,2,10,41,634.651802517981,2.15257805362739,2,0.0760748663356877,972.88262838317,402.982973667739,0,0,0,0,1,1,113.742101690285,38.3741129503678
252.793475531471,3,10,41,634.651802517981,2.05788818069344,2,0.0760748663356877,972.88262838317,402.982973667739,0,0,0,0,1,1,113.742101690285,38.3741129503678
250.650613598767,3,10,41,634.651802517981,2.01581859464079,2,0.0760748663356877,972.88262838317,402.982973667739,0,0,0,0,1,1,113.742101690285,38.3741129503678
11.8960741190692,2,10,41,634.651802517981,1.78962088812981,1,0.0760748663356877,972.88262838317,402.982973667739,0,0,0,0,1,1,113.742101690285,38.3741129503678
256.370749477588,3,10,41,634.651802517981,1.95585681437394,2,0.0760748663356877,972.88262838317,402.982973667739,0,0,0,0,1,1,113.742101690285,38.3741129503678
264.789674903854,3,10,41,634.651802517981,1.93366893761632,2,0.0760748663356877,972.88262838317,402.982973667739,0,0,0,0,1,1,113.742101690285,38.3741129503678
266.149781289741,3,10,41,634.651802517981,1.89975397272058,2,0.0760748663356877,972.88262838317,402.982973667739,0,0,0,0,1,1,113.742101690285,38.3741129503678
277.125289630582,3,10,41,634.651802517981,1.85968473072394,2,0.0760748663356877,972.88262838317,402.982973667739,0,0,0,0,1,1,113.742101690285,38.3741129503678
235.041702213348,2,10,41,634.651802517981,1.84273612299753,2,0.0760748663356877,972.88262838317,402.982973667739,0,0,0,0,1,1,113.742101690285,38.3741129503678
12.5854254159222,2,10,41,634.651802517981,2.28455665308252,8,0.0760748663356877,972.88262838317,402.982973667739,0,0,0,0,1,1,113.742101690285,38.3741129503678
275.050615606209,3,10,41,634.651802517981,1.81326652304224,6,0.0760748663356877,972.88262838317,402.982973667739,0,0,0,0,1,1,113.742101690285,38.3741129503678
256.884741940847,3,10,41,634.651802517981,2.52695631395713,7,0.0760748663356877,972.88262838317,402.982973667739,0,0,0,0,1,1,113.742101690285,38.3741129503678
264.158132799772,3,10,41,634.651802517981,1.89470826248105,6,0.0760748663356877,972.88262838317,402.982973667739,0,0,0,0,1,1,113.742101690285,38.3741129503678
23.3275246247132,1,10,41,634.651802517981,2.56290963623283,7,0.0760748663356877,972.88262838317,402.982973667739,0,0,0,0,1,1,113.742101690285,38.3741129503678
245.225359792196,3,10,41,634.651802517981,2.17990724210665,8,0.0760748663356877,972.88262838317,402.982973667739,0,0,0,0,1,1,113.742101690285,38.3741129503678
260.431444223943,3,10,41,634.651802517981,2.1382496393362,8,0.0760748663356877,972.88262838317,402.982973667739,0,0,0,0,1,1,113.742101690285,38.3741129503678
98.9334602467757,2,10,41,634.651802517981,2.02175624317256,6,0.0760748663356877,972.88262838317,402.982973667739,0,0,0,0,1,1,113.742101690285,38.3741129503678
102.497188870887,2,10,41,634.651802517981,2.58856949364119,7,0.0760748663356877,972.88262838317,402.982973667739,0,0,0,0,1,1,113.742101690285,38.3741129503678
100.075615375718,2,10,41,634.651802517981,2.0223839664601,8,0.0760748663356877,972.88262838317,402.982973667739,0,0,0,0,1,1,113.742101690285,38.3741129503678
8.05836545601696,2,10,41,634.651802517981,2.1013993689426,6,0.0760748663356877,972.88262838317,402.982973667739,0,0,0,0,1,1,113.742101690285,38.3741129503678
90.8309644025003,2,10,41,634.651802517981,2.14789777518158,6,0.0760748663356877,972.88262838317,402.982973667739,0,0.0612729253429358,0,4.33403668673768,1,1,113.742101690285,38.3741129503678
0,3,10,42,102.290130306733,2.55525970329287,7,0.0675472328134726,1040.69477525485,398.822717369154,-0.0612729253429358,0,1448.43449470729,0,13587928459.9466,3,114.519742503915,38.336698866613
241.565977067663,3,10,41,634.651802517981,2.20271391443867,6,0.0760748663356877,972.88262838317,402.982973667739,-0.0612729253429358,0,1066.3690487878,0,1,1,113.742101690285,38.3741129503678
268.83481634185,3,10,41,634.651802517981,2.52178498651434,7,0.0760748663356877,972.88262838317,402.982973667739,0,0,0,0,1,1,113.742101690285,38.3741129503678
105.653680973177,2,10,41,634.651802517981,2.28187439788432,6,0.0760748663356877,972.88262838317,402.982973667739,0,0,0,0,1,1,113.742101690285,38.3741129503678
265.168858290574,3,10,41,634.651802517981,2.50562825714951,7,0.0760748663356877,972.88262838317,402.982973667739,0,0,0,0,1,1,113.742101690285,38.3741129503678
257.869592447624,3,10,41,634.651802517981,2.2974676246293,6,0.0760748663356877,972.88262838317,402.982973667739,0,0,0,0,1,1,113.742101690285,38.3741129503678
466.528743852534,2,10,41,634.651802517981,2.45730148594399,7,0.0760748663356877,972.88262838317,402.982973667739,0,0,0,0,1,1,113.742101690285,38.3741129503678
230.457934214757,2,10,41,634.651802517981,2.37428851771559,6,0.0760748663356877,972.88262838317,402.982973667739,0,0,0,0,1,1,113.742101690285,38.3741129503678
4.6987246936822,2,10,41,634.651802517981,1.71369645859728,8,0.0760748663356877,972.88262838317,402.982973667739,0,0,0,0,1,1,113.742101690285,38.3741129503678
243.74429860897,3,10,41,634.651802517981,1.6663663320464,5,0.0760748663356877,972.88262838317,402.982973667739,0,0,0,0,1,1,113.742101690285,38.3741129503678
12.8547035071523,2,10,41,634.651802517981,2.36659026281105,7,0.0760748663356877,972.88262838317,402.982973667739,0,0,0,0,1,1,113.742101690285,38.3741129503678
97.0708175665274,2,10,41,634.651802517981,2.35332495553396,7,0.0760748663356877,972.88262838317,402.982973667739,0,0,0,0,1,1,113.742101690285,38.3741129503678
259.481527453485,3,10,41,634.651802517981,2.33707790886469,7,0.0760748663356877,972.88262838317,402.982973667739,0,0,0,0,1,1,113.742101690285,38.3741129503678
97.0305425154241,2,10,41,634.651802517981,2.28617892492113,7,0.0760748663356877,972.88262838317,402.982973667739,0,0,0,0,1,1,113.742101690285,38.3741129503678
100.057784086678,2,10,41,634.651802517981,2.44198047664557,8,0.0760748663356877,972.88262838317,402.982973667739,0,0,0,0,1,1,113.742101690285,38.3741129503678
213.360504551466,2,10,41,634.651802517981,2.4311434558276,8,0.0760748663356877,972.88262838317,402.982973667739,0,0,0,0,1,1,113.742101690285,38.3741129503678
259.720808105274,3,10,41,634.651802517981,2.23384660249384,7,0.0760748663356877,972.88262838317,402.982973667739,0,0,0,0,1,1,113.742101690285,38.3741129503678
46.7367053956475,2,10,41,634.651802517981,2.5504305828328,6,0.0760748663356877,972.88262838317,402.982973667739,0,0,0,0,1,1,113.742101690285,38.3741129503678
20,1,10,41,634.651802517981,1.95579627248285,5,0.0760748663356877,972.88262838317,402.982973667739,0,0,0,0,1,1,113.742101690285,38.3741129503678
217.647783144918,2,10,41,634.651802517981,2.31916074678422,8,0.0760748663356877,972.88262838317,402.982973667739,0,0,0,0.547360266534696,1,1,113.742101690285,38.3741129503678
219.796768902756,2,10,41,639.822412905574,2.05062844528001,5,0.0760748663356877,969.15585590019,388.070809452548,1.32589773071156,0,122.559158990739,0.335131677327262,1,1,113.679144400587,38.2400046356705
244.391136122495,3,11,40,445.424193700443,2.01203656532373,7,0.0760748663356877,963.050473929101,363.640968627775,1.32589773071156,0,273.869518808485,0,1,1,113.57633529259,38.0203017988417
10.6646541410171,2,11,40,297.776417827526,2.59501280509608,6,0.0760748663356877,960.398899525213,353.031060692649,1.32589773071156,0,273.869518808485,0,1,1,113.53181306548,37.9248846044131
9.05324127541933,2,12,40,416.976082187888,2.58606939585541,6,0.0760748663356877,956.559197022708,337.667022636576,1.32589773071156,1.39318298970648,273.869518808485,0,1.25973895541634,1,113.467478416555,37.7867124906332
220.611489351544,2,12,40,286.125089741548,2.12967921873529,8,0.0318788026064681,948.395133596948,338.217174244225,-0.0672852589949143,1.36802569696943,125.019382520901,6.35347510607689,1.38389797106658,3,113.374591107369,37.7916601229061
261.189234382921,3,12,40,91.3794187267963,2.57147024308405,6,0.0760748663356877,951.325139513666,316.723666034306,-1.43531095596434,0,1622.03623225878,0,1.01027153742749,1,113.380042765617,37.5983643597044
458.563136887955,2,12,40,140.328677686457,2.23852966009426,5,0.0755524557120407,950.243052159754,312.393843274688,1.32589773071157,1.32589773071157,59.0134013548216,0,1,1,113.362003990311,37.5594253281292
242.873084300113,3,12,40,140.328677686457,2.28854774335878,5,0.0755524557120407,950.243052159754,312.393843274688,0,0,0,0,1,1,113.362003990311,37.5594253281292
271.409758405609,3,12,40,140.328677686457,2.51063686196516,6,0.0755524557120407,950.243052159754,312.393843274688,0,0,0,0,1,1,113.362003990311,37.5594253281292
263.578242703074,3,12,40,140.328677686457,2.5010429205979,6,0.0755524557120407,950.243052159754,312.393843274688,0,0,0,0,1,1,113.362003990311,37.5594253281292
7.30708126409148,2,12,40,140.328677686457,2.47019026661394,6,0.0755524557120407,950.243052159754,312.393843274688,0,0,0,0,1,1,113.362003990311,37.5594253281292
11.0245499115641,2,12,40,140.328677686457,2.43429930621858,6,0.0755524557120407,950.243052159754,312.393843274688,0,0,0,0,1,1,113.362003990311,37.5594253281292
255.977924330411,3,12,40,140.328677686457,2.42222317749931,6,0.0755524557120407,950.243052159754,312.393843274688,0,0,0,0,1,1,113.362003990311,37.5594253281292
223.987924481257,3,12,40,140.328677686457,1.72623245211481,4,0.0755524557120407,950.243052159754,312.393843274688,0,0,0,0,1,1,113.362003990311,37.5594253281292
249.116497417009,3,12,40,140.328677686457,2.46420616417606,5,0.0755524557120407,950.243052159754,312.393843274688,0,0,0,0,1,1,113.362003990311,37.5594253281292
219.838301896924,2,12,40,140.328677686457,2.3553070849126,6,0.0755524557120407,950.243052159754,312.393843274688,0,0,0,0,1,1,113.362003990311,37.5594253281292
100.20316084222,2,12,40,140.328677686457,2.30911151985004,6,0.0755524557120407,950.243052159754,312.393843274688,0,0,0,0,1,1,113.362003990311,37.5594253281292
100,2,12,40,140.328677686457,2.27984877946056,6,0.0755524557120407,950.243052159754,312.393843274688,0,0,0,0,1,1,113.362003990311,37.5594253281292
15.2499040032587,2,12,40,140.328677686457,2.26939165692193,6,0.0755524557120407,950.243052159754,312.393843274688,0,0,0,0,1,1,113.362003990311,37.5594253281292
280.429913330586,3,12,40,140.328677686457,2.54128416988435,5,0.0755524557120407,950.243052159754,312.393843274688,0,0,0,0,1,1,113.362003990311,37.5594253281292
6.17318013961264,2,12,40,140.328677686457,2.43462014272024,7,0.0755524557120407,950.243052159754,312.393843274688,0,0,0,0,1,1,113.362003990311,37.5594253281292
271.217743768873,3,12,40,140.328677686457,2.21591928496991,6,0.0755524557120407,950.243052159754,312.393843274688,0,0,0,0,1,1,113.362003990311,37.5594253281292
217.029241380452,2,12,40,140.328677686457,2.34979409338762,7,0.0755524557120407,950.243052159754,312.393843274688,0,0,0,0,1,1,113.362003990311,37.5594253281292
264.127857128589,3,12,40,140.328677686457,2.32759087501737,7,0.0755524557120407,950.243052159754,312.393843274688,0,0,0,0,1,1,113.362003990311,37.5594253281292
102.153042605921,2,12,40,140.328677686457,2.31982819266137,7,0.0755524557120407,950.243052159754,312.393843274688,0,0,0,0,1,1,113.362003990311,37.5594253281292
218.159638033622,2,12,40,140.328677686457,2.09412569757576,6,0.0755524557120407,950.243052159754,312.393843274688,0,0,0,0,1,1,113.362003990311,37.5594253281292
98.2516771880453,2,12,40,140.328677686457,2.27815651243116,7,0.0755524557120407,950.243052159754,312.393843274688,0,0,0,0,1,1,113.362003990311,37.5594253281292
97.4976610052414,2,12,40,140.328677686457,2.60201858702657,5,0.0755524557120407,950.243052159754,312.393843274688,0,1.49935806333592,0,4.55837609108025,1,1,113.362003990311,37.5594253281292
11.4601162955164,1,12,40,286.125089741548,2.1013911941253,4,0.0318788026064681,948.395133596948,338.217174244225,-1.49935806333592,0,263.409146769418,7.28589307040903,5177873020.37044,3,113.374591107369,37.7916601229061
217.967659929292,2,12,40,140.328677686457,2.10601806730581,4,0.0755524557120407,950.243052159754,312.393843274688,-1.49935806333592,0,2841.36717587605,0,1,1,113.362003990311,37.5594253281292
14.3652283863553,2,12,40,140.328677686457,2.19943177508846,7,0.0755524557120407,950.243052159754,312.393843274688,0,0,0,0,1,1,113.362003990311,37.5594253281292
281.499231166145,3,12,40,140.328677686457,2.57822767393668,5,0.0755524557120407,950.243052159754,312.393843274688,0,0,0,0,1,1,113.362003990311,37.5594253281292
39.3057898875226,2,12,40,140.328677686457,2.57453300806125,5,0.0755524557120407,950.243052159754,312.393843274688,0,0,0,0,1,1,113.362003990311,37.5594253281292
261.496959758782,3,12,40,140.328677686457,2.54116693079256,5,0.0755524557120407,950.243052159754,312.393843274688,0,1.49935806333592,0,0.219014725078152,1,1,113.362003990311,37.5594253281292
20.2074448766519,1,12,40,286.125089741548,2.37480411601495,4,0.0318788026064681,948.395133596948,338.217174244225,-1.49935806333592,0,106.905364041983,0.868228723938414,5177873020.37044,3,113.374591107369,37.7916601229061
31.1871842073308,2,12,40,140.328677686457,2.38818775236156,4,0.0755524557120407,950.243052159754,312.393843274688,-1.49935806333592,0,863.840306068524,0,1,1,113.362003990311,37.5594253281292
261.899894804767,3,12,40,140.328677686457,2.40495693653816,5,0.0755524557120407,950.243052159754,312.393843274688,0,0,0,0,1,1,113.362003990311,37.5594253281292
225.908127832947,2,12,40,140.328677686457,2.44881039072893,4,0.0755524557120407,950.243052159754,312.393843274688,0,0,0,0,1,1,113.362003990311,37.5594253281292
262.783220028886,3,12,40,140.328677686457,1.72792446871163,3,0.0755524557120407,950.243052159754,312.393843274688,0,0,0,0,1,1,113.362003990311,37.5594253281292
246.502074450879,3,12,40,140.328677686457,2.49239404172933,4,0.0755524557120407,950.243052159754,312.393843274688,0,0,0,0,1,1,113.362003990311,37.5594253281292
261.418377070994,3,12,40,140.328677686457,2.49821174761237,4,0.0755524557120407,950.243052159754,312.393843274688,0,0,0,0,1,1,113.362003990311,37.5594253281292
255.936114953134,3,12,40,140.328677686457,1.73940420138501,7,0.0755524557120407,950.243052159754,312.393843274688,0,0,0,0,1,1,113.362003990311,37.5594253281292
224.202114130564,2,12,40,140.328677686457,2.54949351767278,4,0.0755524557120407,950.243052159754,312.393843274688,0,0,0,0,1,1,113.362003990311,37.5594253281292
261.683710943526,3,12,40,140.328677686457,2.18101535401989,5,0.0755524557120407,950.243052159754,312.393843274688,0,0,0,0,1,1,113.362003990311,37.5594253281292
40.5537441012305,2,12,40,140.328677686457,1.95215016288443,3,0.0755524557120407,950.243052159754,312.393843274688,0,0,0,0,1,1,113.362003990311,37.5594253281292
255.56734354291,3,12,40,140.328677686457,2.13896898212939,5,0.0755524557120407,950.243052159754,312.393843274688,0,0,0,0,1,1,113.362003990311,37.5594253281292
95.1207297170446,2,12,40,140.328677686457,2.32119472606294,6,0.0755524557120407,950.243052159754,312.393843274688,0,0,0,0,1,1,113.362003990311,37.5594253281292
259.757902934147,3,12,40,140.328677686457,2.30758868564694,6,0.0755524557120407,950.243052159754,312.393843274688,0,0,0,0,1,1,113.362003990311,37.5594253281292
13.3532413178652,2,12,40,140.328677686457,2.05979288621617,3,0.0755524557120407,950.243052159754,312.393843274688,0,0,0,0,1,1,113.362003990311,37.5594253281292
254.563939286209,3,12,40,140.328677686457,2.59832697076615,4,0.0755524557120407,950.243052159754,312.393843274688,0,0,0,0,1,1,113.362003990311,37.5594253281292
460.696742601635,2,12,40,140.328677686457,2.58603935499849,4,0.0755524557120407,950.243052159754,312.393843274688,0,0,0,2.78989210793119,1,1,113.362003990311,37.5594253281292
17.2212216854674,1,11,41,51.1667526860089,2.12901362689635,6,0.0318788026064681,999.589231370914,360.869107078415,0.776495285147802,0,1045.3143506044,0,13834589409.9981,3,113.992764852858,37.9953738490422
263.990847022443,3,12,40,140.328677686457,2.55515798863493,4,0.0755524557120407,950.243052159754,312.393843274688,0.776495285147802,0.776495285147802,844.964872456701,0,1,1,113.362003990311,37.5594253281292
264.28583885637,3,12,40,140.328677686457,2.25633574706265,3,0.0755524557120407,950.243052159754,312.393843274688,0,0,0,0,1,1,113.362003990311,37.5594253281292
101.104899206852,2,12,40,140.328677686457,2.52870346022502,4,0.0755524557120407,950.243052159754,312.393843274688,0,0,0,0,1,1,113.362003990311,37.5594253281292
257.55878873889,3,12,40,140.328677686457,1.79708848004732,5,0.0755524557120407,950.243052159754,312.393843274688,0,0,0,0,1,1,113.362003990311,37.5594253281292
87.8231887727202,2,12,40,140.328677686457,1.75483860656563,5,0.0755524557120407,950.243052159754,312.393843274688,0,0,0,0,1,1,113.362003990311,37.5594253281292
457.588141487796,2,12,40,140.328677686457,1.90215253623523,6,0.0755524557120407,950.243052159754,312.393843274688,0,0,0,0,1,1,113.362003990311,37.5594253281292
187.406458355767,3,12,40,140.328677686457,1.6521925871903,5,0.0755524557120407,950.243052159754,312.393843274688,0,0,0,21.5007336326664,1,1,113.362003990311,37.5594253281292
7.95346157405545,2,10,42,67.3322462728469,2.4252266611432,3,0.068396088425246,1046.87500163216,381.79171610065,0.622814781356207,0,7414.91259762442,18.4933031816417,23793947475.4459,3,114.566581273817,38.183535392501
460,2,12,40,140.328677686457,1.63747522670485,5,0.0755524557120407,950.243052159754,312.393843274688,0.622814781356207,0.622814781356207,8483.10001286977,0,1,1,113.362003990311,37.5594253281292
206.267074598496,3,12,40,140.328677686457,2.49177512723175,3,0.0755524557120407,950.243052159754,312.393843274688,0,0,0,0,1,1,113.362003990311,37.5594253281292
48.8563003758426,2,12,40,140.328677686457,1.78424327487386,6,0.0755524557120407,950.243052159754,312.393843274688,0,0,0,0,1,1,113.362003990311,37.5594253281292
102.628532068717,2,12,40,140.328677686457,1.80028493990539,2,0.0755524557120407,950.243052159754,312.393843274688,0,0,0,0,1,1,113.362003990311,37.5594253281292
264.083791258756,3,12,40,140.328677686457,2.4384671796523,5,0.0755524557120407,950.243052159754,312.393843274688,0,0.0989445063322572,0,0.487997724418488,1,1,113.362003990311,37.5594253281292
235.626871398805,2,12,41,442.801575509417,2.18611015464729,4,0.0755524557120407,977.353883284122,309.702587256211,-0.0989445063322572,0,219.599817923854,0,1,1,113.668281012549,37.5352222812844
105.951494659441,2,12,41,245.247774594051,2.31953113058884,5,0.0620014128467979,1000.03313301984,307.451248406959,-0.0989445063322584,0,179.651552342256,0,1,1,113.924339192925,37.5149755045907
215.673325498526,2,12,41,245.247774594051,2.30844641041728,5,0.0620014128467979,1000.03313301984,307.451248406959,0,0,0,0,1,1,113.924339192925,37.5149755045907
261.76829016919,3,12,41,245.247774594051,1.57333026023276,6,0.0620014128467979,1000.03313301984,307.451248406959,0,0,0,0,1,1,113.924339192925,37.5149755045907
253.54841999285,3,12,41,245.247774594051,2.09333592839435,4,0.0620014128467979,1000.03313301984,307.451248406959,0,0,0,1.79373932154776,1,1,113.924339192925,37.5149755045907
263.755780687296,3,12,41,143.217809868161,2.58868309105861,3,0.0620014128467979,1006.34722811485,321.63975905941,1.15209594737661,0,199.021062836312,0.0860900541072755,1,1,114.016124893356,37.6425758464462
103.379829232227,2,12,41,496.895959647335,2.58684616598501,3,0.0620014128467979,1012.3858649011,335.209282653673,1.1520959473766,0,223.205086248464,0,1,1,114.104137078078,37.7646095039497
257.955811267291,3,11,41,632.607191040006,2.1937322669467,5,0.0620014128467979,1018.61634339944,349.209897027287,1.15209594737661,0,223.205086248464,0,1,1,114.195181765485,37.8905200539729
253.88307745067,3,11,42,479.043756810503,2.56158233913192,3,0.0620014128467979,1024.41461521521,362.239292401611,1.1520959473766,0,223.205086248464,0,1,1,114.280126433717,38.0076962216948
99.5830357291713,2,10,42,299.508862253662,2.54956847753058,3,0.0620014128467979,1031.8852999149,379.02679525796,1.15209594737661,0,223.205086248464,0,1,1,114.389878554435,38.1586698619762
245.502175677216,3,10,42,102.290130306733,1.82847758475126,4,0.0635100382349384,1040.69477525485,398.822717369154,1.1520959473766,1.1520959473766,120.167679918029,0,1,1,114.519742503915,38.336698866613
242.409323399304,3,10,42,102.290130306733,2.01700900101599,5,0.0635100382349384,1040.69477525485,398.822717369154,0,0,0,0,1,1,114.519742503915,38.336698866613
20,1,10,42,102.290130306733,2.0049824032108,5,0.0635100382349384,1040.69477525485,398.822717369154,0,0,0,0,1,1,114.519742503915,38.336698866613
255.709323253408,3,10,42,102.290130306733,2.48125523814376,3,0.0635100382349384,1040.69477525485,398.822717369154,0,0,0,0,1,1,114.519742503915,38.336698866613
252.7666666123,3,10,42,102.290130306733,2.47099141565597,3,0.0635100382349384,1040.69477525485,398.822717369154,0,0,0,0,1,1,114.519742503915,38.336698866613
252.894541017074,3,10,42,102.290130306733,2.43204193329484,2,0.0635100382349384,1040.69477525485,398.822717369154,0,0,0,0,1,1,114.519742503915,38.336698866613
245.943504092431,3,10,42,102.290130306733,1.76123328188133,1,0.0635100382349384,1040.69477525485,398.822717369154,0,0,0,0,1,1,114.519742503915,38.336698866613
272.303531658201,3,10,42,102.290130306733,1.7876538001884,5,0.0635100382349384,1040.69477525485,398.822717369154,0,0,0,0,1,1,114.519742503915,38.336698866613
242.942597397915,3,10,42,102.290130306733,1.77960837343566,5,0.0635100382349384,1040.69477525485,398.822717369154,0,0,0,0,1,1,114.519742503915,38.336698866613
19.8106279038731,1,10,42,102.290130306733,2.45858545115617,4,0.0635100382349384,1040.69477525485,398.822717369154,0,0,0,0,1,1,114.519742503915,38.336698866613
11.5426444106779,2,10,42,102.290130306733,2.45074404060267,4,0.0635100382349384,1040.69477525485,398.822717369154,0,0,0,0,1,1,114.519742503915,38.336698866613
12.1783385611747,2,10,42,102.290130306733,2.50173105947912,2,0.0635100382349384,1040.69477525485,398.822717369154,0,0,0,0,1,1,114.519742503915,38.336698866613
258.58230326584,3,10,42,102.290130306733,2.5416121376922,2,0.0635100382349384,1040.69477525485,398.822717369154,0,0,0,0,1,1,114.519742503915,38.336698866613
220.050325929533,2,10,42,102.290130306733,1.62699082462619,5,0.0635100382349384,1040.69477525485,398.822717369154,0,0,0,0,1,1,114.519742503915,38.336698866613
95.0968170266621,2,10,42,102.290130306733,1.95843743062074,1,0.0635100382349384,1040.69477525485,398.822717369154,0,0,0,0,1,1,114.519742503915,38.336698866613
261.64254068076,3,10,42,102.290130306733,2.57102104323115,2,0.0635100382349384,1040.69477525485,398.822717369154,0,1.22269265142748,0,2.17479766007413,1,1,114.519742503915,38.336698866613
15.5649955461762,1,10,42,67.3322462728469,2.01226711748199,1,0.068396088425246,1046.87500163216,381.79171610065,-1.22269265142748,0,607.1466984696,0,3623535302.89227,3,114.566581273817,38.183535392501
262.187240222973,3,10,42,102.290130306733,2.5751355488771,2,0.0635100382349384,1040.69477525485,398.822717369154,-1.22269265142748,0,317.360921238139,0,1,1,114.519742503915,38.336698866613
246.291688429212,3,10,42,102.290130306733,2.57413848576926,2,0.0635100382349384,1040.69477525485,398.822717369154,0,1.22269265142748,0,2.2456142467606,1,1,114.519742503915,38.336698866613
0,3,10,42,67.3322462728469,2.00780791341618,3,0.068396088425246,1046.87500163216,381.79171610065,-1.22269265142748,0,596.404108402254,0,3623535302.89227,3,114.566581273817,38.183535392501
31.4728317123363,1,10,42,102.290130306733,2.56869903352249,2,0.0635100382349384,1040.69477525485,398.822717369154,-1.22269265142748,0,386.353284738279,0,1,1,114.519742503915,38.336698866613
216.885166305103,2,10,42,102.290130306733,2.16314735509441,1,0.0635100382349384,1040.69477525485,398.822717369154,0,0,0,0,1,1,114.519742503915,38.336698866613
18.208086202879,1,10,42,102.290130306733,1.86791620320902,3,0.0635100382349384,1040.69477525485,398.822717369154,0,0,0,0,1,1,114.519742503915,38.336698866613
264.699092948057,3,10,42,102.290130306733,2.05919025313051,4,0.0635100382349384,1040.69477525485,398.822717369154,0,1.22269265142748,0,1.50464523407811,1,1,114.519742503915,38.336698866613
462.868633182281,2,10,42,67.3322462728469,1.78249385948172,3,0.068396088425246,1046.87500163216,381.79171610065,-1.22269265142748,0,121.099845704824,0.878408533716945,3623535302.89227,3,114.566581273817,38.183535392501
264.117827109872,3,10,42,102.290130306733,2.46537370024194,2,0.0635100382349384,1040.69477525485,398.822717369154,-1.22269265142748,0,594.205303830533,0,1,1,114.519742503915,38.336698866613
268.252298521017,3,10,42,102.290130306733,2.44393182777808,2,0.0635100382349384,1040.69477525485,398.822717369154,0,0,0,0,1,1,114.519742503915,38.336698866613
263.38746605727,3,10,42,102.290130306733,2.38014164008188,1,0.0635100382349384,1040.69477525485,398.822717369154,0,0,0,0,1,1,114.519742503915,38.336698866613
321.007391680582,3,10,42,102.290130306733,1.87846186079276,4,0.0635100382349384,1040.69477525485,398.822717369154,0,0,0,0,1,1,114.519742503915,38.336698866613
253.808359717805,3,10,42,102.290130306733,2.4183123401219,1,0.0635100382349384,1040.69477525485,398.822717369154,0,0,0,0,1,1,114.519742503915,38.336698866613
14.3094616944163,2,10,42,102.290130306733,2.45673404330067,1,0.0635100382349384,1040.69477525485,398.822717369154,0,0,0,0,1,1,114.519742503915,38.336698866613
9.91926655069055,2,10,42,102.290130306733,2.47992287505361,1,0.0635100382349384,1040.69477525485,398.822717369154,0,1.22269265142748,0,0.820058128959062,1,1,114.519742503915,38.336698866613
18.6260035047119,1,10,42,67.3322462728469,2.26216758742805,2,0.068396088425246,1046.87500163216,381.79171610065,-1.22269265142748,0,196.876059056475,0,3623535302.89227,3,114.566581273817,38.183535392501
225.03324243869,3,10,42,102.290130306733,2.54253247992567,1,0.0635100382349384,1040.69477525485,398.822717369154,-1.22269265142748,0,135.005744944813,0,1,1,114.519742503915,38.336698866613
22.3182011672679,1,10,42,102.290130306733,2.54656671492725,1,0.0635100382349384,1040.69477525485,398.822717369154,0,0,0,0,1,1,114.519742503915,38.336698866613
292.257840879133,3,10,42,102.290130306733,2.55740903785892,1,0.0635100382349384,1040.69477525485,398.822717369154,0,0,0,0,1,1,114.519742503915,38.336698866613
254.544876639607,3,10,42,102.290130306733,2.15652037856346,2,0.0635100382349384,1040.69477525485,398.822717369154,0,0,0,0,1,1,114.519742503915,38.336698866613
258.038938661139,3,10,42,102.290130306733,2.31584240041959,3,0.0635100382349384,1040.69477525485,398.822717369154,0,0,0,2.72964471744464,1,1,114.519742503915,38.336698866613
19.3569685153768,1,10,42,150.796400239478,2.30590343875853,3,0.068396088425246,1033.89857464028,385.508137058797,1.09883722881945,0,685.728281146216,0,2989758462.71488,3,114.422300129867,38.2169579691446
259.193870851319,3,10,42,102.290130306733,2.09524174942466,2,0.0635100382349384,1040.69477525485,398.822717369154,1.09883722881945,1.09883722881945,463.865958028562,0,1,1,114.519742503915,38.336698866613
251.342516851146,3,10,42,102.290130306733,2.08115424527018,2,0.0635100382349384,1040.69477525485,398.822717369154,0,0,0,0,1,1,114.519742503915,38.336698866613
236.678498798926,3,10,42,102.290130306733,2.57448606468829,1,0.0635100382349384,1040.69477525485,398.822717369154,0,0,0,0,1,1,114.519742503915,38.336698866613
220.953097665789,3,10,42,102.290130306733,2.23410002153603,3,0.0635100382349384,1040.69477525485,398.822717369154,0,0,0,0,1,1,114.519742503915,38.336698866613
220.542805590064,2,10,42,102.290130306733,2.57462129438401,1,0.0635100382349384,1040.69477525485,398.822717369154,0,0,0,0,1,1,114.519742503915,38.336698866613
255.323548052185,3,10,42,102.290130306733,2.01445327711118,2,0.0635100382349384,1040.69477525485,398.822717369154,0,0,0,0,1,1,114.519742503915,38.336698866613
268.063115809041,3,10,42,102.290130306733,1.95789618127801,2,0.0635100382349384,1040.69477525485,398.822717369154,0,0,0,0,1,1,114.519742503915,38.336698866613
227.439224107028,3,10,42,102.290130306733,2.55743214866841,1,0.0635100382349384,1040.69477525485,398.822717369154,0,0,0,0,1,1,114.519742503915,38.336698866613
264.153230354667,3,10,42,102.290130306733,1.92066092054405,2,0.0635100382349384,1040.69477525485,398.822717369154,0,0,0,0,1,1,114.519742503915,38.336698866613
256.415681063061,3,10,42,102.290130306733,1.89431936921197,2,0.0635100382349384,1040.69477525485,398.822717369154,0,0,0,0,1,1,114.519742503915,38.336698866613
7.28589219488298,2,10,42,102.290130306733,2.52286826173017,1,0.0635100382349384,1040.69477525485,398.822717369154,0,0,0,0,1,1,114.519742503915,38.336698866613
246.427566794997,3,10,42,102.290130306733,2.04408230920028,3,0.0635100382349384,1040.69477525485,398.822717369154,0,0,0,0,1,1,114.519742503915,38.336698866613
251.753492803417,3,10,42,102.290130306733,2.46485266861216,1,0.0635100382349384,1040.69477525485,398.822717369154,0,0,0,0,1,1,114.519742503915,38.336698866613
38.1457544968704,2,10,42,102.290130306733,2.46272340615185,1,0.0635100382349384,1040.69477525485,398.822717369154,0,0,0,0,1,1,114.519742503915,38.336698866613
259.128482925946,3,10,42,102.290130306733,1.92460783672345,3,0.0635100382349384,1040.69477525485,398.822717369154,0,0,0,0,1,1,114.519742503915,38.336698866613
222.684014571836,2,10,42,102.290130306733,1.89574339721626,3,0.0635100382349384,1040.69477525485,398.822717369154,0,0,0,0,1,1,114.519742503915,38.336698866613
42.8406323297936,2,10,42,102.290130306733,1.67859276736165,2,0.0635100382349384,1040.69477525485,398.822717369154,0,0,0,0,1,1,114.519742503915,38.336698866613
263.430761907443,3,10,42,102.290130306733,2.34536804216049,1,0.0635100382349384,1040.69477525485,398.822717369154,0,0,0,0,1,1,114.519742503915,38.336698866613
261.185156668442,3,10,42,102.290130306733,1.57347920598427,8,0.0635100382349384,1040.69477525485,398.822717369154,0,0,0,0,1,1,114.519742503915,38.336698866613
217.107530218912,3,10,42,102.290130306733,1.77658466882184,3,0.0635100382349384,1040.69477525485,398.822717369154,0,0,0,0,1,1,114.519742503915,38.336698866613
270.999416406573,3,10,42,102.290130306733,2.42134282044298,2,0.0635100382349384,1040.69477525485,398.822717369154,0,0,0,0,1,1,114.519742503915,38.336698866613
219.764046481669,2,10,42,102.290130306733,1.67723165118717,3,0.0635100382349384,1040.69477525485,398.822717369154,0,0,0,0,1,1,114.519742503915,38.336698866613
266.621729104104,3,10,42,102.290130306733,1.63361775858513,3,0.0635100382349384,1040.69477525485,398.822717369154,0,0,0,0,1,1,114.519742503915,38.336698866613
257.909308466005,3,10,42,102.290130306733,1.58066106057034,3,0.0635100382349384,1040.69477525485,398.822717369154,0,0,0,0,1,1,114.519742503915,38.336698866613
14.9629583635377,2,10,42,102.290130306733,2.26992995930375,2,0.0635100382349384,1040.69477525485,398.822717369154,0,0.0612729253429358,0,2.10107956838655,1,1,114.519742503915,38.336698866613
23.7530294335623,1,10,41,634.651802517981,2.22304037471079,2,0.0708787286063517,972.88262838317,402.982973667739,-0.0612729253429358,0,606.468682413149,0,13587928459.9466,3,113.742101690285,38.3741129503678
246.751525890136,3,10,42,102.290130306733,2.15521668001315,2,0.0635100382349384,1040.69477525485,398.822717369154,-0.0612729253429358,0,539.519720513617,0,1,1,114.519742503915,38.336698866613
88.182676339369,2,10,42,102.290130306733,2.02257326954418,8,0.0635100382349384,1040.69477525485,398.822717369154,0,0,0,0,1,1,114.519742503915,38.336698866613
243.394306847001,3,10,42,102.290130306733,1.87300495168496,1,0.0635100382349384,1040.69477525485,398.822717369154,0,0,0,0,1,1,114.519742503915,38.336698866613
261.293946233439,3,10,42,102.290130306733,2.06167796336319,8,0.0635100382349384,1040.69477525485,398.822717369154,0,0,0,0,1,1,114.519742503915,38.336698866613
8.08982925349176,2,10,42,102.290130306733,1.98882301680016,2,0.0635100382349384,1040.69477525485,398.822717369154,0,0,0,0,1,1,114.519742503915,38.336698866613
10.3212135832555,2,10,42,102.290130306733,2.13383512484963,8,0.0635100382349384,1040.69477525485,398.822717369154,0,0,0,0,1,1,114.519742503915,38.336698866613
247.601106784137,3,10,42,102.290130306733,2.15772131928274,8,0.0635100382349384,1040.69477525485,398.822717369154,0,0,0,0,1,1,114.519742503915,38.336698866613
460.516283408957,2,10,42,102.290130306733,1.73388044895574,1,0.0635100382349384,1040.69477525485,398.822717369154,0,0,0,0,1,1,114.519742503915,38.336698866613
13.3854087327947,2,10,42,102.290130306733,1.89080233321671,2,0.0635100382349384,1040.69477525485,398.822717369154,0,0,0,0,1,1,114.519742503915,38.336698866613
285.899691988401,3,10,42,102.290130306733,2.25017862151726,8,0.0635100382349384,1040.69477525485,398.822717369154,0,0.0612729253429364,0,14.7464478227573,1,1,114.519742503915,38.336698866613
20.1657656896499,1,10,41,432.899004590945,2.25998288682536,8,0.0708787286063517,1012.22579791677,400.569281189189,-0.0612729253429364,0,4697.1383484652,0,5704500524.51026,3,114.193366982257,38.3524060924077
258.038938661139,3,10,42,102.290130306733,1.82855918665333,2,0.0635100382349384,1040.69477525485,398.822717369154,-0.0612729253429364,0,940.598020345414,0,1,1,114.519742503915,38.336698866613
226.158861835716,2,10,42,102.290130306733,2.30499215444934,8,0.0635100382349384,1040.69477525485,398.822717369154,0,0,0,0,1,1,114.519742503915,38.336698866613
265.932908256092,3,10,42,102.290130306733,2.31159563140466,8,0.0635100382349384,1040.69477525485,398.822717369154,0,0.378237576427323,0,2.71984368130293,1,1,114.519742503915,38.336698866613
254.417465271397,3,10,42,466.146403741409,1.82752016227762,6,0.0635100382349384,1028.71363810091,403.583668704632,-0.378237576427323,0,141.518085455561,0.841887150177495,2578482539.17127,1,114.388104992964,38.3795151306202
20.2495366772024,1,10,42,102.290130306733,2.51370790831278,7,0.0725405007400197,1040.69477525485,398.822717369154,-0.378237576427323,0,417.625860476343,0.00602276103230866,1.82885933302053,3,114.519742503915,38.336698866613
97.5879059215532,2,9,41,104.846381675723,2.55019078090153,7,0.0635100382349384,999.803697230056,415.071628472493,-0.378237576427324,0,418.295197654243,0,1,1,114.069823051858,38.4828288348918
225.539353584386,2,9,40,359.457779721841,2.59453437854176,7,0.0635100382349384,961.138501704215,430.436039371901,-0.378237576427324,0,228.636137645781,0,1,1,113.642712225829,38.6210043017324
98.9326165461232,2,9,40,163.088939244414,2.59961411069099,7,0.0635100382349384,948.667439851431,435.391672365662,-0.378237576427325,0,228.636137645779,0,1,1,113.504603204406,38.6655713799553
257.434353225185,3,9,40,257.139863418919,2.60166288157137,7,0.0635100382349384,939.073509297918,439.204018046574,-0.378237576427325,0,228.636137645781,0,1,1,113.398240783051,38.699856628356
274.36780223294,3,8,40,707.862189956644,2.03357514868608,8,0.0635100382349384,918.926370263741,447.209898227931,-0.378237576427324,0,228.63613764578,0,1,1,113.17455323724,38.7718552385709
249.50632621317,3,8,39,0.921540582393505,2.15622898516942,6,0.0635100382349384,891.540566333643,458.092210826387,-0.378237576427324,0,228.63613764578,15.2361778634157,1.44980147242789,1,112.869785007046,38.8697222269925
21.3898310499737,1,10,42,102.290130306733,2.55688943000212,7,0.0725405007400197,1040.69477525485,398.822717369154,-0.378237576427324,0,7298.24381361866,0,30.3174876070228,3,114.519742503915,38.336698866613
105.306279959277,2,8,39,141.745399293259,2.59444469534579,7,0.0635100382349384,881.365464638676,462.135496816762,-0.378237576427324,0,6620.38532656469,0,1,1,112.756340373838,38.906084371493
11.3343563163512,2,8,39,341.029797893112,2.58893398448122,7,0.0635100382349384,875.26783829745,464.558514089623,-0.378237576427321,0,228.636137645781,0,1,1,112.688302212723,38.927875089343
216.716899100022,2,8,39,647.430030738398,2.21054579127893,6,0.0635100382349384,868.783338806952,467.135263367469,-0.378237576427328,0,228.63613764578,0,1,1,112.615902641465,38.951048352329
243.824272177554,3,8,38,688.874344551546,1.91135818737919,8,0.0635100382349384,865.299965060065,468.519453589076,-0.378237576427322,0,228.636137645785,0,1,1,112.576991709892,38.9634966740589
240.667357116487,3,8,38,508.28463378466,2.23790043272755,6,0.0635100382349384,859.791438145944,470.708380085062,-0.378237576427323,0,228.636137645779,0,1,1,112.5154317679,38.983182162975
251.969950300178,3,7,38,278.724429269181,2.26336217118767,6,0.0635100382349384,846.943848135218,475.813634288678,-0.378237576427321,0,228.636137645781,0,1,1,112.371725935668,39.0290948170652
260.265456893034,3,7,38,555.514733429242,1.80315019720589,8,0.0635100382349384,818.238721927161,487.220206736635,-0.378237576427325,0,228.63613764578,0,1,1,112.049994324362,39.1316765875845
260.591571931097,3,7,37,76.2137559169842,2.38293173238116,6,0.0635100382349384,798.388073884569,495.10827012279,-0.378237576427325,0,228.63613764578,0,1,1,111.826977914648,39.2026156459047
263.87412013228,3,7,37,491.065262445061,2.4496706170087,7,0.0635100382349384,772.954822966101,505.214695612296,-0.378237576427324,0,228.636137645781,0,1,1,111.540612598887,39.2935049139179
18.410430720198,1,7,37,887.458483450608,2.45420714368071,6,0.0635100382349384,765.644676650342,508.119532642153,-0.378237576427325,0,228.636137645779,0,1,1,111.458173193717,39.3196287409442
257.348407028546,3,6,36,284.633019278747,2.54406064104946,6,0.0635100382349384,722.546458795969,525.245496164159,-0.378237576427322,0,228.636137645781,0,1,1,110.970949303517,39.4736462311193
20.7224138641733,1,6,36,652.101973115692,2.55894187990783,6,0.0635100382349384,714.074623067234,528.611954381642,-0.378237576427334,0,228.636137645781,0,1,1,110.874936524902,39.5039215172234
11.3698045941933,2,6,35,321.131282905791,2.50972577568028,8,0.0635100382349384,705.024442128732,532.208229966495,-0.37823757642731,0,228.636137645782,0,1,1,110.772282524481,39.5362636005663
215.000430511834,2,5,35,404.171051161098,2.6252557211758,6,0.0635100382349384,675.552868035093,543.919366249884,-0.378237576427329,0,228.63613764578,0,1,1,110.437372667702,39.6415843794614
247.578025516228,3,5,35,470.831614494351,2.62990387743272,6,0.0635100382349384,671.807778643577,545.407554567148,-0.378237576427298,0,228.636137645788,0,1,1,110.394746079823,39.6549679785354
232.08389491001,3,5,34,249.365732057669,2.40523318774956,8,0.0635100382349384,651.999185410784,553.278906609438,-0.378237576427328,0,228.636137645779,0,1,1,110.169029582398,39.7257567481296
261.994010799089,3,5,34,21.0674191140767,2.16753881011673,7,0.0635100382349384,641.584118857087,557.417547573214,-0.378237576427318,0,228.636137645781,0,1,1,110.050178999716,39.7629764405082
257.504942856028,3,5,34,137.885192442425,2.09067860792092,5,0.047061855740816,626.416791337437,563.444597199849,-0.378237576427325,0,99.1130621870944,0,1,1,109.876886194456,39.817179
254.898065824108,3,5,34,137.885192442425,2.66967462247529,6,0.047061855740816,626.416791337437,563.444597199849,0,0,0,0,1,1,109.876886194456,39.817179
203.428570042196,2,5,34,137.885192442425,2.63710027139232,6,0.047061855740816,626.416791337437,563.444597199849,0,0,0,0,1,1,109.876886194456,39.817179
5.16828695711621,2,5,34,137.885192442425,2.26979944912235,5,0.047061855740816,626.416791337437,563.444597199849,0,0,0,0,1,1,109.876886194456,39.817179
255.921961852004,3,5,34,137.885192442425,2.60974822078083,6,0.047061855740816,626.416791337437,563.444597199849,0,0,0,0,1,1,109.876886194456,39.817179
236.587753602081,3,5,34,137.885192442425,2.33679472866073,5,0.047061855740816,626.416791337437,563.444597199849,0,0,0,0,1,1,109.876886194456,39.817179
261.817085488168,3,5,34,137.885192442425,2.37368375346457,5,0.047061855740816,626.416791337437,563.444597199849,0,0,0,0,1,1,109.876886194456,39.817179
18.9122633516603,1,5,34,137.885192442425,2.51858473715117,6,0.047061855740816,626.416791337437,563.444597199849,0,0,0,0,1,1,109.876886194456,39.817179
219.795217849927,3,5,34,137.885192442425,1.70161403904894,7,0.047061855740816,626.416791337437,563.444597199849,0,0,0,0,1,1,109.876886194456,39.817179
256.868203837112,3,5,34,137.885192442425,1.72540061092896,4,0.047061855740816,626.416791337437,563.444597199849,0,0,0,0,1,1,109.876886194456,39.817179
24.1883509639094,1,5,34,137.885192442425,2.41875130881654,6,0.047061855740816,626.416791337437,563.444597199849,0,0,0,0,1,1,109.876886194456,39.817179
250.65549334101,3,5,34,137.885192442425,2.55671370723794,7,0.047061855740816,626.416791337437,563.444597199849,0,0,0,0,1,1,109.876886194456,39.817179
102.510312423016,2,5,34,137.885192442425,2.5792778341094,5,0.047061855740816,626.416791337437,563.444597199849,0,0.60070825805609,0,62.2235587697886,1,1,109.876886194456,39.817179
0,3,12,41,245.247774594051,2.42268128381363,7,0.0687987367410235,1000.03313301984,307.451248406959,-0.60070825805609,0,9542.03938922696,0,90580740866.5537,3,113.924339192925,37.5149755045907
256.993624234036,3,5,34,137.885192442425,1.91342917190826,4,0.047061855740816,626.416791337437,563.444597199849,-0.60070825805609,0,3810.77611870182,0,1,1,109.876886194456,39.817179
266.195713143409,3,5,34,137.885192442425,2.15055784643853,6,0.047061855740816,626.416791337437,563.444597199849,0,0,0,0,1,1,109.876886194456,39.817179
17.1197136225532,1,5,34,137.885192442425,2.68307862369069,5,0.047061855740816,626.416791337437,563.444597199849,0,0,0,0,1,1,109.876886194456,39.817179
218.307368457359,2,5,34,137.885192442425,2.12365348604471,4,0.047061855740816,626.416791337437,563.444597199849,0,0.794503221209204,0,0.128360703771136,1,1,109.876886194456,39.817179
103.917116901836,2,5,34,100.47574590689,2.00177784216885,6,0.047061855740816,627.773823823538,562.062625230654,-0.794503221209204,0,23.2637243794906,9.76565690114052,1.00008039497818,1,109.891672886313,39.8047506274933
0,3,12,41,245.247774594051,2.53547574605482,5,0.0687987367410235,1000.03313301984,307.451248406959,-0.599881198564979,0,2950.24849013655,11.0251730267608,25.7451567753561,3,113.924339192925,37.5149755045907
9.0041218460344,2,6,34,352.490401810419,2.10628655670153,7,0.047061855740816,651.421597070196,537.980254251707,-0.584262437850733,0,9017.73759819438,69.2352335433347,83587947823.3413,1,110.148518278812,39.5881726620621
0,3,12,41,245.247774594051,1.83057709041527,6,0.0687987367410235,1000.03313301984,307.451248406959,-0.584262437850733,0,20569.4331833582,0,59.7763508253655,3,113.924339192925,37.5149755045907
472.103643549065,2,6,34,565.837698960713,1.84820317913031,6,0.047061855740816,661.061356875061,528.163335366902,-0.577163788329103,0.217339432880105,6643.05991319594,0,1.01808027730826,1,110.252768736363,39.4998869894955
275.235567908823,3,6,35,614.585899604086,2.57620367484318,5,0.047061855740816,663.631195535674,525.546268324884,-0.794503221209207,0,169.422680666937,0,1,1,110.280516614343,39.4763511401453
472.293780552863,2,6,35,311.49864683087,2.53432112857545,5,0.047061855740816,676.40851005075,512.534132887979,-0.79450322120921,0,169.42268066694,0,1,1,110.418205015887,39.3593301947698
219.27189504732,2,7,35,327.703912007337,1.96521116966607,7,0.047061855740816,680.853476759581,508.007476777292,-0.794503221209201,0,169.422680666941,0,1,1,110.465996691038,39.3186209983408
221.249152197119,2,7,35,46.6191686553109,2.47759624094786,5,0.047061855740816,690.670744335451,498.009787891506,-0.794503221209207,0,169.422680666939,0,1,1,110.571354344532,39.2287096220983
255.521074683024,3,7,35,120.975403938339,2.44415052415445,5,0.047061855740816,699.192114317795,489.331812547984,-0.794503221209212,0,169.422680666939,0,1,1,110.662585540415,39.1506667148778
7.64320265160343,2,7,35,334.720291389229,1.65191905695131,6,0.047061855740816,704.869317822812,483.550273647694,-0.794503221209212,0,169.42268066694,0,1,1,110.723253627577,39.0986720863929
299.795422476111,3,7,35,642.47814180434,2.51893098750798,4,0.047061855740816,710.023213051036,478.301660360596,-0.794503221209199,0,169.42268066694,0,1,1,110.778251256366,39.0514701730909
21.0615075254539,1,7,35,880.994844938411,2.38695973969932,5,0.047061855740816,713.138672006529,475.128945638017,-0.7945032212092,0,169.42268066694,0,1,1,110.811460455477,39.0229372640965
264.656780144051,3,8,36,641.194724116165,1.59212881456799,6,0.047061855740816,717.625280527366,470.559882423942,-0.794503221209218,0,169.422680666939,0,1,1,110.859237597658,38.9818466914243
36.7464711073415,2,8,36,278.580445989279,2.51758801984147,6,0.047061855740816,724.002565562654,464.065395925938,-0.794503221209208,0,169.422680666939,0,1,1,110.927051121215,38.9234403711543
19.5429192804843,1,8,36,47.9575216608399,2.47273324372994,6,0.047061855740816,736.422171838249,451.417542674739,-0.794503221209205,0,169.42268066694,0,1,1,111.058789058467,38.8096954941813
227.357030450976,3,9,36,300.166083843318,2.40350659239264,6,0.047061855740816,752.914324836911,434.622297616667,-0.794503221209208,0,169.422680666939,0,1,1,111.233057163044,38.6586522266071
258.665633869233,3,9,36,361.222226491515,2.17871784896709,5,0.047061855740816,757.321704384215,430.133919442702,-0.794503221209205,0,169.422680666941,0,1,1,111.279499628666,38.6182872719333
18.9475886628037,1,9,36,432.518249634564,2.16745484548316,5,0.047061855740816,759.866577457648,427.542276804322,-0.794503221209219,0,169.422680666938,0,1,1,111.306291257031,38.5949800697381
99.1872339440857,2,9,37,386.460147820562,2.31039076632066,6,0.047061855740816,773.620541780933,413.535542732168,-0.794503221209206,0,169.42268066694,0,1,1,111.450774460466,38.4690144839437
447.257517650537,2,10,37,157.707791309855,2.64129843902514,4,0.047061855740816,785.513248085389,401.424272796508,-0.794503221209208,0,169.42268066694,0,1,1,111.575277900917,38.3600952166611
8.13926975370633,2,10,37,59.3559077066259,2.63142608992616,4,0.047061855740816,798.024194266389,388.683400999157,-0.794503221209206,0,169.42268066694,0,1,1,111.705825656083,38.2455138038052
234.802180713753,3,10,37,136.803392012879,2.18633961279892,6,0.047061855740816,801.230342575933,385.418330237584,-0.794503221209216,0,169.422680666939,0,1,1,111.739210160926,38.2161503169978
252.96238071306,3,10,37,400.220645663597,2.15959229583172,6,0.047061855740816,807.337999369579,379.198427197138,-0.794503221209204,0,169.42268066694,0,1,1,111.802727323253,38.1602133850879
100.536255029248,2,11,37,857.844035609389,2.23865236353626,3,0.047061855740816,815.7722681256,370.60915382243,-0.794503221209206,0,169.422680666939,0,1,1,111.890268384899,38.0829681938377
264.301045431027,3,11,38,661.904680784751,2.24460103903825,3,0.047061855740816,818.552317881907,367.778012434487,-0.794503221209227,0,169.42268066694,0,1,1,111.919079408752,38.0575071276418
99.9602436459038,2,11,38,440.118848640146,2.25967247932411,3,0.047061855740816,822.097852664144,364.167317970616,-0.794503221209196,0,169.42268066694,0,1,1,111.955792092905,38.0250353722045
259.985566031585,3,11,38,113.551095546927,2.29617064084659,3,0.047061855740816,830.766567277475,355.339290102987,-0.794503221209208,0,169.422680666939,0,1,1,112.045404965131,37.9456430102144
455.339214495578,2,11,38,67.2197204009527,2.53306208389168,4,0.047061855740816,836.85571604041,349.138235233023,-0.794503221209204,0,169.422680666941,0,1,1,112.108225600162,37.8898755839739
219.329972782343,2,11,38,77.5438308942748,2.3270651104476,3,0.047061855740816,838.21906726888,347.74982839589,-0.794503221209206,0,169.42268066694,0,1,1,112.12227680338,37.8773893413096
251.599675283787,3,11,38,186.838273707199,2.34835139698264,3,0.047061855740816,843.431490726871,342.441611249802,-0.794503221209206,0,169.42268066694,16.6947376899373,1.00687224797221,1,112.175949926179,37.8296513976257
27.0481156680491,1,12,41,245.247774594051,2.35592275436936,3,0.0687987367410235,1000.03313301984,307.451248406959,-0.219824810029815,0,2808.52203703519,0,16.222478557597,3,113.924339192925,37.5149755045907
56.1868737418381,2,12,38,279.926397330326,1.92915155963037,6,0.047061855740816,856.625074562849,329.005556312801,-0.149183856379245,0.645319364829952,2684.91769631121,0,1.02947087919268,1,112.311465878356,37.7088180525941
20.237931810845,1,12,38,312.257477470236,1.66343334319734,2,0.047061855740816,858.270903114666,327.329480796549,-0.794503221209198,0,169.422680666937,0,1,1,112.328336528784,37.693744743345
256.764081327135,3,12,38,351.734920667413,2.41747244398692,3,0.047061855740816,859.784581522839,325.787984073445,-0.794503221209206,0,169.422680666943,0,1,1,112.343845863533,37.6798817302596
11.2218644253333,2,12,38,518.641624750942,1.89643202508135,6,0.047061855740816,864.166455026944,321.325580691613,-0.794503221209207,0,169.422680666939,59.9311332274955,1.00979316171719,1,112.388706865173,37.6397503725035
15.792099447076,1,12,41,245.247774594051,2.40260493026571,4,0.0687987367410235,1000.03313301984,307.451248406959,-0.101764502747348,0,8133.7440572942,0,25.2787199085864,3,113.924339192925,37.5149755045907
261.45001572873,3,12,39,503.562484000049,2.40056714136717,4,0.047061855740816,871.518186343069,313.83873958206,-0.049661454990258,0.744841766218951,2850.40171575727,0,1.31040944678331,1,112.463851933538,37.5724195928045
264.237893764108,3,13,39,154.053394365201,1.79414736481449,6,0.047061855740816,886.185235092954,298.90214045804,-0.794503221209209,0,169.422680666939,0,1,1,112.613317174507,37.4380915296927
89.557022900865,2,13,39,21.4263579556227,1.76865738755126,6,0.047061855740816,892.194971374122,292.781957508926,-0.794503221209207,0,169.42268066694,0,1,1,112.674385487228,37.3830514021096
259.19436621235,3,13,39,42.1067274895049,1.83701369037114,2,0.047061855740816,898.602922838721,286.256240995326,-0.794503221209204,0,169.42268066694,23.0092653878544,1.03616200890169,1,112.739388748925,37.3243642235618
0,3,12,41,245.247774594051,1.83770744811825,2,0.0687987367410235,1000.03313301984,307.451248406959,0.205997336495159,0,4640.97603710807,0,13.1823499676522,3,113.924339192925,37.5149755045907
7.39151429643741,2,13,39,445.05425936872,1.88254842658274,2,0.047061855740816,909.227826172407,275.436073657439,0.338962002335185,0,1433.22202962764,0,19256765217.3459,1,112.846915752474,37.2270561208956
0,3,12,41,245.247774594051,2.39143918479314,5,0.0687987367410235,1000.03313301984,307.451248406959,0.338962002335185,0.338962002335185,1418.68354368284,0,1,3,113.924339192925,37.5149755045907
16.49531226507,1,12,41,245.247774594051,2.37881948231191,5,0.0687987367410235,1000.03313301984,307.451248406959,0,0,0,4.46738251934287,1,3,113.924339192925,37.5149755045907
95.9974840482876,2,14,40,413.730329158914,2.60085599202692,3,0.0552203200002818,924.000084282431,260.392331640307,0.554220385051122,0.554220385051122,469.227846408699,0,1,1,112.99588925256,37.0917644985968
473.341964545056,2,14,40,413.730329158914,2.60191509618406,3,0.0552203200002818,924.000084282431,260.392331640307,0,0,0,19.9375643974025,1,1,112.99588925256,37.0917644985968
0,3,12,41,245.247774594051,2.25836776361726,5,0.0687987367410235,1000.03313301984,307.451248406959,0.554220385051122,0,2393.44161904741,0,17883585935.2162,3,113.924339192925,37.5149755045907
40,2,14,40,413.730329158914,2.59732483460409,3,0.0552203200002818,924.000084282431,260.392331640307,0.554220385051122,0,944.918949883539,0,17883585935.2162,1,112.99588925256,37.0917644985968
19.9400820040312,1,12,41,245.247774594051,1.92156781643255,4,0.0687987367410235,1000.03313301984,307.451248406959,0.554220385051122,0,511.234289936029,5.90996644121664,17883585935.2162,3,113.924339192925,37.5149755045907
97.214888601975,2,14,40,413.730329158914,2.11000150002211,5,0.0552203200002818,924.000084282431,260.392331640307,0.554220385051122,0.554220385051122,4232.51258936584,0,1,1,112.99588925256,37.0917644985968
228.011125773389,2,14,40,413.730329158914,1.8617860280037,4,0.0552203200002818,924.000084282431,260.392331640307,0,0,0,0,1,1,112.99588925256,37.0917644985968
108.437258478046,2,14,40,413.730329158914,2.26230435719462,2,0.0552203200002818,924.000084282431,260.392331640307,0,0,0,0,1,1,112.99588925256,37.0917644985968
261.276973398518,3,14,40,413.730329158914,1.80917973542568,4,0.0552203200002818,924.000084282431,260.392331640307,0,0,0,0,1,1,112.99588925256,37.0917644985968
18.5543997655353,1,14,40,413.730329158914,2.45377217373839,3,0.0552203200002818,924.000084282431,260.392331640307,0,0,0,0,1,1,112.99588925256,37.0917644985968
466.56687670422,2,14,40,413.730329158914,2.39068920497161,2,0.0552203200002818,924.000084282431,260.392331640307,0,0,0,36.3407533107282,1,1,112.99588925256,37.0917644985968
0,3,12,41,245.247774594051,2.43116868110095,3,0.0687987367410235,1000.03313301984,307.451248406959,0.554220385051122,0,3449.59980099094,0,17883585935.2162,3,113.924339192925,37.5149755045907
244.816284287909,3,14,40,413.730329158914,1.73573632624447,1,0.0552203200002818,924.000084282431,260.392331640307,0.554220385051122,0.554220385051122,658.940983315387,0,1,1,112.99588925256,37.0917644985968
258.038938661139,3,14,40,413.730329158914,2.46885584004702,2,0.0552203200002818,924.000084282431,260.392331640307,0,0,0,0,1,1,112.99588925256,37.0917644985968
95.6535862815582,2,14,40,413.730329158914,1.80016334434821,5,0.0552203200002818,924.000084282431,260.392331640307,0,0,0,9.6962965441733,1,1,112.99588925256,37.0917644985968
11.9480968361553,1,12,41,245.247774594051,2.31631522179557,3,0.0687987367410235,1000.03313301984,307.451248406959,0.554220385051122,0,1711.24240361983,252.078503571912,17883585935.2162,3,113.924339192925,37.5149755045907
9.71303361370609,2,14,40,413.730329158914,2.31359654812373,3,0.0552203200002818,924.000084282431,260.392331640307,0.554220385051122,0.554220385051122,49130.1330804951,0,1,1,112.99588925256,37.0917644985968
263.30854377504,3,14,40,413.730329158914,1.75570733415025,5,0.0552203200002818,924.000084282431,260.392331640307,0,0,0,0,1,1,112.99588925256,37.0917644985968
262.190389412853,3,14,40,413.730329158914,2.43342656741343,4,0.0552203200002818,924.000084282431,260.392331640307,0,0,0,0,1,1,112.99588925256,37.0917644985968
254.291850967184,3,14,40,413.730329158914,2.55907622115204,2,0.0552203200002818,924.000084282431,260.392331640307,0,0,0,0,1,1,112.99588925256,37.0917644985968
242.540036370743,3,14,40,413.730329158914,2.56280987592011,2,0.0552203200002818,924.000084282431,260.392331640307,0,0,0,0,1,1,112.99588925256,37.0917644985968
13.0745948843631,2,14,40,413.730329158914,2.19269364589738,3,0.0552203200002818,924.000084282431,260.392331640307,0,0,0,0,1,1,112.99588925256,37.0917644985968
277.852210102626,3,14,40,413.730329158914,1.59561525651603,5,0.0552203200002818,924.000084282431,260.392331640307,0,0,0,0,1,1,112.99588925256,37.0917644985968
14.287305194868,1,14,40,413.730329158914,2.09386087938563,3,0.0552203200002818,924.000084282431,260.392331640307,0,0,0,0,1,1,112.99588925256,37.0917644985968
267.107951888564,3,14,40,413.730329158914,2.60159851610041,2,0.0552203200002818,924.000084282431,260.392331640307,0,0,0,0,1,1,112.99588925256,37.0917644985968
242.088921692149,3,14,40,413.730329158914,2.60072047203497,2,0.0552203200002818,924.000084282431,260.392331640307,0,0,0,2.61973834637891,1,1,112.99588925256,37.0917644985968
2.33439965567614,3,12,41,245.247774594051,2.58120891524305,2,0.0687987367410235,1000.03313301984,307.451248406959,0.554220385051122,0,896.368883033356,16.0865318365086,17883585935.2162,3,113.924339192925,37.5149755045907
282.169105431097,3,14,40,413.730329158914,2.14695634143794,1,0.0552203200002818,924.000084282431,260.392331640307,0.554220385051122,0.554220385051122,6673.37413051203,0,1,1,112.99588925256,37.0917644985968
99.7723195542939,2,14,40,413.730329158914,2.58390969366883,2,0.0552203200002818,924.000084282431,260.392331640307,0,0,0,0,1,1,112.99588925256,37.0917644985968
219.449011997311,2,14,40,413.730329158914,2.5799468498122,2,0.0552203200002818,924.000084282431,260.392331640307,0,0,0,0,1,1,112.99588925256,37.0917644985968
265.325207558009,3,14,40,413.730329158914,2.57304513697192,2,0.0552203200002818,924.000084282431,260.392331640307,0,0,0,6.91729829098471,1,1,112.99588925256,37.0917644985968
0,3,12,40,397.650375931294,2.09108248449195,4,0.0687987367410235,961.501900662839,330.408160959006,1.07906110376411,0,880.034694897379,6.70865763531006,15885342409.9264,3,113.51454243456,37.7214319792231
19.5715983041239,1,14,40,413.730329158914,2.25477474044841,1,0.0552203200002818,924.000084282431,260.392331640307,1.07906110376411,0,3059.77583099577,0,10.5517600462101,1,112.99588925256,37.0917644985968
24.4646761976824,1,12,40,286.125089741548,2.0551961860923,4,0.045364744011261,948.395133596948,338.217174244225,1.26703623930354,0,1831.27279806602,10.1368668458485,16311743692.6681,3,113.374591107369,37.7916601229061
260.185805654044,3,14,40,413.730329158914,2.28785795636238,1,0.0552203200002818,924.000084282431,260.392331640307,1.26703623930354,1.26703623930354,3456.53558370591,0,1,1,112.99588925256,37.0917644985968
273.377762792556,3,14,40,413.730329158914,1.97393755991226,4,0.0552203200002818,924.000084282431,260.392331640307,0,0,0,0,1,1,112.99588925256,37.0917644985968
9.2084388663862,2,14,40,413.730329158914,1.76086981084485,3,0.0552203200002818,924.000084282431,260.392331640307,0,0,0,0,1,1,112.99588925256,37.0917644985968
20.1629548468765,2,14,40,413.730329158914,1.91666808301557,4,0.0552203200002818,924.000084282431,260.392331640307,0,0,0,5.37264913487473,1,1,112.99588925256,37.0917644985968
19.3319520827188,1,11,40,144.228441940549,2.40440499450477,1,0.045364744011261,955.380152746714,356.691516073496,1.25578663155539,0,1843.49765516964,0,20256595586.9395,3,113.478977849379,37.957803870528
263.654716859726,3,14,40,413.730329158914,2.44571539838734,1,0.0552203200002818,924.000084282431,260.392331640307,1.25578663155539,1.25578663155539,1485.6563837266,0,1,1,112.99588925256,37.0917644985968
267.076820569255,3,14,40,413.730329158914,2.34553460439302,2,0.0552203200002818,924.000084282431,260.392331640307,0,0,0,0,1,1,112.99588925256,37.0917644985968
261.340162805813,3,14,40,413.730329158914,2.49917095723863,1,0.0552203200002818,924.000084282431,260.392331640307,0,0,0,0.666641224600715,1,1,112.99588925256,37.0917644985968
104.2909670582,2,14,40,342.360292083771,2.30808840235383,2,0.0552203200002818,926.909587109255,262.662533875743,0.662595094371938,0,113.198262184461,0.72930986704132,1,1,113.031835261845,37.1121809177982
43.6913684606007,2,14,40,287.358300954905,1.75390497950456,4,0.0552203200002818,931.112022903523,265.941574901744,0.662595094371924,0,198.793152001018,0,1,1,113.083787158091,37.1416700422119
247.325964787711,3,13,40,140.074367565655,2.44298206429909,3,0.0552203200002818,944.480117282378,276.372318416617,0.662595094371934,0,198.793152001017,0,1,1,113.249300213356,37.2354759722991
254.726071995682,3,13,40,109.672551330287,2.42287049766359,3,0.0552203200002818,952.070720101297,282.295049726223,0.66259509437193,0,198.793152001018,0,1,1,113.343451850317,37.2887403746269
259.550375290441,3,13,41,529.973041501209,2.3515211219401,3,0.0552203200002818,974.545477729702,299.831463349367,0.662595094371933,0,198.793152001017,0,1,1,113.622947946066,37.4464491312432
214.734836235855,3,12,41,50.5539798999223,2.58542697595163,1,0.0552203200002818,993.937586512551,314.962573827338,0.66259509437193,1.99859786541312,198.793152001017,2.62025939501517,1.11569366640833,1,113.864980189325,37.582526476987
0,3,10,41,634.651802517981,2.07780693248588,2,0.0382896017861995,972.88262838317,402.982973667739,-1.33600277104119,0,1365.93765738371,0,1,3,113.742101690285,38.3741129503678
20.4867832779015,1,10,41,634.651802517981,2.58867692038038,1,0.0382896017861995,972.88262838317,402.982973667739,0,1.05504618336199,0,2.68049644359946,1,3,113.742101690285,38.3741129503678
221.122176812021,2,12,41,454.609529626591,2.56879983772048,1,0.0481424457388757,1013.93719518877,330.567699179345,-1.05504618336199,0,392.663702882936,0,1,1,114.115440738764,37.7228667409083
227.94822912907,3,12,41,454.609529626591,2.10869239864439,3,0.0481424457388757,1013.93719518877,330.567699179345,0,0,0,0,1,1,114.115440738764,37.7228667409083
266.26694315148,3,12,41,454.609529626591,1.8578878877897,2,0.0481424457388757,1013.93719518877,330.567699179345,0,0,0,0,1,1,114.115440738764,37.7228667409083
259.116370289489,3,12,41,454.609529626591,2.50072371041738,1,0.0481424457388757,1013.93719518877,330.567699179345,0,1.05504618336199,0,3.29786884339028,1,1,114.115440738764,37.7228667409083
19.2173774227538,1,10,41,634.651802517981,2.48474403160904,1,0.0382896017861995,972.88262838317,402.982973667739,-1.05504618336199,0,1237.60309350306,0,102.891023431529,3,113.742101690285,38.3741129503678
220.337757372533,2,12,41,462.245400576657,2.39381486410754,1,0.0481424457388757,1013.40825927517,332.080670226739,-1.05154358968768,0.18293358196524,384.885746821359,0,1.34914537347811,1,114.111491816779,37.7364732164288
251.41326675407,3,11,41,375.148229689939,2.36736845494618,1,0.0481424457388757,1009.35697761878,343.668977417388,-1.23447717165292,0,173.312804659958,0,1,1,114.081172759859,37.8406893667545
100.116195874182,2,11,41,170.795003874328,1.61498564211811,2,0.0481424457388757,1006.64485539206,351.426745987264,-1.23447717165292,0,173.312804659959,0,1,1,114.060803508342,37.9104566556406
257.59561198469,3,11,41,102.396432959981,2.32173710693012,1,0.0481424457388757,1003.5867449925,360.174180932231,-1.23447717165293,0,173.312804659957,0,1,1,114.037766254911,37.9891242280644
256.427676620688,3,10,41,263.63951093215,1.74983385416923,3,0.0481424457388757,998.682687078479,374.201773780211,-1.23447717165292,0,173.312804659958,0,1,1,114.000669436634,38.1152774013366
270.947165203417,3,10,41,62.4262353847781,1.68155579063924,3,0.0481424457388757,990.755372077854,396.87710697489,-1.23447717165292,0,173.312804659958,0,1,1,113.940302659897,38.3192015719704
276.541301040488,3,10,41,102.777915742619,2.4003835310976,2,0.0481424457388757,990.011383050271,399.005217071728,-1.23447717165294,0,173.312804659956,0,1,1,113.934611757536,38.338340125869
214.296703587395,2,9,41,275.238482060121,2.18749277486832,1,0.0481424457388757,986.449785617854,409.1928289528,-1.23447717165293,0,173.312804659958,0,1,1,113.907308098975,38.4299595206426
254.031875640537,3,9,41,152.980202124889,2.34603649580123,2,0.0481424457388757,982.348292169169,420.924762216129,-1.23447717165292,0,173.312804659958,0,1,1,113.875741782188,38.5354673312717
258.038938661139,3,9,41,187.512972307009,2.29113938541443,2,0.067218153923545,980.789948760123,425.382255835224,-1.23447717165293,0,39.7814065861245,0,1,1,113.863713580551,38.5755545344707
104.928239729709,2,9,41,187.512972307009,2.06167618094745,1,0.067218153923545,980.789948760123,425.382255835224,0,0,0,0,1,1,113.863713580551,38.5755545344707
29.3376824288213,2,9,41,187.512972307009,2.24444933307536,2,0.067218153923545,980.789948760123,425.382255835224,0,0,0,0,1,1,113.863713580551,38.5755545344707
267.717006787299,3,9,41,187.512972307009,2.03967011333866,1,0.067218153923545,980.789948760123,425.382255835224,0,0,0,0,1,1,113.863713580551,38.5755545344707
251.729017067542,3,9,41,187.512972307009,2.20172184999909,2,0.067218153923545,980.789948760123,425.382255835224,0,0,0,0,1,1,113.863713580551,38.5755545344707
7.80751831594467,2,9,41,187.512972307009,2.18530472464387,2,0.067218153923545,980.789948760123,425.382255835224,0,0,0,0,1,1,113.863713580551,38.5755545344707
97.0664314255289,2,9,41,187.512972307009,1.93804367181897,1,0.067218153923545,980.789948760123,425.382255835224,0,0,0,0,1,1,113.863713580551,38.5755545344707
17.4327656200016,2,9,41,187.512972307009,2.12597779724195,2,0.067218153923545,980.789948760123,425.382255835224,0,0,0,0,1,1,113.863713580551,38.5755545344707
235.397307193597,3,9,41,187.512972307009,2.1129256634306,2,0.067218153923545,980.789948760123,425.382255835224,0,0,0,0,1,1,113.863713580551,38.5755545344707
262.604279637117,3,9,41,187.512972307009,2.06425619769347,2,0.067218153923545,980.789948760123,425.382255835224,0,0,0,0,1,1,113.863713580551,38.5755545344707
266.4157832603,3,9,41,187.512972307009,1.82960434615434,1,0.067218153923545,980.789948760123,425.382255835224,0,0,0,0,1,1,113.863713580551,38.5755545344707
1.24877348516622,2,9,41,187.512972307009,2.13921374905437,8,0.067218153923545,980.789948760123,425.382255835224,0,0,0,0,1,1,113.863713580551,38.5755545344707
256.966976385158,3,9,41,187.512972307009,1.95601045410854,2,0.067218153923545,980.789948760123,425.382255835224,0,0,0,0,1,1,113.863713580551,38.5755545344707
244.497839588404,3,9,41,187.512972307009,1.7053995901209,1,0.067218153923545,980.789948760123,425.382255835224,0,0,0,0,1,1,113.863713580551,38.5755545344707
263.10915692412,3,9,41,187.512972307009,2.22831832539573,8,0.067218153923545,980.789948760123,425.382255835224,0,0,0,0,1,1,113.863713580551,38.5755545344707
258.038938661139,3,9,41,187.512972307009,1.86616996230387,2,0.067218153923545,980.789948760123,425.382255835224,0,0,0,0,1,1,113.863713580551,38.5755545344707
253.945991479692,3,9,41,187.512972307009,2.25831252773244,8,0.067218153923545,980.789948760123,425.382255835224,0,0,0,0,1,1,113.863713580551,38.5755545344707
252.354280846427,3,9,41,187.512972307009,2.27336395379903,8,0.067218153923545,980.789948760123,425.382255835224,0,0,0,0,1,1,113.863713580551,38.5755545344707
220,2,9,41,187.512972307009,1.7959309069297,6,0.067218153923545,980.789948760123,425.382255835224,0,0,0,0,1,1,113.863713580551,38.5755545344707
278.136471669584,3,9,41,187.512972307009,1.84129909215776,6,0.067218153923545,980.789948760123,425.382255835224,0,0,0,0,1,1,113.863713580551,38.5755545344707
250.150219257918,3,9,41,187.512972307009,1.85406576169233,6,0.067218153923545,980.789948760123,425.382255835224,0,1.47444789210528,0,63.3549946721237,1,1,113.863713580551,38.5755545344707
0,3,11,41,221.889464348227,2.53933353456238,7,0.0495018109453299,988.835443521954,342.136649734624,-1.47444789210528,0,5807.50297184728,226.515881697673,16726698324.5575,3,113.843626900843,37.82690881283
98.9096812857701,2,9,41,187.512972307009,2.53530878197096,7,0.067218153923545,980.789948760123,425.382255835224,-1.47444789210528,0,17550.8513731161,0,1,1,113.863713580551,38.5755545344707
38.5898093424423,2,9,41,187.512972307009,2.58285352012028,7,0.067218153923545,980.789948760123,425.382255835224,0,0,0,0,1,1,113.863713580551,38.5755545344707
9.38753223701895,2,9,41,187.512972307009,2.58834602066093,7,0.067218153923545,980.789948760123,425.382255835224,0,0,0,0,1,1,113.863713580551,38.5755545344707
97.7590034699273,2,9,41,187.512972307009,2.02701529366203,8,0.067218153923545,980.789948760123,425.382255835224,0,0,0,0,1,1,113.863713580551,38.5755545344707
240.487062527999,3,9,41,187.512972307009,2.01597011705493,8,0.067218153923545,980.789948760123,425.382255835224,0,0,0,0,1,1,113.863713580551,38.5755545344707
10.1143298310772,2,9,41,187.512972307009,2.58409021945885,7,0.067218153923545,980.789948760123,425.382255835224,0,0,0,0,1,1,113.863713580551,38.5755545344707
298.532439687501,3,9,41,187.512972307009,2.11164878843043,6,0.067218153923545,980.789948760123,425.382255835224,0,0,0,0,1,1,113.863713580551,38.5755545344707
244.459471041578,3,9,41,187.512972307009,2.11408508469448,6,0.067218153923545,980.789948760123,425.382255835224,0,1.47444789210528,0,164.955655424087,1,1,113.863713580551,38.5755545344707
0,3,11,41,221.889464348227,1.97094863165459,8,0.0495018109453299,988.835443521954,342.136649734624,-1.47444789210528,0,2882.84139922119,0,16726698324.5575,3,113.843626900843,37.82690881283
103.715664633486,2,9,41,187.512972307009,1.9491108572463,8,0.067218153923545,980.789948760123,425.382255835224,-1.47444789210528,0,1321.86310087135,0,1,1,113.863713580551,38.5755545344707
263.864970712363,3,9,41,187.512972307009,1.89235883054877,8,0.067218153923545,980.789948760123,425.382255835224,0,0,0,0,1,1,113.863713580551,38.5755545344707
10.5052759907122,2,9,41,187.512972307009,2.24583848782178,6,0.067218153923545,980.789948760123,425.382255835224,0,1.47444789210528,0,4.82526484655961,1,1,113.863713580551,38.5755545344707
19.6450000926718,1,11,41,221.889464348227,1.81222811904702,8,0.0495018109453299,988.835443521954,342.136649734624,-1.47444789210528,0,1073.3294330757,0,1,3,113.843626900843,37.82690881283
0,3,11,41,221.889464348227,1.64581174607533,5,0.0495018109453299,988.835443521954,342.136649734624,0,1.47444789210528,0,1.39757824651646,1,3,113.843626900843,37.82690881283
222.325918940205,2,9,41,187.512972307009,2.40565382213479,6,0.067218153923545,980.789948760123,425.382255835224,-1.47444789210528,0,901.938035702944,0,1,1,113.863713580551,38.5755545344707
13.5894304962981,2,9,41,187.512972307009,2.41258948762919,6,0.067218153923545,980.789948760123,425.382255835224,0,0,0,0,1,1,113.863713580551,38.5755545344707
12.0289463534801,2,9,41,187.512972307009,2.37336695702066,7,0.067218153923545,980.789948760123,425.382255835224,0,0,0,0,1,1,113.863713580551,38.5755545344707
233.715291665974,3,9,41,187.512972307009,2.2405256666985,7,0.067218153923545,980.789948760123,425.382255835224,0,0,0,0,1,1,113.863713580551,38.5755545344707
274.163334712611,3,9,41,187.512972307009,2.41810465969307,8,0.067218153923545,980.789948760123,425.382255835224,0,0,0,0,1,1,113.863713580551,38.5755545344707
104.012227924967,2,9,41,187.512972307009,2.40318673263101,8,0.067218153923545,980.789948760123,425.382255835224,0,0,0,0,1,1,113.863713580551,38.5755545344707
248.341203427068,3,9,41,187.512972307009,2.55728311549551,6,0.067218153923545,980.789948760123,425.382255835224,0,0,0,0,1,1,113.863713580551,38.5755545344707
99.0000616441439,2,9,41,187.512972307009,1.98626694209422,5,0.067218153923545,980.789948760123,425.382255835224,0,0,0,0,1,1,113.863713580551,38.5755545344707
243.661947598783,3,9,41,187.512972307009,2.2618029890082,8,0.067218153923545,980.789948760123,425.382255835224,0,0,0,0,1,1,113.863713580551,38.5755545344707
199.161192471283,3,9,41,187.512972307009,2.07068677763094,5,0.067218153923545,980.789948760123,425.382255835224,0,0,0,0,1,1,113.863713580551,38.5755545344707
12.2627305541578,2,9,41,187.512972307009,2.22120585791289,8,0.067218153923545,980.789948760123,425.382255835224,0,1.47444789210528,0,4.97290544007274,1,1,113.863713580551,38.5755545344707
15.6100434436059,1,11,41,221.889464348227,2.57210684013915,6,0.0495018109453299,988.835443521954,342.136649734624,-1.47444789210528,0,719.972315868241,8.21113982995695,16726698324.5575,3,113.843626900843,37.82690881283
11.5254038266868,2,9,41,187.512972307009,1.95013563434132,7,0.067218153923545,980.789948760123,425.382255835224,-1.47444789210528,0,4153.73581561438,0,1,1,113.863713580551,38.5755545344707
230.937934217632,3,9,41,187.512972307009,2.55542136295981,6,0.067218153923545,980.789948760123,425.382255835224,0,0,0,0,1,1,113.863713580551,38.5755545344707
219.978581415158,2,9,41,187.512972307009,2.54213979568361,6,0.067218153923545,980.789948760123,425.382255835224,0,0,0,0,1,1,113.863713580551,38.5755545344707
27.2878338136211,2,9,41,187.512972307009,2.5257852318622,6,0.067218153923545,980.789948760123,425.382255835224,0,0,0,0,1,1,113.863713580551,38.5755545344707
0,2,9,41,187.512972307009,2.28383199845927,5,0.067218153923545,980.789948760123,425.382255835224,0,0,0,0,1,1,113.863713580551,38.5755545344707
450.746458212959,2,9,41,187.512972307009,2.504755839507,6,0.067218153923545,980.789948760123,425.382255835224,0,0,0,0,1,1,113.863713580551,38.5755545344707
255.301878032825,3,9,41,187.512972307009,1.57782433478178,4,0.067218153923545,980.789948760123,425.382255835224,0,0,0,0,1,1,113.863713580551,38.5755545344707
101.985023587611,2,9,41,187.512972307009,2.32640955720975,5,0.067218153923545,980.789948760123,425.382255835224,0,0,0,0,1,1,113.863713580551,38.5755545344707
250.932956965912,3,9,41,187.512972307009,2.3352771798722,5,0.067218153923545,980.789948760123,425.382255835224,0,0,0,0,1,1,113.863713580551,38.5755545344707
266.511625987273,3,9,41,187.512972307009,1.7229524058424,7,0.067218153923545,980.789948760123,425.382255835224,0,1.47444789210528,0,15.8258430727175,1,1,113.863713580551,38.5755545344707
19.1208328655736,1,11,41,221.889464348227,2.42548425068886,6,0.0495018109453299,988.835443521954,342.136649734624,-1.47444789210528,0,5015.70244626745,0,16726698324.5575,3,113.843626900843,37.82690881283
276.417566819515,3,9,41,187.512972307009,1.69196289098149,7,0.067218153923545,980.789948760123,425.382255835224,-1.47444789210528,0,1805.89692507798,0,1,1,113.863713580551,38.5755545344707
260.513126323144,3,9,41,187.512972307009,1.88121914478615,8,0.067218153923545,980.789948760123,425.382255835224,0,0,0,0,1,1,113.863713580551,38.5755545344707
123.925895213572,2,9,41,187.512972307009,2.43853111033797,5,0.067218153923545,980.789948760123,425.382255835224,0,0,0,0,1,1,113.863713580551,38.5755545344707
302.819469790582,3,9,41,187.512972307009,2.44198547898079,5,0.067218153923545,980.789948760123,425.382255835224,0,0,0,0,1,1,113.863713580551,38.5755545344707
6.43415194599057,2,9,41,187.512972307009,2.46323005211232,5,0.067218153923545,980.789948760123,425.382255835224,0,0,0,0,1,1,113.863713580551,38.5755545344707
272.014175730136,3,9,41,187.512972307009,2.29672510480931,6,0.067218153923545,980.789948760123,425.382255835224,0,0,0,0,1,1,113.863713580551,38.5755545344707
101.48781105344,2,9,41,187.512972307009,1.68531936153098,8,0.067218153923545,980.789948760123,425.382255835224,0,0,0,0,1,1,113.863713580551,38.5755545344707
450.169928933854,2,9,41,187.512972307009,2.18679305410652,6,0.067218153923545,980.789948760123,425.382255835224,0,0,0,0,1,1,113.863713580551,38.5755545344707
215.652377127003,3,9,41,187.512972307009,2.17333598815633,6,0.067218153923545,980.789948760123,425.382255835224,0,0,0,0,1,1,113.863713580551,38.5755545344707
339.446391785616,3,9,41,187.512972307009,1.58460063965794,8,0.067218153923545,980.789948760123,425.382255835224,0,0,0,0,1,1,113.863713580551,38.5755545344707
4.63868081934568,2,9,41,187.512972307009,2.00157070942205,4,0.067218153923545,980.789948760123,425.382255835224,0,0,0,0,1,1,113.863713580551,38.5755545344707
260.948906098743,3,9,41,187.512972307009,2.58718996461733,5,0.067218153923545,980.789948760123,425.382255835224,0,0,0,0,1,1,113.863713580551,38.5755545344707
222.095886187707,3,9,41,187.512972307009,2.2212332809477,7,0.067218153923545,980.789948760123,425.382255835224,0,0,0,0,1,1,113.863713580551,38.5755545344707
253.234077003264,3,9,41,187.512972307009,2.5773243845901,5,0.067218153923545,980.789948760123,425.382255835224,0,1.47444789210528,0,1.96063728231163,1,1,113.863713580551,38.5755545344707
21.5508842792109,1,11,41,105.495872203842,1.90256278564898,6,0.0495018109453299,988.299001824945,347.687136749671,-1.47444789210528,0,706.560388613456,0.216064001706463,15611428387.7531,3,113.845023569916,37.87682554179
301.116355842397,3,9,41,187.512972307009,1.86310515240747,6,0.067218153923545,980.789948760123,425.382255835224,-1.47444789210528,0,792.491073937832,0,1,1,113.863713580551,38.5755545344707
40.1170411869289,2,9,41,187.512972307009,2.06273693586777,7,0.067218153923545,980.789948760123,425.382255835224,0,1.47444789210528,0,35.3986750651012,1,1,113.863713580551,38.5755545344707
19.50938811666,1,10,41,305.838660781907,2.51677542853612,5,0.0495018109453299,985.689397711172,374.688344576473,-1.47444789210528,0,1136.65608980625,0,10186024226.8199,3,113.851700958672,38.1196532376354
257.836158241653,3,9,41,187.512972307009,2.01743202691969,7,0.067218153923545,980.789948760123,425.382255835224,-1.47444789210528,0,1134.76111256262,18.1602222953091,9.39433438293581,1,113.863713580551,38.5755545344707
458.40421735977,2,10,41,122.291678864792,2.00725093950647,7,0.0495018109453299,984.746682425989,384.442487437602,-1.47444789210528,0,4068.98957694916,0,8226105707.44994,3,113.854065460874,38.2073743518578
8.99555779859642,2,9,41,187.512972307009,2.47632834294272,5,0.067218153923545,980.789948760123,425.382255835224,-1.47444789210528,0,534.857628836162,0,1,1,113.863713580551,38.5755545344707
278.082375258223,3,9,41,187.512972307009,2.45116360600003,5,0.067218153923545,980.789948760123,425.382255835224,0,1.47444789210528,0,2.59873292449683,1,1,113.863713580551,38.5755545344707
0,3,9,41,261.307221507368,2.44380875436717,5,0.0495018109453299,981.943883006007,413.442660006444,-1.47444789210528,0,632.750832331422,0,2399045750.28018,3,113.860945883268,38.4681791695231
461.357443675494,2,9,41,187.512972307009,2.38625231656269,4,0.067218153923545,980.789948760123,425.382255835224,-1.47444789210528,0,335.231992556417,0,1,1,113.863713580551,38.5755545344707
8.89501738005181,2,9,41,187.512972307009,2.4231369699795,5,0.067218153923545,980.789948760123,425.382255835224,0,0,0,0,1,1,113.863713580551,38.5755545344707
250.075320553711,3,9,41,187.512972307009,2.38810230130343,5,0.067218153923545,980.789948760123,425.382255835224,0,0,0,0,1,1,113.863713580551,38.5755545344707
257.535831695382,3,9,41,187.512972307009,1.83366119287304,7,0.067218153923545,980.789948760123,425.382255835224,0,0,0,0,1,1,113.863713580551,38.5755545344707
240.614427074758,3,9,41,187.512972307009,2.47623551232463,6,0.067218153923545,980.789948760123,425.382255835224,0,0,0,0,1,1,113.863713580551,38.5755545344707
273.973791200069,3,9,41,187.512972307009,1.81121435507738,3,0.067218153923545,980.789948760123,425.382255835224,0,0,0,0,1,1,113.863713580551,38.5755545344707
20,1,9,41,187.512972307009,2.50959122731411,4,0.067218153923545,980.789948760123,425.382255835224,0,0,0,0,1,1,113.863713580551,38.5755545344707
2.34379633405067,2,9,41,187.512972307009,2.24145210347823,5,0.067218153923545,980.789948760123,425.382255835224,0,0,0,0,1,1,113.863713580551,38.5755545344707
461.331802945991,2,9,41,187.512972307009,2.41029758905849,6,0.067218153923545,980.789948760123,425.382255835224,0,0,0,0,1,1,113.863713580551,38.5755545344707
10.9200758612378,2,9,41,187.512972307009,2.21423667805122,5,0.067218153923545,980.789948760123,425.382255835224,0,0,0,0,1,1,113.863713580551,38.5755545344707
334.304313410582,3,9,41,187.512972307009,1.60763857462994,7,0.067218153923545,980.789948760123,425.382255835224,0,0,0,0,1,1,113.863713580551,38.5755545344707
24.3915733333807,1,9,41,187.512972307009,2.5768524642163,4,0.067218153923545,980.789948760123,425.382255835224,0,0,0,0,1,1,113.863713580551,38.5755545344707
267.95118647719,3,9,41,187.512972307009,2.31740691163014,6,0.067218153923545,980.789948760123,425.382255835224,0,0,0,0,1,1,113.863713580551,38.5755545344707
271.237799911983,3,9,41,187.512972307009,2.08640000608979,3,0.067218153923545,980.789948760123,425.382255835224,0,0,0,0,1,1,113.863713580551,38.5755545344707
251.385759504708,3,9,41,187.512972307009,2.58107560571872,4,0.067218153923545,980.789948760123,425.382255835224,0,0,0,0,1,1,113.863713580551,38.5755545344707
263.667735903128,3,9,41,187.512972307009,1.96372144546437,5,0.067218153923545,980.789948760123,425.382255835224,0,0,0,0,1,1,113.863713580551,38.5755545344707
223.419719611134,2,9,41,187.512972307009,1.94176455338311,5,0.067218153923545,980.789948760123,425.382255835224,0,0,0,0,1,1,113.863713580551,38.5755545344707
12.8369785328375,2,9,41,187.512972307009,2.1350733413568,6,0.067218153923545,980.789948760123,425.382255835224,0,0,0,0,1,1,113.863713580551,38.5755545344707
247.099659291961,3,9,41,187.512972307009,2.1163194630051,6,0.067218153923545,980.789948760123,425.382255835224,0,0,0,0,1,1,113.863713580551,38.5755545344707
244.254274467753,3,9,41,187.512972307009,2.23378380470486,3,0.067218153923545,980.789948760123,425.382255835224,0,0,0,0,1,1,113.863713580551,38.5755545344707
275.140174970692,3,9,41,187.512972307009,2.51166518357199,4,0.067218153923545,980.789948760123,425.382255835224,0,0,0,0,1,1,113.863713580551,38.5755545344707
263.866311820864,3,9,41,187.512972307009,2.29815583438554,3,0.067218153923545,980.789948760123,425.382255835224,0,0,0,0,1,1,113.863713580551,38.5755545344707
262.969907919138,3,9,41,187.512972307009,1.99404617703561,6,0.067218153923545,980.789948760123,425.382255835224,0,0,0,0,1,1,113.863713580551,38.5755545344707
216.79312066815,2,9,41,187.512972307009,2.3363412071759,3,0.067218153923545,980.789948760123,425.382255835224,0,0,0,0,1,1,113.863713580551,38.5755545344707
0,3,9,41,187.512972307009,2.3586850309217,3,0.0309544927855658,980.789948760123,425.382255835224,0,0,0,0,1,3,113.863713580551,38.5755545344707
12.8106269438476,2,9,41,187.512972307009,2.37037578391791,3,0.067218153923545,980.789948760123,425.382255835224,0,0,0,0,1,1,113.863713580551,38.5755545344707
263.556658760441,3,9,41,187.512972307009,2.41903321648674,4,0.067218153923545,980.789948760123,425.382255835224,0,0,0,0,1,1,113.863713580551,38.5755545344707
302.544798452639,3,9,41,187.512972307009,1.738534149861,2,0.067218153923545,980.789948760123,425.382255835224,0,0,0,0,1,1,113.863713580551,38.5755545344707
109.175713642048,2,9,41,187.512972307009,1.62297894219552,5,0.067218153923545,980.789948760123,425.382255835224,0,0,0,0,1,1,113.863713580551,38.5755545344707
255.578812441291,3,9,41,187.512972307009,2.46081916737601,3,0.067218153923545,980.789948760123,425.382255835224,0,0,0,0,1,1,113.863713580551,38.5755545344707
255.637423754796,3,9,41,187.512972307009,1.76746239235441,2,0.067218153923545,980.789948760123,425.382255835224,0,0,0,0,1,1,113.863713580551,38.5755545344707
208.576818966315,2,9,41,187.512972307009,2.31722446808525,4,0.067218153923545,980.789948760123,425.382255835224,0,0,0,0,1,1,113.863713580551,38.5755545344707
253.179710969569,3,9,41,187.512972307009,2.46472640082489,5,0.067218153923545,980.789948760123,425.382255835224,0,0,0,0.688037275499164,1,1,113.863713580551,38.5755545344707
19.513521122835,1,9,41,390.365125660551,1.85496861485002,2,0.0309544927855658,976.824062149468,414.711201586044,1.21496675373722,0,139.461472641655,0,2276836888.29501,3,113.803415927296,38.4795874380285
14.6766644524634,2,9,41,187.512972307009,2.18927752043739,4,0.067218153923545,980.789948760123,425.382255835224,1.21496675373722,1.21496675373722,88.7592920370023,0,1,1,113.863713580551,38.5755545344707
323.336642032116,3,9,41,187.512972307009,2.56634036764196,3,0.067218153923545,980.789948760123,425.382255835224,0,0,0,0,1,1,113.863713580551,38.5755545344707
102.208312164128,2,9,41,187.512972307009,2.1698102031033,4,0.067218153923545,980.789948760123,425.382255835224,0,0,0,0,1,1,113.863713580551,38.5755545344707
8.5166484247826,2,9,41,187.512972307009,2.57502022079838,3,0.067218153923545,980.789948760123,425.382255835224,0,0,0,0,1,1,113.863713580551,38.5755545344707
457.218728499263,2,9,41,187.512972307009,1.98888639274634,2,0.067218153923545,980.789948760123,425.382255835224,0,0,0,0,1,1,113.863713580551,38.5755545344707
264.920528265033,3,9,41,187.512972307009,2.0715673620806,4,0.067218153923545,980.789948760123,425.382255835224,0,0,0,0,1,1,113.863713580551,38.5755545344707
291.822319873896,3,9,41,187.512972307009,2.0635498000235,2,0.067218153923545,980.789948760123,425.382255835224,0,0,0,0,1,1,113.863713580551,38.5755545344707
245.522485396936,3,9,41,187.512972307009,2.23513953209008,5,0.067218153923545,980.789948760123,425.382255835224,0,0,0,0,1,1,113.863713580551,38.5755545344707
10.5816801688243,2,9,41,187.512972307009,2.58755056911181,3,0.067218153923545,980.789948760123,425.382255835224,0,0,0,0,1,1,113.863713580551,38.5755545344707
268.424411187802,3,9,41,187.512972307009,2.58418579014077,3,0.067218153923545,980.789948760123,425.382255835224,0,0,0,0,1,1,113.863713580551,38.5755545344707
221.814399229142,2,9,41,187.512972307009,2.13548246984326,5,0.067218153923545,980.789948760123,425.382255835224,0,0,0,0,1,1,113.863713580551,38.5755545344707
259.487340274893,3,9,41,187.512972307009,2.11967222197059,5,0.067218153923545,980.789948760123,425.382255835224,0,0,0,0,1,1,113.863713580551,38.5755545344707
246.967806960166,3,9,41,187.512972307009,2.02709307638051,5,0.067218153923545,980.789948760123,425.382255835224,0,0,0,5.79217073293561,1,1,113.863713580551,38.5755545344707
458.412038265108,2,12,40,286.125089741548,2.31527732936534,2,0.050214319485359,948.395133596948,338.217174244225,1.21496675373722,0,3831.30278479047,0,18598038066.6583,3,113.374591107369,37.7916601229061
203.741221956865,3,9,41,187.512972307009,2.40936201625331,3,0.067218153923545,980.789948760123,425.382255835224,1.21496675373722,1.21496675373722,366.786596118519,0,1,1,113.863713580551,38.5755545344707
241.160095814462,3,9,41,187.512972307009,2.4192504666004,2,0.067218153923545,980.789948760123,425.382255835224,0,0,0,0,1,1,113.863713580551,38.5755545344707
12.050813957585,2,9,41,187.512972307009,1.66538923228811,4,0.067218153923545,980.789948760123,425.382255835224,0,0,0,0,1,1,113.863713580551,38.5755545344707
225.797104235512,2,9,41,187.512972307009,2.43763379375401,2,0.067218153923545,980.789948760123,425.382255835224,0,0,0,0,1,1,113.863713580551,38.5755545344707
257.204961817665,3,9,41,187.512972307009,2.36691758831317,3,0.067218153923545,980.789948760123,425.382255835224,0,0,0,1.09850841960918,1,1,113.863713580551,38.5755545344707
271.490533764574,3,9,41,263.134198489992,2.33421054844026,3,0.067218153923545,978.979839639141,418.686932286752,1.30675434961159,0,95.3868891978987,0.560048551339437,1,1,113.833719080457,38.5153420432131
263.054455936634,3,11,40,779.546791420604,2.55473634466846,2,0.067218153923545,966.326516325432,371.884177377309,1.30675434961159,0,241.985354124766,0,1,1,113.624978336765,38.0944347561473
101.010555142694,2,11,40,340.444806180858,2.57835669405392,2,0.067218153923545,959.674049482048,347.277695151666,1.30675434961159,0.629995407852245,241.985354124766,0,1.04752583646998,1,113.515887064821,37.8731433450355
25.7149456234069,1,12,40,286.125089741548,2.59001667125396,2,0.050214319485359,948.395133596948,338.217174244225,0.676758941759347,1.55226764568099,235.96764681191,2.9642751740724,1.40818966113656,3,113.374591107369,37.7916601229061
247.459572732946,3,12,40,202.878075415345,2.14210669783731,3,0.067218153923545,955.063521730156,330.22404094359,-0.875508703921639,0,890.242779976065,0,1.11695225151438,1,113.440545156717,37.7197761481436
10.8678591996644,2,12,40,130.190066444374,2.01414232140216,1,0.067218153923545,950.427075417943,313.074517848245,1.30675434961159,0,241.985354124766,0,1,1,113.364997985242,37.5655467816352
38.2722169382116,2,12,40,140.328677686457,2.60147923943928,2,0.0602612722161304,950.243052159754,312.393843274688,1.30675434961159,1.30675434961159,14.3403660563094,0,1,1,113.362003990311,37.5594253281292
254.202265879644,3,12,40,140.328677686457,2.60186940091281,2,0.0602612722161304,950.243052159754,312.393843274688,0,0,0,0,1,1,113.362003990311,37.5594253281292
109.378323126515,2,12,40,140.328677686457,2.12670671635122,1,0.0602612722161304,950.243052159754,312.393843274688,0,0,0,0,1,1,113.362003990311,37.5594253281292
273.720087589221,3,12,40,140.328677686457,2.15898118996757,1,0.0602612722161304,950.243052159754,312.393843274688,0,0,0,0,1,1,113.362003990311,37.5594253281292
275.815104257405,3,12,40,140.328677686457,2.14557467125296,4,0.0602612722161304,950.243052159754,312.393843274688,0,0,0,0,1,1,113.362003990311,37.5594253281292
260.606361959228,3,12,40,140.328677686457,2.19304142379439,1,0.0602612722161304,950.243052159754,312.393843274688,0,0,0,0,1,1,113.362003990311,37.5594253281292
224.316960268919,2,12,40,140.328677686457,2.01553442001712,4,0.0602612722161304,950.243052159754,312.393843274688,0,0,0,0,1,1,113.362003990311,37.5594253281292
256.79575659007,3,12,40,140.328677686457,1.78339215189473,3,0.0602612722161304,950.243052159754,312.393843274688,0,0,0,0,1,1,113.362003990311,37.5594253281292
255.212478988221,3,12,40,140.328677686457,2.46579237021025,2,0.0602612722161304,950.243052159754,312.393843274688,0,0,0,0,1,1,113.362003990311,37.5594253281292
223.407983073027,3,12,40,140.328677686457,2.42285788654666,2,0.0602612722161304,950.243052159754,312.393843274688,0,0,0,5.39432471623753,1,1,113.362003990311,37.5594253281292
0,3,12,41,454.609529626591,2.40009880979605,2,0.028775528132114,1013.93719518877,330.567699179345,0.277944428118411,0.277944428118411,2053.37743139203,0,1,3,114.115440738764,37.7228667409083
19.9550811660459,1,12,41,454.609529626591,2.36592759212883,2,0.028775528132114,1013.93719518877,330.567699179345,0,0,0,1.76243763702456,1,3,114.115440738764,37.7228667409083
474.538718663929,2,12,40,140.328677686457,1.77247398877697,4,0.0602612722161304,950.243052159754,312.393843274688,0.277944428118411,0.277944428118411,500.133593861522,0,1,1,113.362003990311,37.5594253281292
263.840743797334,3,12,40,140.328677686457,2.47652836158508,3,0.0602612722161304,950.243052159754,312.393843274688,0,0,0,7.05349625153303,1,1,113.362003990311,37.5594253281292
22.1447519893209,1,12,41,454.609529626591,2.24694603532042,2,0.028775528132114,1013.93719518877,330.567699179345,0.277944428118411,0.0325512139330281,689.772924713464,0.0113707261076717,23.6410870178643,3,114.115440738764,37.7228667409083
100.500255089649,2,12,40,164.300130838656,1.66762069171019,4,0.0602612722161304,954.514576660475,315.685868516697,0.245393214185383,0,693.703715240979,0,1.45725852503373,1,113.415155976103,37.5890312224028
213.057707838827,2,12,40,431.049404174222,1.64019019300933,4,0.0602612722161304,964.128792396438,323.095457500573,0.656612336825605,0,216.940579978081,0,1,1,113.534930447664,37.6556672570446
216.767984373418,2,12,40,654.214610196792,2.58363393954088,1,0.0602612722161304,968.577729631972,326.524213130329,0.656612336825612,0,216.940579978081,0,1,1,113.590421943568,37.6865027972372
261.547416532092,3,12,41,562.718735026049,1.61730726960686,4,0.0602612722161304,971.67745029052,328.913139765162,0.656612336825605,0,216.940579978084,0,1,1,113.629109512672,37.7079869306138
281.761724730469,3,12,41,391.516982639672,2.5794094862375,1,0.0602612722161304,979.128328535563,334.655464139907,0.656612336825607,0,216.940579978081,0,1,1,113.722187209369,37.7596288943978
253.321258635601,3,11,41,341.587591397684,1.58290497060483,4,0.0602612722161304,985.643301519606,339.67649480726,0.656612336825605,0,216.940579978081,0,1,1,113.803669931743,37.8047841080291
257.512593344064,3,11,41,221.889464348227,2.58423841930712,1,0.049705141216338,988.835443521954,342.136649734624,0.656612336825607,1.0884789624772,202.139466588582,0,1.06545619671927,1,113.843626900843,37.82690881283
0,3,12,41,454.609529626591,2.58728748688574,1,0.028775528132114,1013.93719518877,330.567699179345,-0.431866625651591,0,176.572813163983,0.231774860574666,5527887675.02781,3,114.115440738764,37.7228667409083
6.96735272195896,2,11,41,221.889464348227,2.58109741574495,1,0.049705141216338,988.835443521954,342.136649734624,-0.431866625651591,0,307.182144801679,0,1,1,113.843626900843,37.82690881283
248.144944333805,3,11,41,221.889464348227,2.57244555499642,1,0.049705141216338,988.835443521954,342.136649734624,0,0,0,0,1,1,113.843626900843,37.82690881283
310.913247393516,3,11,41,221.889464348227,2.55442189724318,1,0.049705141216338,988.835443521954,342.136649734624,0,0,0,0,1,1,113.843626900843,37.82690881283
254.079989264447,3,11,41,221.889464348227,1.9003652053944,2,0.049705141216338,988.835443521954,342.136649734624,0,0,0,0,1,1,113.843626900843,37.82690881283
268.936371681611,3,11,41,221.889464348227,2.51640492781778,1,0.049705141216338,988.835443521954,342.136649734624,0,0,0,0,1,1,113.843626900843,37.82690881283
241.824210477944,3,11,41,221.889464348227,2.02242359438487,3,0.049705141216338,988.835443521954,342.136649734624,0,0,0,0,1,1,113.843626900843,37.82690881283
231.755763148385,2,11,41,221.889464348227,2.01599633268106,3,0.049705141216338,988.835443521954,342.136649734624,0,0,0,0,1,1,113.843626900843,37.82690881283
250.862659280351,3,11,41,221.889464348227,1.99563894801441,3,0.049705141216338,988.835443521954,342.136649734624,0,0,0,0,1,1,113.843626900843,37.82690881283
185.247516739892,2,11,41,221.889464348227,2.44366358478199,1,0.049705141216338,988.835443521954,342.136649734624,0,0,0,0,1,1,113.843626900843,37.82690881283
6.47793904919927,2,11,41,221.889464348227,2.44141361783441,1,0.049705141216338,988.835443521954,342.136649734624,0,0,0,0,1,1,113.843626900843,37.82690881283
254.881949458628,3,11,41,221.889464348227,1.68182188802425,2,0.049705141216338,988.835443521954,342.136649734624,0,0,0,7.1281423362489,1,1,113.843626900843,37.82690881283
20.2532838630775,1,11,42,395.406684257619,2.38976073599758,1,0.028775528132114,1026.41776272826,349.977152080498,0.205672127718501,0,2226.84368121469,0,1.06745019902111,3,114.285837275539,37.897420144439
20.0148649310608,1,11,42,161.714601914055,1.7967610162164,3,0.028775528132114,1034.79322260014,363.002448678129,0.999347224487936,0.573154429507265,103.591901275609,0.501483063775667,1.71805000774621,3,114.400560912382,38.0145594509765
291.457503908583,3,11,41,221.889464348227,2.26944510845248,1,0.049705141216338,988.835443521954,342.136649734624,0.42619279498067,0.42619279498067,373.467491478849,0,1,1,113.843626900843,37.82690881283
258.122985585788,3,11,41,221.889464348227,1.7072903077765,3,0.049705141216338,988.835443521954,342.136649734624,0,0,0,0,1,1,113.843626900843,37.82690881283
267.47970909626,3,11,41,221.889464348227,1.6741670923922,3,0.049705141216338,988.835443521954,342.136649734624,0,0,0,0,1,1,113.843626900843,37.82690881283
15.1455548356209,2,11,41,221.889464348227,2.36681427806971,2,0.049705141216338,988.835443521954,342.136649734624,0,0,0,0,1,1,113.843626900843,37.82690881283
259.171740704487,3,11,41,221.889464348227,2.3509554084461,2,0.049705141216338,988.835443521954,342.136649734624,0,0,0,0,1,1,113.843626900843,37.82690881283
302.645834305369,3,11,41,221.889464348227,1.82566102051471,8,0.049705141216338,988.835443521954,342.136649734624,0,0,0,0,1,1,113.843626900843,37.82690881283
255.174946528394,3,11,41,221.889464348227,2.24579678899032,2,0.049705141216338,988.835443521954,342.136649734624,0,0,0,0,1,1,113.843626900843,37.82690881283
226.441737818949,3,11,41,221.889464348227,2.16318486254033,2,0.049705141216338,988.835443521954,342.136649734624,0,0,0,5.77335517441466,1,1,113.843626900843,37.82690881283
23.9393974824276,1,10,42,67.3322462728469,2.15248505798163,2,0.0774093204731787,1046.87500163216,381.79171610065,0.599390251840971,0,3496.46947478399,61.2427142771645,14058612440.9523,3,114.566581273817,38.183535392501
217.50694030231,2,11,41,221.889464348227,2.14875861311231,2,0.049705141216338,988.835443521954,342.136649734624,0.599390251840971,0.599390251840971,7928.87668987652,0,1,1,113.843626900843,37.82690881283
262.963606141607,3,11,41,221.889464348227,1.90643126699172,1,0.049705141216338,988.835443521954,342.136649734624,0,0,0,0,1,1,113.843626900843,37.82690881283
101.057673611174,2,11,41,221.889464348227,2.1000272726082,2,0.049705141216338,988.835443521954,342.136649734624,0,0,0,0,1,1,113.843626900843,37.82690881283
263.574432635179,3,11,41,221.889464348227,2.01895090135424,8,0.049705141216338,988.835443521954,342.136649734624,0,0,0,0,1,1,113.843626900843,37.82690881283
11.6538045640248,2,11,41,221.889464348227,1.86253101125716,1,0.049705141216338,988.835443521954,342.136649734624,0,0,0,0,1,1,113.843626900843,37.82690881283
251.053050961488,3,11,41,221.889464348227,2.10847731240098,8,0.049705141216338,988.835443521954,342.136649734624,0,0,0,0,1,1,113.843626900843,37.82690881283
215.762249037394,2,11,41,221.889464348227,1.96782278505912,2,0.049705141216338,988.835443521954,342.136649734624,0,0,0,12.1301177918922,1,1,113.843626900843,37.82690881283
19.684987996172,1,10,42,67.3322462728469,1.75548867022446,1,0.0774093204731787,1046.87500163216,381.79171610065,0.599390251840971,0,2900.58468233905,0,14058612440.9523,3,114.566581273817,38.183535392501
34.2526454149949,1,11,41,221.889464348227,1.9234475967224,2,0.049705141216338,988.835443521954,342.136649734624,0.599390251840971,0.599390251840971,1104.77762317761,0,1,1,113.843626900843,37.82690881283
258.038938661139,3,11,41,221.889464348227,1.85210301461264,2,0.049705141216338,988.835443521954,342.136649734624,0,0,0,0,1,1,113.843626900843,37.82690881283
222.059891702324,2,11,41,221.889464348227,1.8453548943746,2,0.049705141216338,988.835443521954,342.136649734624,0,0,0,0,1,1,113.843626900843,37.82690881283
219.842054430433,2,11,41,221.889464348227,1.81335622969283,2,0.049705141216338,988.835443521954,342.136649734624,0,0,0,0,1,1,113.843626900843,37.82690881283
252.606997366353,3,11,41,221.889464348227,2.31332419381909,8,0.049705141216338,988.835443521954,342.136649734624,0,0,0,0,1,1,113.843626900843,37.82690881283
245.707772110416,3,11,41,221.889464348227,1.5842263008597,1,0.049705141216338,988.835443521954,342.136649734624,0,0,0,0,1,1,113.843626900843,37.82690881283
202.05464809635,3,11,41,221.889464348227,2.50750659274932,7,0.049705141216338,988.835443521954,342.136649734624,0,0,0,0,1,1,113.843626900843,37.82690881283
8.25307092425052,2,11,41,221.889464348227,1.81938833339734,6,0.049705141216338,988.835443521954,342.136649734624,0,0,0,0,1,1,113.843626900843,37.82690881283
260.785391957795,3,11,41,221.889464348227,2.2737026392912,8,0.049705141216338,988.835443521954,342.136649734624,0,0,0,0,1,1,113.843626900843,37.82690881283
250.342212537876,3,11,41,221.889464348227,2.53898342696136,7,0.049705141216338,988.835443521954,342.136649734624,0,0,0,0,1,1,113.843626900843,37.82690881283
114.799526977818,2,11,41,221.889464348227,1.87773018244568,6,0.049705141216338,988.835443521954,342.136649734624,0,0,0,0,1,1,113.843626900843,37.82690881283
282.215314226187,3,11,41,221.889464348227,1.92262963611763,6,0.049705141216338,988.835443521954,342.136649734624,0,0,0,0,1,1,113.843626900843,37.82690881283
261.133580502221,3,11,41,221.889464348227,2.17822100038237,8,0.049705141216338,988.835443521954,342.136649734624,0,0,0,0,1,1,113.843626900843,37.82690881283
259.399617600966,3,11,41,221.889464348227,2.56805759020351,7,0.049705141216338,988.835443521954,342.136649734624,0,0,0,0,1,1,113.843626900843,37.82690881283
248.756746166725,3,11,41,221.889464348227,2.56935225009256,7,0.049705141216338,988.835443521954,342.136649734624,0,1.47444789210528,0,1.51446618864339,1,1,113.843626900843,37.82690881283
245.512163875673,3,11,41,120.820705791645,1.99860689356751,6,0.049705141216338,988.389780072159,346.747866955356,-1.47444789210528,0,41.1096720536203,0.339740335307064,1,1,113.844787797633,37.8683784855918
261.637219494384,3,11,41,88.6033792433034,2.58480813913664,7,0.049705141216338,988.183735183849,348.87978452153,-1.47444789210529,0,178.938508378823,0,1,1,113.845322606024,37.8875512808848
293.917082985312,3,11,41,58.3758465121989,2.58602707444564,7,0.049705141216338,987.887697003978,351.942850055946,-1.47444789210529,0,178.938508378824,0,1,1,113.84608888339,37.9150980910393
42.9129730256031,2,11,41,54.0963787708502,2.58627564011313,7,0.049705141216338,987.819496276223,352.648513422405,-1.47444789210536,0,178.938508378824,0,1,1,113.846265063163,37.9214442741589
39.1125232735935,2,11,41,238.487408792793,2.06194390136609,6,0.049705141216338,986.232056637113,369.073528765496,-1.47444789210528,0,178.938508378822,0,1,1,113.850328391195,38.0691579859148
21.3514991626691,1,10,41,144.175793704233,2.0152351472332,8,0.049705141216338,984.939253691229,382.44997955996,-1.47444789210529,0,178.938508378822,0,1,1,113.853584514286,38.1894552980145
263.340144379752,3,10,41,164.047481792771,2.57890479225633,7,0.049705141216338,983.561525012273,396.705145005598,-1.47444789210528,0,178.938508378823,0,1,1,113.857002136028,38.3176550808266
269.317969350192,3,9,41,212.026585269673,1.92297877848274,8,0.049705141216338,981.624046353185,416.751965003286,-1.47444789210528,0,178.938508378822,0,1,1,113.861716806988,38.4979404643654
250.107613441042,3,9,41,183.896071687268,2.55332150244907,7,0.049705141216338,980.857648443245,424.681776707329,-1.47444789210529,0,178.938508378822,0,1,1,113.863552251002,38.5692549743286
288.150390544951,3,9,41,187.512972307009,2.21707454198367,6,0.0382716024835322,980.789948760123,425.382255835224,-1.47444789210525,0,37.2323833661596,0,4.04301283461241,1,113.863713580551,38.5755545344707
0,2,9,41,182.058324729465,2.26883472881811,6,0.0382716024835322,980.902143610896,424.221391447085,-1.47444789210533,0,10.9064023073244,0.32956587290125,1,1,113.863446147129,38.5651146302127
99.3843386771138,2,9,41,202.992161660353,1.81315267105207,8,0.0382716024835322,981.542435477306,417.596381291911,-1.47444789210528,0,137.777768940717,14.7166246800037,1.03464112007571,1,113.861913052551,38.5055344824929
0,3,10,42,67.3322462728469,2.48220256944217,7,0.0774093204731787,1046.87500163216,381.79171610065,-0.501334879289635,0,2697.17104256286,0,11.351670348599,3,114.566581273817,38.183535392501
227.157362377719,2,10,41,367.077673836118,1.76273070833909,8,0.0382716024835322,982.751930752898,405.081903279924,-0.348395024787987,0,1072.12179188601,0,13644341006.9275,1,113.858985211755,38.3929890778632
21.0741844164133,1,10,42,67.3322462728469,2.43098145745989,7,0.0774093204731787,1046.87500163216,381.79171610065,-0.348395024787987,0,865.87119047279,0,1,3,114.566581273817,38.183535392501
18.7070740477362,1,10,42,67.3322462728469,1.66554112224871,5,0.0774093204731787,1046.87500163216,381.79171610065,0,0.0513076896636171,0,16.9289623453654,1,3,114.566581273817,38.183535392501
263.811909766802,3,10,41,117.722315718647,2.40314572181965,6,0.0382716024835322,984.694262542069,384.984868625813,-0.0513076896636171,1.42314020244165,2748.94895998131,0,1.08537435966444,1,113.854196196593,38.2122521030698
98.9069007245826,2,10,41,177.551343279819,1.67352001163817,8,0.0382716024835322,985.151339811266,380.255554216261,-1.47444789210527,0,137.777768940717,0,1,1,113.853053607089,38.1697203567728
460.697101655433,2,11,41,108.821497320028,1.76190316486087,5,0.0382716024835322,986.806873640609,363.125977835505,-1.47444789210529,0,137.777768940717,2.78736348922571,1.29749305487359,1,113.848865336872,38.0156703753784
16.2698060222977,1,10,42,67.3322462728469,2.47204833676847,6,0.0774093204731787,1046.87500163216,381.79171610065,0.301283202728722,0,1391.15699334378,2.4800086441699,11.4127057058572,3,114.566581273817,38.183535392501
103.489347647633,2,11,41,58.8610273813853,1.80272698837929,5,0.0382716024835322,987.894544268212,351.872002373085,0.469456080604236,1.94390397270955,1794.83962535766,0,1.01787133670843,1,113.846071187852,37.91446094252
248.345921747596,3,11,41,75.7474087977035,1.80967285751136,5,0.0382716024835322,988.079029323612,349.963161374751,-1.47444789210531,0,137.777768940716,0,1,1,113.845593916284,37.8972943229994
244.712519975192,3,11,41,173.173594733415,2.45197837062271,8,0.0382716024835322,988.643825444719,344.119295109641,-1.47444789210527,0,137.777768940718,0,1,1,113.844126734935,37.8447391710562
261.467494965268,3,11,41,221.889464348227,2.25859403059948,7,0.0449828372579591,988.835443521954,342.136649734624,-1.47444789210529,0,58.5400352574099,0,1,1,113.843626900843,37.82690881283
212.755239304583,2,11,41,221.889464348227,2.55446309703718,6,0.0449828372579591,988.835443521954,342.136649734624,0,0,0,0,1,1,113.843626900843,37.82690881283
18.6093769803961,1,11,41,221.889464348227,2.58153060226164,6,0.0449828372579591,988.835443521954,342.136649734624,0,0,0,0,1,1,113.843626900843,37.82690881283
14.3243129505724,2,11,41,221.889464348227,2.58279724220068,6,0.0449828372579591,988.835443521954,342.136649734624,0,0,0,0,1,1,113.843626900843,37.82690881283
222.90102163641,2,11,41,221.889464348227,2.29756805481328,8,0.0449828372579591,988.835443521954,342.136649734624,0,0,0,0,1,1,113.843626900843,37.82690881283
219.037048791454,2,11,41,221.889464348227,2.58776100748488,6,0.0449828372579591,988.835443521954,342.136649734624,0,0,0,0,1,1,113.843626900843,37.82690881283
99.857855851403,2,11,41,221.889464348227,2.09742324831923,5,0.0449828372579591,988.835443521954,342.136649734624,0,0,0,0,1,1,113.843626900843,37.82690881283
291.961392554225,3,11,41,221.889464348227,1.99383301541715,7,0.0449828372579591,988.835443521954,342.136649734624,0,0,0,0,1,1,113.843626900843,37.82690881283
220.535858592794,2,11,41,221.889464348227,2.1976686133322,5,0.0449828372579591,988.835443521954,342.136649734624,0,0,0,0,1,1,113.843626900843,37.82690881283
270.382645710116,3,11,41,221.889464348227,1.89027369732265,7,0.0449828372579591,988.835443521954,342.136649734624,0,0,0,3.27881337421269,1,1,113.843626900843,37.82690881283
18.4833753050473,1,11,42,309.521282734642,2.5149759597864,6,0.0774093204731787,1028.11013322001,352.609082499288,0.26058295097653,0,483.930315574171,0,8129386443.98027,3,114.308994466044,37.9210896633479
11.1816748574687,2,11,41,221.889464348227,1.76097597424961,7,0.0449828372579591,988.835443521954,342.136649734624,0.26058295097653,0.26058295097653,232.80257979303,0,1,1,113.843626900843,37.82690881283
261.418741661583,3,11,41,221.889464348227,1.71455719182929,7,0.0449828372579591,988.835443521954,342.136649734624,0,0,0,0,1,1,113.843626900843,37.82690881283
40.5548462589084,2,11,41,221.889464348227,2.40780386309897,5,0.0449828372579591,988.835443521954,342.136649734624,0,0,0,0,1,1,113.843626900843,37.82690881283
245.711105259557,3,11,41,221.889464348227,1.66644045085863,7,0.0449828372579591,988.835443521954,342.136649734624,0,0,0,0,1,1,113.843626900843,37.82690881283
218.618218899833,2,11,41,221.889464348227,2.36691590185353,6,0.0449828372579591,988.835443521954,342.136649734624,0,0,0,0,1,1,113.843626900843,37.82690881283
106.480514096407,2,11,41,221.889464348227,1.78305720712811,8,0.0449828372579591,988.835443521954,342.136649734624,0,0,0,0,1,1,113.843626900843,37.82690881283
218.18196150111,2,11,41,221.889464348227,1.81884372149676,4,0.0449828372579591,988.835443521954,342.136649734624,0,0,0,0,1,1,113.843626900843,37.82690881283
248.349694185667,3,11,41,221.889464348227,2.55391317939804,5,0.0449828372579591,988.835443521954,342.136649734624,0,0,0,0,1,1,113.843626900843,37.82690881283
260.994379768127,3,11,41,221.889464348227,2.1684402319033,6,0.0449828372579591,988.835443521954,342.136649734624,0,0,0,0,1,1,113.843626900843,37.82690881283
38.4698904045697,2,11,41,221.889464348227,2.34221652986299,7,0.0449828372579591,988.835443521954,342.136649734624,0,0,0,0,1,1,113.843626900843,37.82690881283
256.587364395346,3,11,41,221.889464348227,2.11606481754188,6,0.0449828372579591,988.835443521954,342.136649734624,0,0,0,0,1,1,113.843626900843,37.82690881283
220.223768079833,2,11,41,221.889464348227,2.28758465790046,7,0.0449828372579591,988.835443521954,342.136649734624,0,0,0,0,1,1,113.843626900843,37.82690881283
256.957154377083,3,11,41,221.889464348227,2.58858765866455,5,0.0449828372579591,988.835443521954,342.136649734624,0,0,0,0,1,1,113.843626900843,37.82690881283
214.284808879857,2,11,41,221.889464348227,2.1365727419799,4,0.0449828372579591,988.835443521954,342.136649734624,0,0,0,0,1,1,113.843626900843,37.82690881283
102.023956336551,2,11,41,221.889464348227,2.57261673474267,5,0.0449828372579591,988.835443521954,342.136649734624,0,0,0,0,1,1,113.843626900843,37.82690881283
216.312732727324,2,11,41,221.889464348227,2.20651761407,4,0.0449828372579591,988.835443521954,342.136649734624,0,0,0,0,1,1,113.843626900843,37.82690881283
252.320501800015,3,11,41,221.889464348227,1.86977463418071,6,0.0449828372579591,988.835443521954,342.136649734624,0,0,0,0,1,1,113.843626900843,37.82690881283
19.9306981701731,1,11,41,221.889464348227,2.52001805918332,5,0.0449828372579591,988.835443521954,342.136649734624,0,0,0,0,1,1,113.843626900843,37.82690881283
222.40441977444,2,11,41,221.889464348227,1.75833913648857,6,0.0449828372579591,988.835443521954,342.136649734624,0,0,0,0,1,1,113.843626900843,37.82690881283
250.840880452441,3,11,41,221.889464348227,1.93414046038745,7,0.0449828372579591,988.835443521954,342.136649734624,0,0,0,0,1,1,113.843626900843,37.82690881283
83.5761037041072,2,11,41,221.889464348227,1.89267391162859,7,0.0449828372579591,988.835443521954,342.136649734624,0,1.50967482968066,0,7.13110332951273,1,1,113.843626900843,37.82690881283
19.9957999186421,1,10,41,183.056312954821,1.68774322832317,6,0.0480771788035747,986.591607671111,378.801997583088,-1.50967482968066,0,2111.36960425126,0,7346788501.58194,3,113.867677581511,38.1566482079165
256.721694353787,3,11,41,221.889464348227,2.35449258914504,5,0.0449828372579591,988.835443521954,342.136649734624,-1.50967482968066,0,304.171218448718,1.74997978111793,3.58448435527634,1,113.843626900843,37.82690881283
0,3,10,41,634.651802517981,1.60021798218553,6,0.0194373111682746,972.88262838317,402.982973667739,-1.31438545479184,0,1064.99653647446,0,12580568265.4254,3,113.742101690285,38.3741129503678
197.423925608472,2,11,41,221.889464348227,2.40127381490452,6,0.0449828372579591,988.835443521954,342.136649734624,-1.31438545479184,0,264.170366663695,0,1,1,113.843626900843,37.82690881283
252.950960324335,3,11,41,221.889464348227,1.91201860822101,3,0.0449828372579591,988.835443521954,342.136649734624,0,0,0,0,1,1,113.843626900843,37.82690881283
21.4854981087918,1,11,41,221.889464348227,2.33751453792262,6,0.0449828372579591,988.835443521954,342.136649734624,0,0,0,0,1,1,113.843626900843,37.82690881283
96.6236520846014,2,11,41,221.889464348227,2.1144935445887,5,0.0449828372579591,988.835443521954,342.136649734624,0,0,0,0,1,1,113.843626900843,37.82690881283
241.736272396106,3,11,41,221.889464348227,2.58550127251148,4,0.0449828372579591,988.835443521954,342.136649734624,0,0,0,0,1,1,113.843626900843,37.82690881283
219.51040422079,2,11,41,221.889464348227,2.2800760663602,6,0.0449828372579591,988.835443521954,342.136649734624,0,0,0,0,1,1,113.843626900843,37.82690881283
256.286945688741,3,11,41,221.889464348227,2.58804236063278,4,0.0449828372579591,988.835443521954,342.136649734624,0,0,0,0,1,1,113.843626900843,37.82690881283
265.738994813757,3,11,41,221.889464348227,2.58635848703418,4,0.0449828372579591,988.835443521954,342.136649734624,0,0,0,0,1,1,113.843626900843,37.82690881283
250.123008264422,3,11,41,221.889464348227,2.12401995679823,3,0.0449828372579591,988.835443521954,342.136649734624,0,0,0,0,1,1,113.843626900843,37.82690881283
458.839891587832,2,11,41,221.889464348227,1.9512964798321,5,0.0449828372579591,988.835443521954,342.136649734624,0,0,0,0,1,1,113.843626900843,37.82690881283
273.037979661076,3,11,41,221.889464348227,1.93581064242509,5,0.0449828372579591,988.835443521954,342.136649734624,0,1.31438545479184,0,4.90638955911524,1,1,113.843626900843,37.82690881283
20.1500387412492,1,10,41,634.651802517981,2.08650681413714,6,0.0194373111682746,972.88262838317,402.982973667739,-1.31438545479184,0,541.587207475881,1.02067002537853,12580568265.4254,3,113.742101690285,38.3741129503678
280.00099323642,3,11,41,221.889464348227,2.0486909822129,6,0.0449828372579591,988.835443521954,342.136649734624,-1.31438545479184,0,968.353123588768,0,1,1,113.843626900843,37.82690881283
99.6615695536222,2,11,41,221.889464348227,2.29827157371295,3,0.0449828372579591,988.835443521954,342.136649734624,0,0,0,0,1,1,113.843626900843,37.82690881283
265.751495485368,3,11,41,221.889464348227,2.3454541354386,3,0.0449828372579591,988.835443521954,342.136649734624,0,0,0,0,1,1,113.843626900843,37.82690881283
6.41776415049025,2,11,41,221.889464348227,2.45331008389388,4,0.0449828372579591,988.835443521954,342.136649734624,0,0,0,0,1,1,113.843626900843,37.82690881283
14.1548157304687,2,11,41,221.889464348227,1.93240979972121,6,0.0449828372579591,988.835443521954,342.136649734624,0,0,0,0,1,1,113.843626900843,37.82690881283
256.124389533349,3,11,41,221.889464348227,2.43922048190388,4,0.0449828372579591,988.835443521954,342.136649734624,0,0,0,0,1,1,113.843626900843,37.82690881283
7.31131955574495,2,11,41,221.889464348227,2.40869857843476,4,0.0449828372579591,988.835443521954,342.136649734624,0,0,0,0,1,1,113.843626900843,37.82690881283
261.107173337859,3,11,41,221.889464348227,2.38642266259328,4,0.0449828372579591,988.835443521954,342.136649734624,0,0,0,0,1,1,113.843626900843,37.82690881283
250.221260685737,3,11,41,221.889464348227,2.46075536750253,3,0.0449828372579591,988.835443521954,342.136649734624,0,0,0,0,1,1,113.843626900843,37.82690881283
6.06305699775636,2,11,41,221.889464348227,1.60508725905984,5,0.0449828372579591,988.835443521954,342.136649734624,0,0,0,0,1,1,113.843626900843,37.82690881283
7.34713668413695,2,11,41,221.889464348227,1.76711429195571,2,0.0449828372579591,988.835443521954,342.136649734624,0,0,0,0,1,1,113.843626900843,37.82690881283
240.662457652677,3,11,41,221.889464348227,2.48723582535871,3,0.0449828372579591,988.835443521954,342.136649734624,0,0,0,0,1,1,113.843626900843,37.82690881283
466.364357707118,2,11,41,221.889464348227,1.73265865499032,6,0.0449828372579591,988.835443521954,342.136649734624,0,0,0,0,1,1,113.843626900843,37.82690881283
222.77243151801,2,11,41,221.889464348227,1.71824491857251,6,0.0449828372579591,988.835443521954,342.136649734624,0,0,0,0,1,1,113.843626900843,37.82690881283
245.780669276078,3,11,41,221.889464348227,2.25084480566784,4,0.0449828372579591,988.835443521954,342.136649734624,0,0,0,0,1,1,113.843626900843,37.82690881283
12.0729135048384,2,11,41,221.889464348227,1.87172359367571,2,0.0449828372579591,988.835443521954,342.136649734624,0,0,0,0,1,1,113.843626900843,37.82690881283
461.435375672274,2,11,41,221.889464348227,2.54818457006781,3,0.0449828372579591,988.835443521954,342.136649734624,0,0,0,0,1,1,113.843626900843,37.82690881283
101.771886331037,2,11,41,221.889464348227,1.91103533144902,2,0.0449828372579591,988.835443521954,342.136649734624,0,1.31438545479184,0,14.0398785690482,1,1,113.843626900843,37.82690881283
0,3,10,41,634.651802517981,2.18827746650429,4,0.0194373111682746,972.88262838317,402.982973667739,-1.31438545479184,0,2180.12721100388,3.70419755522135,12580568265.4254,3,113.742101690285,38.3741129503678
258.189361670048,3,11,41,221.889464348227,2.56810139371661,3,0.0449828372579591,988.835443521954,342.136649734624,-1.31438545479184,0,2564.88291681027,0,1,1,113.843626900843,37.82690881283
280.103794803837,3,11,41,221.889464348227,2.1340167147605,4,0.0449828372579591,988.835443521954,342.136649734624,0,0,0,0,1,1,113.843626900843,37.82690881283
271.109893457644,3,11,41,221.889464348227,2.10614507135497,4,0.0449828372579591,988.835443521954,342.136649734624,0,0,0,0,1,1,113.843626900843,37.82690881283
213.766868758176,2,11,41,221.889464348227,2.58730010991518,3,0.0449828372579591,988.835443521954,342.136649734624,0,0,0,0,1,1,113.843626900843,37.82690881283
174.578910841641,3,11,41,221.889464348227,2.06515668567813,4,0.0449828372579591,988.835443521954,342.136649734624,0,1.31438545479184,0,9.58108060538599,1,1,113.843626900843,37.82690881283
19.812294158882,1,10,41,634.651802517981,2.04687828963529,4,0.0194373111682746,972.88262838317,402.982973667739,-1.31438545479184,0,1360.30116952922,0,12580568265.4254,3,113.742101690285,38.3741129503678
101.271125950695,2,11,41,221.889464348227,2.00302093150506,4,0.0449828372579591,988.835443521954,342.136649734624,-1.31438545479184,0,819.625932781761,0,1,1,113.843626900843,37.82690881283
255.459139411995,3,11,41,221.889464348227,2.57616564846431,3,0.0449828372579591,988.835443521954,342.136649734624,0,0,0,0,1,1,113.843626900843,37.82690881283
247.115204401185,3,11,41,221.889464348227,2.16249016001026,2,0.0449828372579591,988.835443521954,342.136649734624,0,0,0,0,1,1,113.843626900843,37.82690881283
94.929415431209,2,11,41,221.889464348227,1.88013126614788,4,0.0449828372579591,988.835443521954,342.136649734624,0,1.31438545479184,0,1.73097475492181,1,1,113.843626900843,37.82690881283
19.8017440876991,1,10,41,634.651802517981,2.52600257113111,3,0.0194373111682746,972.88262838317,402.982973667739,-1.31438545479184,0,823.947055332107,8.2064925017882,12580568265.4254,3,113.742101690285,38.3741129503678
217.236877364538,3,11,41,221.889464348227,2.51703671588818,3,0.0449828372579591,988.835443521954,342.136649734624,-1.31438545479184,0,3079.38579070451,0,1,1,113.843626900843,37.82690881283
277.673980332822,3,11,41,221.889464348227,1.81915003829242,4,0.0449828372579591,988.835443521954,342.136649734624,0,0,0,0,1,1,113.843626900843,37.82690881283
258.779126442128,3,11,41,221.889464348227,1.80687549965433,4,0.0449828372579591,988.835443521954,342.136649734624,0,0,0,0,1,1,113.843626900843,37.82690881283
40.8215745994118,2,11,41,221.889464348227,1.97849038486936,5,0.0449828372579591,988.835443521954,342.136649734624,0,0,0,0,1,1,113.843626900843,37.82690881283
43.0352859592301,2,11,41,221.889464348227,1.76237270753796,4,0.0449828372579591,988.835443521954,342.136649734624,0,0,0,0,1,1,113.843626900843,37.82690881283
251.754476004339,3,11,41,221.889464348227,2.36185393812328,2,0.0449828372579591,988.835443521954,342.136649734624,0,0,0,0,1,1,113.843626900843,37.82690881283
11.3137509264179,1,11,41,221.889464348227,2.40394790203319,2,0.0449828372579591,988.835443521954,342.136649734624,0,0,0,0,1,1,113.843626900843,37.82690881283
19.4201793853671,1,11,41,221.889464348227,2.40690515334781,3,0.0449828372579591,988.835443521954,342.136649734624,0,0,0,0,1,1,113.843626900843,37.82690881283
250.556936397675,3,11,41,221.889464348227,2.40013764530157,3,0.0449828372579591,988.835443521954,342.136649734624,0,0,0,0,1,1,113.843626900843,37.82690881283
3.55858113775959,2,11,41,221.889464348227,1.75091602625012,1,0.0449828372579591,988.835443521954,342.136649734624,0,0,0,0,1,1,113.843626900843,37.82690881283
261.734671059969,3,11,41,221.889464348227,2.33921990294448,3,0.0449828372579591,988.835443521954,342.136649734624,0,0,0,0,1,1,113.843626900843,37.82690881283
262.748230117908,3,11,41,221.889464348227,2.30918802720588,3,0.0449828372579591,988.835443521954,342.136649734624,0,0,0,2.03116831150882,1,1,113.843626900843,37.82690881283
465.481910073166,2,10,41,139.56490173556,1.71687621495223,5,0.0194373111682746,994.234621078512,401.673034870693,1.48035669120801,0,476.684450471346,2.88674935538019,11956140302.5518,3,113.98704101762,38.3623323877416
275.779492280899,3,11,41,221.889464348227,2.41762801488199,4,0.0449828372579591,988.835443521954,342.136649734624,1.48035669120801,1.48035669120801,1779.97606190901,0,1,1,113.843626900843,37.82690881283
286.008745211095,3,11,41,221.889464348227,2.22793873017849,3,0.0449828372579591,988.835443521954,342.136649734624,0,0,0,52.3926882752337,1,1,113.843626900843,37.82690881283
0,3,10,41,156.942742243964,1.68081901563292,5,0.0194373111682746,999.36026331606,401.3585781489,1.39491436809082,0,2096.85741373203,0,12029976952.2705,3,114.045828348483,38.3595044105013
269.285408263323,3,11,41,221.889464348227,2.56601651230325,2,0.0449828372579591,988.835443521954,342.136649734624,1.39491436809082,1.39491436809082,802.205541157677,0,1,1,113.843626900843,37.82690881283
240.364389460866,3,11,41,221.889464348227,2.58860420336873,2,0.0449828372579591,988.835443521954,342.136649734624,0,0,0,0,1,1,113.843626900843,37.82690881283
87.7156506411468,2,11,41,221.889464348227,2.20689940664999,4,0.0449828372579591,988.835443521954,342.136649734624,0,0,0,0,1,1,113.843626900843,37.82690881283
259.594353504436,3,11,41,221.889464348227,2.11813701757574,1,0.0449828372579591,988.835443521954,342.136649734624,0,0,0,0,1,1,113.843626900843,37.82690881283
249.226437679559,3,11,41,221.889464348227,2.12232852263143,1,0.0449828372579591,988.835443521954,342.136649734624,0,0,0,0,1,1,113.843626900843,37.82690881283
242.254485854034,3,11,41,221.889464348227,2.17272115370435,4,0.0449828372579591,988.835443521954,342.136649734624,0,0,0,0,1,1,113.843626900843,37.82690881283
2.14324579689106,2,11,41,221.889464348227,2.57623812934033,2,0.0449828372579591,988.835443521954,342.136649734624,0,0,0,35.4009122964091,1,1,113.843626900843,37.82690881283
19.603835127271,1,10,42,131.923837233502,2.55550415048874,2,0.0194373111682746,1038.37915149514,398.964780241012,0.853772157227591,0.116663595455273,1236.80480339976,0,8.05459411945005,3,114.493200724395,38.3379764687136
250.265552899362,3,12,40,833.379698127592,2.23387097789157,1,0.0449828372579591,968.786971991257,335.788905331605,0.737108561772318,0.4304747767458,982.549934386453,0,1.01177114994697,1,113.605172152574,37.7698221759251
255.231779589594,3,12,40,171.054514868642,2.03756448963344,4,0.0449828372579591,953.101086997304,330.822442500545,0.306633785026519,0,161.938214128653,5.34095142407423,1.33171056389755,1,113.418849906041,37.7251577026355
0,3,10,42,102.290130306733,1.8104565686103,3,0.0351021847957631,1040.69477525485,398.822717369154,0.660130962485012,0.092337993595502,2115.4954124747,0,6.55462770939072,3,114.519742503915,38.336698866613
239.480150953854,3,12,39,536.83150526885,2.44693874882876,2,0.0449828372579591,915.34780856334,318.869004478705,0.56779296888951,0.261159183862989,773.859887838974,0,1.0016379775901,1,112.971282948288,37.617657851855
96.2574161782487,2,12,39,267.445661937879,2.42596497551889,2,0.0449828372579591,907.76766470861,316.468980334507,0.306633785026522,0,161.938214128652,5.68932357098109,1.11901531830262,1,112.881569732559,37.5960739161789
0,3,10,41,561.228506838936,2.36599421534394,2,0.0351021847957631,1015.62315225036,400.360854448305,0.661067851553534,0.0624662715830085,1167.56436584133,3.15668059185021,10.1704493014914,3,114.232322300199,38.3505316656944
265.724287097811,3,12,39,377.232851652667,2.50097870523092,1,0.0449828372579591,879.515581943094,307.52380962791,0.598601579970526,0.291967794944001,2497.50440089752,0,1.00089185164626,1,112.547639271103,37.5156280633282
10.675089694788,2,12,39,511.083370344038,2.33196616071089,2,0.0449828372579591,876.06306050974,306.430672748556,0.306633785026525,0,161.938214128649,35.0125366703842,1.04638547964895,1,112.506879291019,37.5057972471899
0,3,10,41,146.8591978315,2.49846207536125,1,0.0351021847957631,997.942479436446,401.445558794511,0.662165768054452,0.0254759390201805,2980.70040138587,22.4272327681807,26.3879534162956,3,114.029567858425,38.3602866462402
10.5061018797315,2,13,38,745.979175576123,2.54949018314559,1,0.0449828372579591,864.483199602048,302.764258720335,0.636689829034271,0.330056044007746,7166.69865816869,0,1.00208805506188,1,112.370244952689,37.4728243936717
5.52174612721004,2,13,38,427.244411926224,2.46561855151772,3,0.0449828372579591,857.859299975024,300.667000496972,0.306633785026526,0,161.938214128654,0,1,1,112.292140074965,37.453963297337
12.0001943978941,2,13,38,184.048793951322,2.57710632893859,1,0.0449828372579591,850.40637625927,298.307256776342,0.30663378502652,0,161.938214128654,0,1,1,112.204305586647,37.4327416122131
21.243042629185,1,13,38,69.6771383504537,2.58849864250908,1,0.0449828372579591,843.69860738182,296.183443882008,0.30663378502652,0,161.938214128652,0,1,1,112.125294322546,37.4136417039851
97.8421818261808,2,13,38,61.2955329663109,1.65377829327203,4,0.0449828372579591,835.884153759727,293.709232610274,0.306633785026524,0,161.938214128652,0,1,1,112.033296801119,37.3913905874423
258.038938661139,3,13,38,470.347238033494,2.61839137992775,1,0.0449828372579591,819.7214029007,288.591784572119,0.306633785026521,0,161.938214128654,0,1,1,111.843185850049,37.3453682715635
221.108791430516,2,13,37,522.640123809839,1.58268350164756,4,0.0449828372579591,813.213739408907,286.531329018511,0.306633785026521,0,161.938214128652,0,1,1,111.76670512541,37.3268381495896
15.1094902818072,2,13,37,236.271944357578,2.64075353507509,1,0.0449828372579591,805.207509097412,283.996397436757,0.306633785026522,0,161.938214128653,0,1,1,111.672663272163,37.3040409621796
264.619036973881,3,13,37,134.105997681195,2.24968062254857,3,0.0449828372579591,785.390224273403,277.721851338216,0.306633785026521,0,161.938214128654,0,1,1,111.440128081674,37.2476126134421
93.9606058723472,2,13,37,314.529901334457,2.01455887406363,2,0.0449828372579591,778.082358490943,275.408035841229,0.306633785026524,0,161.938214128653,0,1,1,111.354464280053,37.2268039707566
9.93358721544349,2,13,37,372.289835545305,2.63604371086226,1,0.0449828372579591,776.411445350137,274.878991543701,0.306633785026518,0,161.938214128655,0,1,1,111.334884146189,37.222046161084
11.3567671468625,2,14,36,852.818455846588,1.96331008374996,2,0.0449828372579591,763.489810343394,270.787745177796,0.306633785026522,0,161.938214128654,0,1,1,111.183547713786,37.1852526985641
256.484447299787,3,14,36,557.348583479121,2.15713450472406,3,0.0449828372579591,757.852475198947,269.002852870354,0.306633785026516,0,161.938214128652,53.3057615979179,1.04699455075604,1,111.11756960695,37.1692007764009
20.2137410488035,1,10,41,634.651802517981,2.1339947366727,3,0.00867292498449826,972.88262838317,402.982973667739,0.557214545040131,0.0169860943895035,7169.17001517131,0,28.2269553237922,3,113.742101690285,38.3741129503678
261.436715639539,3,14,36,83.9478920692923,2.09662645028693,3,0.0449828372579591,740.128939960969,263.391229488675,0.540228450650628,0.233594665624106,3415.5327774331,0,1.00039535403576,1,110.910317765582,37.1187342348866
266.594222941785,3,14,36,72.533938207411,1.87121985469854,2,0.0449828372579591,736.251001551899,262.163397142766,0.306633785026522,0,161.938214128656,0,1,1,110.865007232307,37.1076920733154
189.146626456378,3,14,36,180.107498921204,1.84000585990878,2,0.0449828372579591,726.946157295214,259.217298585532,0.306633785026519,0,161.938214128652,0,1,1,110.756341208477,37.0811971724586
251.038288799614,3,14,36,272.324929159602,2.03933992441424,3,0.0449828372579591,723.363563271616,258.082978139868,0.306633785026528,0,161.938214128654,0,1,1,110.714522236723,37.0709959836103
292.870345715171,3,14,36,640.872077755871,1.79720445600714,2,0.0449828372579591,714.116615634774,255.155210802747,0.306633785026516,0,161.938214128655,0,1,1,110.606635992297,37.0446659393766
99.2371668091836,2,14,35,87.4669393165208,1.95106236863331,3,0.0449828372579591,696.523894250562,249.585005686136,0.306633785026522,0,161.938214128653,0,1,1,110.401583487059,36.9945718812689
282.251582523989,3,14,35,50.6606477859571,1.92484345239458,3,0.0449828372579591,688.836980417487,247.151176045524,0.306633785026527,0,161.938214128651,0,1,1,110.312073114303,36.9726839254596
108.218221139468,2,14,35,100.362362709478,1.69817572979696,2,0.0449828372579591,683.579619646407,245.486591173895,0.306633785026523,0,161.938214128652,0,1,1,110.250883363386,36.9577139540602
205.443248391694,2,14,35,596.858795297035,1.64779853016341,2,0.0449828372579591,668.161424277672,240.604884196548,0.306633785026521,0,161.938214128654,0,1,1,110.071571883403,36.9138117084753
222.515495319561,2,15,34,237.363932910245,2.34566477299592,1,0.0449828372579591,645.551938724443,233.446271872616,0.306633785026521,0,161.938214128653,0,1,1,109.809001397558,36.8494327611622
262.466964545172,3,15,34,347.275507478994,1.68901396788265,3,0.0449828372579591,619.426090152793,225.174309155114,0.306633785026522,0,161.938214128654,0,1,1,109.506149269861,36.7750412132102
90.0967447873767,2,15,33,485.068235520005,2.22399963320452,1,0.0449828372579591,608.417364370163,221.688727854612,0.306633785026519,0,161.938214128653,0,1,1,109.378713738092,36.7436946274829
267.523924694914,3,15,33,129.988636007433,2.18633079192889,1,0.0449828372579591,597.643718235485,218.277577441135,0.306633785026524,0,161.938214128653,0,1,1,109.254101731013,36.7130174148041
260.895564635623,3,15,33,30.764674397522,2.1480309830256,1,0.0449828372579591,586.711354249368,214.816173802539,0.306633785026525,0,161.938214128653,0,1,1,109.127757351233,36.6818882640142
219.647675327536,2,15,33,258.378211840292,2.31973419300417,2,0.0449828372579591,573.607363443569,210.667189967669,0.306633785026522,0,161.938214128653,0,1,1,108.976452937574,36.6445755559611
265.571226501759,3,15,32,735.362560070442,2.05219323267039,1,0.0449828372579591,558.340375855171,205.833358377723,0.30663378502652,0,161.938214128654,0,1,1,108.800362383283,36.601103864079
288.707720452906,3,16,32,260.984581697549,2.2119537152655,2,0.0449828372579591,542.706138286851,200.883248147732,0.306633785026522,0,161.938214128653,0,1,1,108.620246488644,36.5565864532639
17.4357588133457,1,16,32,175.020717388538,1.99018234630158,8,0.0449828372579591,538.079401090943,199.418331229024,0.306633785026519,0,161.938214128656,0,1,1,108.566984525211,36.5434121389052
18.7626871290893,1,16,32,137.686164698485,2.18070893175353,2,0.0449828372579591,533.858543638632,198.081923901023,0.306633785026527,0,161.93821412865,0,1,1,108.518411233702,36.5313935390614
18.7322019568939,1,16,31,588.071629519961,2.09806747862229,8,0.0449828372579591,508.430135753352,190.030784761347,0.306633785026521,0,161.938214128653,0,1,1,108.226111713011,36.4589879052557
267.380902463999,3,16,31,429.59148756618,2.08244823533287,2,0.0449828372579591,505.020743382845,188.951303400164,0.306633785026524,0,161.938214128654,0,1,1,108.186963600146,36.4492798961427
257.423784144628,3,16,31,51.955907272148,2.034269007883,2,0.0449828372579591,491.422361112916,184.645785405344,0.306633785026524,0,161.938214128653,0,1,1,108.030921906792,36.4105594425686
11.2640732619645,2,16,31,22.2557405493686,2.00446357885815,2,0.0449828372579591,482.976569364135,181.971679939484,0.306633785026517,0,161.938214128654,0,1,1,107.934087426526,36.3865106343491
21.036824596677,1,16,31,123.94470476049,1.76310293411857,1,0.0449828372579591,475.635780001085,179.647440182767,0.306633785026529,0,161.938214128651,78.9744558744624,1.02855675070583,1,107.849972758042,36.3656082440435
0,3,10,41,634.651802517981,1.95632403326934,2,0.00867292498449826,972.88262838317,402.982973667739,0.422142006845744,0.422142006845744,13680.4188044251,0,1,3,113.742101690285,38.3741129503678
19.7273088314019,1,10,41,634.651802517981,1.68778929651963,1,0.00867292498449826,972.88262838317,402.982973667739,0,0,0,21.0425451000195,1,3,113.742101690285,38.3741129503678
193.904789795748,2,17,30,292.641477281735,1.63987866773287,1,0.0449828372579591,439.990482243294,168.361430723666,0.414741102910039,0.108107317883483,10108.5761142533,0,1.00000785155886,1,107.442197752082,36.2641107225318
207.473301034595,3,17,30,275.974134688641,1.84880009996996,2,0.0449828372579591,439.241912420821,168.124418645534,0.306633785026556,0,161.938214128663,0,1,1,107.433646137483,36.2619792217045
462.774059566443,2,17,30,260.532765376335,2.42047206142345,8,0.0449828372579591,420.502537343654,162.191160188397,0.306633785026522,0,161.938214128653,0,1,1,107.219727849227,36.2086201464645
217.757552062251,2,17,29,676.314213689047,2.33277643280374,8,0.0449828372579591,407.845966142393,158.183838289508,0.306633785026521,0,161.938214128654,0,1,1,107.075420644592,36.1725814348091
258.038938661139,3,17,29,66.8793552452362,2.21649763860508,8,0.0449828372579591,375.667061377157,147.995357720999,0.306633785026522,0,161.938214128653,19.0267608072705,1.10925482086789,1,106.709153220688,36.0809542277417
0,3,10,41,337.823395325981,2.56877658661969,7,0.00867292498449826,976.978978577076,395.757508956422,0.390838977677285,0.00338883720436134,14438.8604461072,0,48.6404142614307,3,113.77972035066,38.3091327850909
272.848453371202,3,17,28,494.242081603551,2.76466280975295,7,0.0449828372579591,349.639775950427,139.754602053399,0.387450140472924,0.0808163554464038,5484.33121922675,0,1.00005062231611,1,106.413565122925,36.006843331532
247.821724692082,3,17,28,319.766919682419,2.76470317122244,7,0.0449828372579591,339.298436749809,136.480328604177,0.30663378502652,0,161.938214128654,0,1,1,106.296283945364,35.9773970829663
258.818128843312,3,18,27,397.060810691841,2.28000089956981,6,0.0449828372579591,299.681303184574,123.93675701732,0.306633785026521,0,161.938214128654,0,1,1,105.847848405818,35.8645900335318
11.8196979846797,2,18,27,57.9696467084797,2.69819526551062,7,0.0449828372579591,287.920451088801,120.213037583079,0.306633785026524,0,161.938214128652,0,1,1,105.71498792685,35.8311018201158
7.10455718042551,2,18,27,97.6593329988653,2.38408722444823,6,0.0449828372579591,271.305047989378,114.952270852469,0.30663378502652,0,161.938214128653,0,1,1,105.527491833448,35.7837906082705
21.2098521353351,1,18,27,187.509574441606,2.39733703504468,6,0.0449828372579591,267.66385065998,113.799395435877,0.306633785026526,0,161.938214128651,0,1,1,105.48643497954,35.7734225505597
218.163427931701,2,18,26,638.659070437885,2.60458996399535,7,0.0449828372579591,252.877751464464,109.11782266525,0.306633785026521,0,161.938214128654,0,1,1,105.319830896499,35.7313201551367
44.6383096850206,2,19,26,265.811211375676,2.56932956853714,6,0.0449828372579591,222.568502985507,99.5213124226891,0.306633785026522,0,161.938214128653,0,1,1,104.978913602721,35.6450166651111
252.669082705172,3,19,25,199.306268195772,2.67791011491755,6,0.0449828372579591,191.685679816647,89.7431970377135,0.306633785026522,0,161.938214128653,0,1,1,104.632368351303,35.5570799608024
458.981686309551,2,19,25,55.4527694168946,2.36378054110546,7,0.0449828372579591,185.307807048299,87.7238358057878,0.306633785026523,0,161.938214128654,0,1,1,104.560903931083,35.5389194089421
101.039828820816,2,19,25,17.9328623694469,2.7269775711666,6,0.0449828372579591,174.277191325026,84.2313237151753,0.306633785026522,0,161.938214128654,0,1,1,104.437388953689,35.5075104931219
5.83411631075005,2,19,25,359.652245983854,2.76025360618285,6,0.0449828372579591,160.181823955177,79.7684503637852,0.306633785026518,0,161.938214128653,0,1,1,104.279710861684,35.4673749088281
12.9842165773399,2,19,24,527.219189681965,2.46564498804635,8,0.0449828372579591,148.777610207061,76.1576497159854,0.306633785026522,0,161.938214128655,0,1,1,104.152264145316,35.4349021984558
261.379212951631,3,19,24,427.453036315593,2.45469707404833,8,0.0449828372579591,145.835014319294,75.2259653953967,0.306633785026521,0,161.938214128654,0,1,1,104.119397840772,35.4265233600617
258.038938661139,3,19,24,279.528156576138,2.81967148877517,6,0.0449828372579591,124.167669516077,68.365653551059,0.306633785026521,0,161.938214128653,0,1,1,103.877624333772,35.3648270934122
461.366102737242,2,20,24,313.263768128822,2.12561980534839,7,0.0449828372579591,122.255943589437,67.7603631411463,0.306633785026531,0,161.938214128654,109.553520040809,1.00434325163344,1,103.856312122599,35.3593835859773
0,3,11,41,172.944235686976,2.5860648589391,6,0.00867292498449826,1004.38518683521,347.416282921907,0.307000824373646,1.5238817165697e-05,5045.65469275286,15.1604236485504,47.1716310916601,3,114.029307959319,37.8743896947965
289.574585523758,3,20,23,80.1212696192734,2.79421365318915,6,0.0449828372579591,84.0406236426344,55.6606335966536,0.306985585556481,0.000351800529958202,15055.4306326875,0,1.00000000020218,1,103.430950230398,35.250568103926
215.763417031706,2,20,23,35.2790400224777,2.20824110965555,8,0.0449828372579591,81.0134931773418,54.7021839493152,0.306633785026523,0,161.938214128652,0,1,1,103.39731066722,35.2419485591656
269.412893886788,3,20,23,146.871993892317,2.7463325507869,6,0.0449828372579591,64.4525339371993,49.4586552262262,0.306633785026522,0,161.938214128652,0,1,1,103.213415233194,35.1947923724463
245.843339430227,3,20,23,283.451986341384,2.12877647732737,8,0.0449828372579591,59.8957734922143,48.0158943371348,0.30663378502652,0,161.938214128652,0,1,1,103.16285820302,35.181817312049
217.643567330483,3,20,22,275.288396271441,2.05398581082622,8,0.0449828372579591,39.1711613653397,41.4540703880282,0.306633785026522,0,161.938214128654,0,1,1,102.933148005543,35.1228054115323
258.979299321468,3,20,22,245.00794608605,2.44093140177367,5,0.0449828372579591,37.6346130470382,40.9675686628203,0.306633785026503,0,161.938214128655,0,1,1,102.916131915103,35.1184301964043
266.523208044919,3,20,22,297.092404251478,1.66868611985056,4,0.0449828372579591,18.7528148043182,34.9892162018537,0.306633785026522,0,161.938214128653,0,1,1,102.707198547306,35.0646655810449
14.8661421647354,2,20,22,338.610644671313,2.59930274870661,6,0.0449828372579591,17.1141150624993,34.4703713064494,0.306633785026519,0.0168917918970123,161.938214128645,303.396923820474,1.00331194717232,1,102.689080445481,35.0599994967993
24.2665203517867,1,12,41,450.963819114483,1.71491306349748,7,0.00867292498449826,1013.4098666552,331.497842729148,0.289741993129507,0,11755.290562999,0,63.797692488122,3,114.110697243549,37.7312317228177
257.172402641774,3,21,21,178.631524369446,2.48085170828309,6,0.0449828372579591,-14.4518329227719,24.4759650324999,0.290263339639518,0,9245.83255353662,0,1.00000185485443,1,102.340531834417,34.9701176417944
266.323473171455,3,21,21,20.8701249053686,2.42471826808846,6,0.0449828372579591,-29.0150128797105,19.8649729216912,0.306633785026526,0,161.938214128653,0,1,1,102.180019166892,34.9286499934947
246.863598028075,3,21,20,260.786396719543,2.81073433964431,5,0.0449828372579591,-62.2464323640559,9.34324528209805,0.306633785026519,0.0165676621423437,161.938214128654,104.703580628462,1.06405680131924,1,101.814440818159,34.8340258235159
19.7820104374814,1,12,41,454.609529626591,2.53960166147919,5,0.0415456222823501,1013.93719518877,330.567699179345,0.290066122884176,0,81297.0620468307,0,230.508832226056,3,114.115440738764,37.7228667409083
242.154297929046,3,21,20,135.694942973033,1.9988319108838,4,0.0449828372579591,-71.5769107741335,6.38903044260888,0.2902092441107,0,24299.5103336179,0,1.00000080526765,1,101.711969435317,34.8074579311791
99.661569339687,2,21,20,162.058802128689,2.48111654399217,7,0.0449828372579591,-78.1032102340014,4.32267437125586,0.30663378502653,0,161.938214128652,0,1,1,101.640339868981,34.7888747445742
249.453152559021,3,21,20,300.198184672388,2.21052813208372,6,0.0449828372579591,-85.3149253002364,2.03930210131659,0.306633785026514,0,161.938214128657,0,1,1,101.561230683999,34.7683398844071
272.851910040812,3,21,20,413.660669244928,2.06369226276723,4,0.0449828372579591,-88.9628645115131,0.884292070976812,0.306633785026535,0,161.938214128646,0,1,1,101.521231739744,34.7579526296537
41.4202151056995,2,22,20,545.921659717317,2.17524051426614,6,0.0449828372579591,-92.9674405889346,-0.3836362767276,0.306633785026516,0,161.938214128656,0,1,1,101.477335697055,34.7465498760753
244.462308881604,3,22,20,788.376727688126,2.11407837605292,4,0.0449828372579591,-100.775425451504,-2.85579941067761,0.306633785026523,0.0159922165653579,161.938214128651,112.299373749422,1.01417697717237,1,101.391788896893,34.7243171788781
0,3,12,41,454.609529626591,2.28942902738533,7,0.0415456222823501,1013.93719518877,330.567699179345,0.290641568461165,0,20608.2403432502,64.5430370593741,158.226443372829,3,114.115440738764,37.7228667409083
272.806002135287,3,22,19,251.442789294998,2.33526421318802,7,0.0449828372579591,-114.885484944345,-7.32332458010529,0.290842433937443,0,33726.6472365881,0,1.00000040592891,1,101.237329315833,34.6841397597796
15.4756285401244,2,22,19,151.141075764883,2.88249091286191,5,0.0449828372579591,-118.566822747665,-8.48890926823833,0.306633785026538,0,161.938214128644,0,1,1,101.19705910023,34.6736574048439
268.299300834187,3,22,19,31.3229218954911,2.86482532521731,5,0.0449828372579591,-130.59564397284,-12.2974730527696,0.306633785026518,0,161.938214128656,0,1,1,101.065557981602,34.6394061678544
264.336654407519,3,22,19,77.7950795500762,2.25371847147403,7,0.0449828372579591,-135.775081821671,-13.9373859790674,0.30663378502652,0,161.938214128652,0,1,1,101.008974329958,34.62465807659
101.556676399271,2,22,19,549.254926153217,2.19533930153947,7,0.0449828372579591,-150.855420262149,-18.7121207404982,0.306633785026525,0.0153014136984053,161.938214128652,15.027912071561,1.02635728610923,1,100.844359753047,34.5817178552551
20.5401184255956,1,12,41,454.609529626591,2.04686349616742,7,0.0415456222823501,1013.93719518877,330.567699179345,0.29133237132812,0,5446.49063766223,70.5594615816262,62.6859803482729,3,114.115440738764,37.7228667409083
269.832859241028,3,22,18,285.93105305204,2.05406462357126,7,0.0449828372579591,-188.442886839166,-30.613059434134,0.2918128803619,0,62160.0164749113,0,1.00000003510812,1,100.434923697021,34.4746901422761
247.522368712251,3,22,18,297.033434906235,2.62273995748161,5,0.0362522955211242,-188.825738020661,-30.734277724556,0.306633785026478,0.306633785026478,3.03447574100776,0,1,1,100.430759677437,34.4736
238.102139886359,3,22,18,297.033434906235,2.55703270818376,4,0.0362522955211242,-188.825738020661,-30.734277724556,0,0,0,392.9012508942,1,1,100.430759677437,34.4736
0,3,12,41,454.609529626591,2.36251004348101,4,0.0415456222823501,1013.93719518877,330.567699179345,0.29181761943929,0,34143.274007974,0,251171478636.984,3,114.115440738764,37.7228667409083
264.900310151276,3,22,18,297.033434906235,1.73295108671548,3,0.0362522955211242,-188.825738020661,-30.734277724556,0.29181761943929,0,32797.9722575313,0,251171478636.984,1,100.430759677437,34.4736
0,3,12,41,454.609529626591,2.41751033324062,5,0.0415456222823501,1013.93719518877,330.567699179345,0.29181761943929,0,27579.4963165615,0,251171478636.984,3,114.115440738764,37.7228667409083
239.965148739217,3,22,18,297.033434906235,1.82507428129271,7,0.0362522955211242,-188.825738020661,-30.734277724556,0.29181761943929,0.29181761943929,9990.76938692276,0,1,1,100.430759677437,34.4736
10.1835134275548,2,22,18,297.033434906235,2.44250459093894,5,0.0362522955211242,-188.825738020661,-30.734277724556,0,0,0,0,1,1,100.430759677437,34.4736
259.384039043454,3,22,18,297.033434906235,2.73919979710328,4,0.0362522955211242,-188.825738020661,-30.734277724556,0,0,0,0,1,1,100.430759677437,34.4736
18.5872363571022,1,22,18,297.033434906235,2.78986991770237,4,0.0362522955211242,-188.825738020661,-30.734277724556,0,0,0,0,1,1,100.430759677437,34.4736
9.84180464457588,2,22,18,297.033434906235,1.94491409658515,3,0.0362522955211242,-188.825738020661,-30.734277724556,0,0,0,0,1,1,100.430759677437,34.4736
95.4662432455939,2,22,18,297.033434906235,2.22392547914496,5,0.0362522955211242,-188.825738020661,-30.734277724556,0,0,0,0,1,1,100.430759677437,34.4736
98.3577278533535,2,22,18,297.033434906235,2.89593804941961,4,0.0362522955211242,-188.825738020661,-30.734277724556,0,0,0,0,1,1,100.430759677437,34.4736
266.560875795932,3,22,18,297.033434906235,2.16123303727802,3,0.0362522955211242,-188.825738020661,-30.734277724556,0,0,0,0,1,1,100.430759677437,34.4736
217.758967420595,2,22,18,297.033434906235,2.32745762102798,6,0.0362522955211242,-188.825738020661,-30.734277724556,0,0,0,0,1,1,100.430759677437,34.4736
10.1913947813697,2,22,18,297.033434906235,2.19376817579183,3,0.0362522955211242,-188.825738020661,-30.734277724556,0,0,0,0,1,1,100.430759677437,34.4736
5.65976311896307,2,22,18,297.033434906235,2.25631927957638,3,0.0362522955211242,-188.825738020661,-30.734277724556,0,0,0,0,1,1,100.430759677437,34.4736
255.740265392107,3,22,18,297.033434906235,2.85119174595849,4,0.0362522955211242,-188.825738020661,-30.734277724556,0,0,0,0,1,1,100.430759677437,34.4736
108.074833319794,2,22,18,297.033434906235,2.18244757420037,6,0.0362522955211242,-188.825738020661,-30.734277724556,0,0,0,0,1,1,100.430759677437,34.4736
230.185030336348,3,22,18,297.033434906235,1.93596944415737,5,0.0362522955211242,-188.825738020661,-30.734277724556,0,0,0,1187.28610003574,1,1,100.430759677437,34.4736
102.139789845149,2,11,42,400.348744424299,2.55245987189658,4,0.0415456222823501,1026.83149753756,363.459344806045,0.313565878273481,0,78612.7545832539,0,255594297777.462,3,114.309643466182,38.0186684165714
13.6169898704624,2,22,18,297.033434906235,2.77436883238995,4,0.0362522955211242,-188.825738020661,-30.734277724556,0.313565878273481,0.313565878273481,26727.9136745746,0,1,1,100.430759677437,34.4736
7.78304725464384,2,22,18,297.033434906235,2.08305049283114,6,0.0362522955211242,-188.825738020661,-30.734277724556,0,0,0,0,1,1,100.430759677437,34.4736
218.251870359677,2,22,18,297.033434906235,1.59131911585128,2,0.0362522955211242,-188.825738020661,-30.734277724556,0,0,0,0,1,1,100.430759677437,34.4736
10.4102453376659,2,22,18,297.033434906235,2.49380654160844,3,0.0362522955211242,-188.825738020661,-30.734277724556,0,0,0,0,1,1,100.430759677437,34.4736
99.5411199364184,2,22,18,297.033434906235,1.6857103538207,2,0.0362522955211242,-188.825738020661,-30.734277724556,0,0,0,0,1,1,100.430759677437,34.4736
19.8690777509923,1,22,18,297.033434906235,2.55414297498922,4,0.0362522955211242,-188.825738020661,-30.734277724556,0,0,0,0,1,1,100.430759677437,34.4736
265.153461358472,3,22,18,297.033434906235,1.78716661979664,2,0.0362522955211242,-188.825738020661,-30.734277724556,0,0,0,266.040787028124,1,1,100.430759677437,34.4736
19.4173064999725,1,10,42,102.290130306733,2.38761007478633,4,0.0666956234641823,1040.69477525485,398.822717369154,0.336113036739966,0,81077.036684959,0,260479550414.17,3,114.519742503915,38.336698866613
213.362465191325,2,22,18,297.033434906235,2.45138734142177,4,0.0362522955211242,-188.825738020661,-30.734277724556,0.336113036739966,0.336113036739966,19245.3727984945,0,1,1,100.430759677437,34.4736
263.02975032462,3,22,18,297.033434906235,1.80313612663189,6,0.0362522955211242,-188.825738020661,-30.734277724556,0,0,0,0,1,1,100.430759677437,34.4736
112.366003802014,2,22,18,297.033434906235,1.86860544648533,2,0.0362522955211242,-188.825738020661,-30.734277724556,0,0,0,0,1,1,100.430759677437,34.4736
9.93298767529188,2,22,18,297.033434906235,2.78598361826847,3,0.0362522955211242,-188.825738020661,-30.734277724556,0,0,0,0,1,1,100.430759677437,34.4736
97.4771915114541,2,22,18,297.033434906235,1.96571602883719,2,0.0362522955211242,-188.825738020661,-30.734277724556,0,0,0,0,1,1,100.430759677437,34.4736
239.215359052952,3,22,18,297.033434906235,2.49865570803972,5,0.0362522955211242,-188.825738020661,-30.734277724556,0,0,0,0,1,1,100.430759677437,34.4736
6.30776819154081,2,22,18,297.033434906235,1.59572658629455,6,0.0362522955211242,-188.825738020661,-30.734277724556,0,0,0,0,1,1,100.430759677437,34.4736
9.63890878720128,2,22,18,297.033434906235,2.89574051955251,3,0.0362522955211242,-188.825738020661,-30.734277724556,0,0,0,169.561680413436,1,1,100.430759677437,34.4736
0,3,10,42,102.290130306733,2.10473433896553,4,0.0666956234641823,1040.69477525485,398.822717369154,0.336113036739966,0,12874.7516083945,1475.62290513776,260479550414.17,3,114.519742503915,38.336698866613
7.03656585050379,2,22,18,297.033434906235,2.12619525451199,4,0.0362522955211242,-188.825738020661,-30.734277724556,0.336113036739966,0.336113036739966,550256.197623195,0,1,1,100.430759677437,34.4736
246.658344781607,3,22,18,297.033434906235,2.15996157692212,2,0.0362522955211242,-188.825738020661,-30.734277724556,0,0,0,0,1,1,100.430759677437,34.4736
248.287467974795,3,22,18,297.033434906235,2.89917636269943,3,0.0362522955211242,-188.825738020661,-30.734277724556,0,0,0,0,1,1,100.430759677437,34.4736
99.991038589147,2,22,18,297.033434906235,2.07689492838375,4,0.0362522955211242,-188.825738020661,-30.734277724556,0,0,0,0,1,1,100.430759677437,34.4736
251.494355138424,3,22,18,297.033434906235,2.04736043312563,4,0.0362522955211242,-188.825738020661,-30.734277724556,0,0,0,0,1,1,100.430759677437,34.4736
260.08596693049,3,22,18,297.033434906235,2.29636479907102,2,0.0362522955211242,-188.825738020661,-30.734277724556,0,0,0,0,1,1,100.430759677437,34.4736
457.665326949612,2,22,18,297.033434906235,2.79145441648614,3,0.0362522955211242,-188.825738020661,-30.734277724556,0,0,0,0,1,1,100.430759677437,34.4736
272.782953755405,3,22,18,297.033434906235,2.39298544228374,2,0.0362522955211242,-188.825738020661,-30.734277724556,0,0,0,0,1,1,100.430759677437,34.4736
225.604802697742,3,22,18,297.033434906235,1.84785612117796,4,0.0362522955211242,-188.825738020661,-30.734277724556,0,0,0,0,1,1,100.430759677437,34.4736
256.060170904484,3,22,18,297.033434906235,1.83500160648295,4,0.0362522955211242,-188.825738020661,-30.734277724556,0,0,0,0,1,1,100.430759677437,34.4736
299.09728819846,3,22,18,297.033434906235,2.4913316133168,2,0.0362522955211242,-188.825738020661,-30.734277724556,0,0,0,0,1,1,100.430759677437,34.4736
321.525503844916,3,22,18,297.033434906235,1.75291140569353,4,0.0362522955211242,-188.825738020661,-30.734277724556,0,0,0,0,1,1,100.430759677437,34.4736
260.556327921957,3,22,18,297.033434906235,2.56145579471202,3,0.0362522955211242,-188.825738020661,-30.734277724556,0,0,0,0,1,1,100.430759677437,34.4736
295.57425896302,3,22,18,297.033434906235,1.86129056682673,5,0.0362522955211242,-188.825738020661,-30.734277724556,0,0,0,0,1,1,100.430759677437,34.4736
232.115382384357,3,22,18,297.033434906235,1.85654683477413,1,0.0362522955211242,-188.825738020661,-30.734277724556,0,0,0,0,1,1,100.430759677437,34.4736
247.495063104199,3,22,18,297.033434906235,2.7577393932412,2,0.0362522955211242,-188.825738020661,-30.734277724556,0,0,0,0,1,1,100.430759677437,34.4736
264.50523286646,3,22,18,297.033434906235,2.80395609291518,2,0.0362522955211242,-188.825738020661,-30.734277724556,0,0,0,0,1,1,100.430759677437,34.4736
11.3858114878162,2,22,18,297.033434906235,2.03693519468684,1,0.0362522955211242,-188.825738020661,-30.734277724556,0,0,0,0,1,1,100.430759677437,34.4736
259.030175775309,3,22,18,297.033434906235,2.44322406825437,4,0.0362522955211242,-188.825738020661,-30.734277724556,0,0,0,0.563738905405851,1,1,100.430759677437,34.4736
221.983208677487,3,22,18,110.485578978073,2.38786849536804,4,0.0362522955211242,-178.405884194584,-27.4613986363413,0.304342117092103,0,120.67552278943,0.0301785388051149,1,1,100.544141575381,34.5030337087759
99.9069727301319,2,22,18,115.106319879324,2.35590092508004,4,0.0362522955211242,-171.88530749034,-25.4132836152832,0.304342117092102,0,130.508263876048,0,1,1,100.615141898226,34.5214528496744
263.399075086454,3,22,18,145.991726179042,2.34211663813474,4,0.0362522955211242,-169.069012063453,-24.5286844104626,0.304342117092103,0,130.508263876047,0,1,1,100.64581894163,34.5294082414491
262.664983009483,3,22,19,430.699941658361,2.84528737420712,2,0.0362522955211242,-148.213398240766,-17.9779301012871,0.304342117092103,0,130.508263876048,39.2326723092431,1.0000090416619,1,100.873206198988,34.5883205903022
0,3,10,42,102.290130306733,2.17212252553105,4,0.0666956234641823,1040.69477525485,398.822717369154,0.337186351167619,0,23787.8973597678,0,127.924335062719,3,114.519742503915,38.336698866613
101.043163763237,2,22,19,27.6556505259405,1.91512685092739,3,0.0362522955211242,-129.567436465207,-12.1212281366058,0.33770379628994,0.0333616791978376,12814.2516017949,0,1.0272407818508,1,101.076820219139,34.6409911764648
265.910034067056,3,22,19,287.616171041456,2.71360828203362,2,0.0362522955211242,-113.662206967008,-7.12539096971289,0.304342117092103,0,130.508263876047,0,1,1,101.250743017392,34.6859198195032
272.628963836849,3,22,19,440.221177693806,2.45421232387546,1,0.0362522955211242,-109.668042455098,-5.87082274600086,0.304342117092104,0,130.508263876047,80.9267730760012,1.00000196273785,1,101.294453347018,34.6972024226
459.453103024211,2,10,42,102.290130306733,2.47324617530019,2,0.0666956234641823,1040.69477525485,398.822717369154,0.338274311078955,0,9476.25736249169,2.37419086339135,76.538351939145,3,114.519742503915,38.336698866613
264.255724632863,3,21,20,189.46645774313,1.9213039408394,4,0.0362522955211242,-79.6586609690445,3.55513262298516,0.339172541477885,0.0348304243857821,10576.156965432,0,1.00956358948698,1,101.623303616935,34.7819720757976
9.54005104738277,2,21,20,141.8677403213,2.61252295042975,1,0.0362522955211242,-74.2629322382832,5.2499325715595,0.304342117092103,0,130.508263876047,0,1,1,101.682513948315,34.7972137779122
316.305569748204,3,21,20,169.622478821334,1.86776725788478,4,0.0362522955211242,-67.7502973617269,7.2955530622534,0.304342117092103,0,130.508263876048,0,1,1,101.754014242127,34.8156104849601
101.683317041268,2,21,20,172.550862998584,2.49762244880525,2,0.0362522955211242,-67.4998370983339,7.37422270313033,0.304342117092082,0,130.508263876047,6584.51497364108,1.00000013836838,1,101.756764703687,34.8163179780378
18.5208122921825,1,10,42,102.290130306733,1.86298745562322,4,0.0666956234641823,1040.69477525485,398.822717369154,0.339550153402641,0,47812.9589225133,0,278.254924129147,3,114.519742503915,38.336698866613
253.432375729771,3,21,20,339.507049238093,1.83091086992432,4,0.0362522955211242,-59.469256319721,9.89663043890526,0.339804076278748,0.0354619591866522,29233.5890629052,0,1.00338472755235,1,101.844982309739,34.839002535795
251.482681721216,3,21,20,399.111501931379,2.44985998062626,2,0.0362522955211242,-57.5878024726408,10.4875956342268,0.304342117092096,0,130.508263876048,0,1,1,101.865658535742,34.84431721348
201.479982229222,3,21,20,662.624627184589,1.79412680987518,4,0.0362522955211242,-51.1349324277519,12.5144439740787,0.304342117092104,0,130.508263876048,0,1,1,101.936595564751,34.8625450985195
10.2301719095417,2,21,21,478.83196047335,2.39521771003817,2,0.0362522955211242,-47.146561417752,13.7671924571718,0.304342117092102,0,130.508263876047,0,1,1,101.98045812009,34.8738113362958
19.1294228623301,2,21,21,259.646894407539,2.36835994342406,2,0.0362522955211242,-41.5475711026056,15.5258369279511,0.304342117092102,0,130.508263876048,0,1,1,102.042056848988,34.8896272059928
218.509681997016,2,21,21,205.773432895679,2.75295574400908,1,0.0362522955211242,-39.8148721340422,16.0700781730816,0.304342117092108,0,130.508263876046,0,1,1,102.061125073696,34.8945216850986
6.40258621847537,2,21,21,30.679998571447,2.51746342729269,3,0.0362522955211242,-22.3974613437691,21.5408919193999,0.304342117092102,0,130.508263876048,0,1,1,102.252946604416,34.9437218951388
15.9170430440642,2,21,21,262.722239731856,2.22437403390901,2,0.0362522955211242,-11.4217983128551,24.9883508389549,0.304342117092102,0,130.508263876048,0,1,1,102.37395857322,34.9747256380575
37.4679754632468,2,21,21,544.545241072625,2.85199623442504,1,0.0362522955211242,-4.51279283920783,27.1584714483698,0.304342117092102,0,130.508263876047,0,1,1,102.450187107289,34.9942420015725
284.924987578201,3,21,22,405.593291156625,2.34511559660747,3,0.0362522955211242,12.8270274769808,32.6049140044281,0.304342117092104,0,130.508263876047,0,1,1,102.641682838362,35.043223036233
251.668862959314,3,20,22,287.983672108933,2.84351306722183,1,0.0362522955211242,19.9065027792804,34.8285792361267,0.304342117092102,0,130.508263876048,0,1,1,102.719941164051,35.063220938105
252.030177941179,3,20,22,206.725948157831,2.29243335724451,3,0.0362522955211242,25.1559110922863,36.4774198993364,0.304342117092101,0,130.508263876048,0,1,1,102.777997443426,35.0780493184364
454.157564339563,2,20,22,191.215952978317,2.26041981965898,3,0.0362522955211242,31.9037629070906,38.5969220980883,0.304342117092105,0,130.508263876047,0,1,1,102.852660887286,35.0971104596477
24.3951235690901,2,20,22,250.39985961508,2.23499149995237,3,0.0362522955211242,37.2757733392137,40.2842721222283,0.3043421170921,0,130.508263876048,0,1,1,102.912129108532,35.1122851629823
257.774770772983,3,20,22,302.518407731013,2.80603991977049,1,0.0362522955211242,39.9067431958757,41.110660512058,0.304342117092106,0,130.508263876047,0,1,1,102.941263080297,35.1197170523208
219.042710071612,2,20,22,588.800098879577,2.77998440903955,1,0.0362522955211242,48.7409690687054,43.8854934034167,0.304342117092102,0,130.508263876048,0,1,1,103.039132425936,35.144671724041
283.284957376078,3,20,23,346.939371197342,1.90394415094762,2,0.0362522955211242,58.2921038086703,46.8855075764486,0.304342117092104,0,130.508263876048,0,1,1,103.145019915596,35.1716514996797
258.029822245776,3,20,23,206.157587349992,2.72211663197239,1,0.0362522955211242,62.3854846578924,48.1712396802896,0.304342117092103,0,130.508263876047,0,1,1,103.190424830134,35.1832143662837
6.67275248914406,2,20,23,174.72589348156,2.71803075985362,1,0.0362522955211242,63.4809809892324,48.5153353935217,0.304342117092113,0,130.508263876045,0,1,1,103.202578836581,35.1863088933779
101.517484363859,2,20,23,21.0202758423587,2.68525205891275,1,0.0362522955211242,71.9172893951459,51.1651822939017,0.304342117092099,0,130.508263876048,0,1,1,103.2962103988,35.2101395390768
257.703562604021,3,20,23,90.8681792146195,1.78655540048823,2,0.0362522955211242,84.9445926891042,55.257062011055,0.304342117092105,0,130.508263876047,0,1,1,103.440916655966,35.2469386974613
269.316778157894,3,20,23,249.67755784029,2.60473100471746,1,0.0362522955211242,90.9814435658634,57.1532386103628,0.304342117092104,0,130.508263876046,0,1,1,103.508023276485,35.2639914233053
101.612315625401,2,20,23,386.106039406361,2.58841758177998,1,0.0362522955211242,94.6695859299207,58.3116851892844,0.304342117092104,0,130.508263876048,0,1,1,103.549036776414,35.2744095836826
261.529526529366,3,20,23,628.448003308275,1.94332868214408,3,0.0362522955211242,99.854524614275,59.9402759235641,0.304342117092099,0,130.508263876048,0,1,1,103.606715092629,35.2890558520279
220.571077822166,2,20,24,335.745866161808,2.48648216385188,1,0.0362522955211242,115.768593735911,64.9388896187252,0.304342117092102,0,130.508263876048,0,1,1,103.783891614055,35.3340094649849
246.957203995739,3,19,24,284.871959236676,1.83339925187144,3,0.0362522955211242,125.4901790168,67.9924423557597,0.304342117092104,0,130.508263876048,0,1,1,103.892232941601,35.3614707244972
271.008815606925,3,19,24,249.971204318588,1.57636487796384,2,0.0362522955211242,135.546803477338,71.1512309956301,0.304342117092103,0,130.508263876047,0,1,1,104.004394076898,35.3898783932208
249.924868604195,3,19,24,370.827480694487,1.75676447602846,3,0.0362522955211242,143.138647890735,73.5358315127124,0.304342117092103,0,130.508263876047,0,1,1,104.089123544955,35.4113236208858
256.697626271079,3,19,24,544.910946733043,1.6869753500803,8,0.0362522955211242,148.841518964279,75.3271049596273,0.304342117092101,0,130.508263876049,0,1,1,104.152803734161,35.427432930015
261.594194322857,3,19,25,406.995583923169,1.68680737495766,3,0.0362522955211242,159.266117015358,78.6014742102816,0.304342117092102,0,130.508263876048,0,1,1,104.269281011974,35.4568800401437
254.979624188764,3,19,25,65.097683804096,2.46484959516607,2,0.0362522955211242,170.816036374435,82.2293072079274,0.304342117092104,0,130.508263876048,103.292005319003,1.00005980185338,1,104.398441585301,35.4895059261182
19.1896234003807,1,9,40,262.87998983314,1.71485188992366,8,0.0315382685845002,950.469350973855,409.173319075842,0.397071397170419,0,34624.3531766777,0,127.42217146555,3,113.491204727178,38.4297840641038
212.776079315103,2,19,25,26.0151140328541,2.1740597634485,1,0.0362522955211242,183.37780760465,86.1749631697622,0.398536223802367,0.0941941067102597,10884.0020890907,0,1.00856656501563,1,104.539048458056,35.5249900626782
267.733586388924,3,19,25,74.9578847368898,2.39168258834218,2,0.0362522955211242,186.772117978686,87.2411170359796,0.304342117092107,0,130.508263876045,0,1,1,104.577065191544,35.5345782147494
39.3988140435754,2,19,25,194.870833188892,2.36830117914718,2,0.0362522955211242,191.830517820399,88.8299618833362,0.304342117092103,0,130.508263876048,0,1,1,104.633738437042,35.5488670397462
223.764601671386,2,19,26,405.988449714599,2.26930887699154,2,0.0362522955211242,212.276883103242,95.2521711082622,0.304342117092102,0,130.508263876048,0,1,1,104.863040661694,35.6066233548833
224.26297009836,2,19,26,279.125294464699,2.24179934976261,2,0.0362522955211242,218.251359799076,97.1287559593747,0.304342117092102,0,130.508263876047,0,1,1,104.930111564243,35.6234998879027
253.287961560975,3,19,26,231.23545106775,2.20652201759986,2,0.0362522955211242,225.920563217913,99.5376549623491,0.304342117092102,0,130.508263876048,28.9847247212359,1.00004601849301,1,105.01625311254,35.6451636371012
19.3299338164875,1,10,39,107.077436921062,2.13736977508791,2,0.0315382685845002,897.483159716798,380.847696037,0.396683028720761,0,6557.61308132418,14.7034601874094,65.4874126936661,3,112.843481906529,38.1750456161044
35.9262368781461,2,18,26,458.340340936561,2.11654604966797,2,0.0362522955211242,246.817357499585,106.101344065554,0.399542612629599,0.0952004955374934,12434.7814582818,0,1.02805685017736,1,105.25122686385,35.7041923113517
101.938905608217,2,18,27,683.314229906551,2.07113829853969,2,0.0362522955211242,256.161189731984,109.036244461246,0.304342117092106,0,130.508263876047,0,1,1,105.356415637034,35.7305865047223
23.1214339796596,1,18,27,406.490590263877,2.04538102912229,2,0.0362522955211242,261.884554790889,110.833955074866,0.304342117092099,0,130.508263876048,0,1,1,105.420884058711,35.7467537046825
265.353287047897,3,18,27,135.767837035447,2.2124158284426,8,0.0362522955211242,270.065729419521,113.40366438231,0.304342117092105,0,130.508263876047,0,1,1,105.513086616723,35.7698636556937
224.203124507811,2,18,27,12.1333373376844,2.24976007048784,8,0.0362522955211242,278.243933847175,115.972440748772,0.304342117092101,0,130.508263876048,0,1,1,105.605313543646,35.792965216565
314.017935565033,3,18,27,26.3143169140757,1.72195165346087,1,0.0362522955211242,285.584197591759,118.278019705312,0.304342117092102,0,130.508263876047,0,1,1,105.688140126746,35.8136997862627
257.442878104555,3,18,27,42.0598302930282,1.93372289040416,2,0.0362522955211242,286.953304507164,118.708056581813,0.304342117092107,0,130.508263876049,0,1,1,105.703594106712,35.8175672008065
250.487487064061,3,18,27,99.9474454260567,1.91853097109919,2,0.0362522955211242,290.400604386641,119.790854466953,0.304342117092101,0,130.508263876047,0,1,1,105.742513150027,35.827305036136
100.426911718814,2,18,27,219.95046812137,1.89802682121641,2,0.0362522955211242,295.06852568112,121.257049890146,0.304342117092106,0,130.508263876047,0,1,1,105.79522904252,35.8404908483617
240.603943061183,3,18,27,301.949659657092,1.67176905974225,1,0.0362522955211242,297.514525345695,122.02533908936,0.304342117092098,0,130.50826387605,0,1,1,105.822859793817,35.8474002391262
266.165258253177,3,18,28,567.1641685822,1.83696182632378,2,0.0362522955211242,308.660567951316,125.526314282409,0.304342117092103,0,130.508263876047,0,1,1,105.94883435789,35.8788852654551
258.974719940323,3,18,28,253.747192803259,1.79161361233218,2,0.0362522955211242,319.217976223752,128.842399261847,0.304342117092106,0,130.508263876047,0,1,1,106.068255135337,35.9087075341459
20.6048315694127,2,18,28,183.463728397529,2.45697264482564,8,0.0362522955211242,325.502785832388,130.816459770262,0.304342117092101,0,130.508263876047,0,1,1,106.139391911995,35.926460686812
228.983821319395,2,18,28,180.121059531021,2.34710069220946,8,0.0362522955211242,328.314878001514,131.699738730609,0.304342117092101,0,130.508263876049,0,1,1,106.171232603197,35.9344042053429
7.4665132686719,2,18,28,214.712410318339,2.32543772571198,8,0.0362522955211242,333.127248101288,133.211305565153,0.304342117092101,0,130.508263876048,23.0737522617344,1.00004222466054,1,106.225737857817,35.9479980524738
0,3,12,37,382.962874511297,1.91887668316642,6,0.0315382685845002,806.982057204186,332.467164174741,0.398052782224087,0,3341.01208107165,0,23.2456888976562,3,111.746718220275,37.7399490400087
250.749234297803,3,17,29,122.629180151148,2.74845761818974,7,0.0362522955211242,373.589494456216,145.920508800406,0.406463811034961,0.102121693942865,2757.47663636054,0,1.01573003384722,1,106.684808225022,36.0622946631086
254.718490801618,3,17,29,59.1186813477424,2.75043195998168,7,0.0362522955211242,377.111638448591,147.026815242966,0.304342117092096,0,130.508263876049,0,1,1,106.724836206046,36.0722439159742
260.744505032725,3,17,29,129.684076972892,2.74697838424767,7,0.0362522955211242,393.841244633879,152.281589364736,0.304342117092104,0,130.508263876047,0,1,1,106.91510902915,36.1195012349935
219.488484415441,2,17,29,240.764744306285,2.03571082542803,8,0.0362522955211242,397.939975493205,153.569001908292,0.304342117092093,0,130.50826387605,0,1,1,106.961762522158,36.131079214155
219.873208734026,2,17,30,258.37286928421,2.6916130424336,7,0.0362522955211242,419.365702468768,160.298828923007,0.304342117092105,0,130.508263876047,21.410301268933,1.00027981582938,1,107.205875673591,36.1916020025393
0,3,13,36,316.338857950354,2.62130983204776,7,0.0315382685845002,750.344839366167,302.189757092102,0.405000841371264,0,13393.890641125,0,93.8825703912672,3,111.066475813657,37.4676577764026
10.4859564440167,2,17,30,147.217552515649,2.67300668276762,7,0.0362522955211242,426.607937941363,162.573617171078,0.407164504859149,0.102822387767045,11271.323874598,0,1.03998154529881,1,107.2884795529,36.2120596647431
210.226320211175,2,17,30,146.365696263377,2.32424213226865,6,0.0362522955211242,433.218353424599,164.649950578496,0.304342117092104,0,130.508263876048,0,1,1,107.363916576184,36.2307325796869
225.11283260992,3,17,30,174.011938453794,2.33626209416148,6,0.0362522955211242,435.947056710449,165.507037066586,0.304342117092104,0,130.508263876044,0,1,1,107.395067127217,36.2384405436557
263.212189851782,3,16,30,633.749459812634,2.59101932944735,7,0.0362522955211242,453.28641964656,170.95333595943,0.304342117092102,0,130.508263876048,0,1,1,107.593161666348,36.287420286322
185.235793138348,3,16,31,713.619591084909,1.76340198298273,8,0.0362522955211242,461.129241860696,173.416768676019,0.304342117092103,0,130.508263876046,99.279932819693,1.00015307599955,1,107.682847822799,36.3095744689895
0,3,13,36,459.488937448307,1.62386258059407,5,0.0315382685845002,718.212440717135,285.012258768989,0.409538950537648,0,22643.3226320707,0,53.2267715005271,3,110.682647879566,37.3131768226265
260.014466749725,3,16,31,279.798391784767,2.51507449646634,7,0.0362522955211242,470.991830646891,176.514610654686,0.413559557540437,0.109217440448338,4039.59684986423,0,1.10004781574342,1,107.795706403623,36.3374340312209
243.061381607435,3,16,31,38.1887634663862,2.52290165745559,6,0.0362522955211242,483.303186395762,180.381611041698,0.3043421170921,0,130.508263876049,0,1,1,107.936704493388,36.3722108012023
282.378828079028,3,16,31,34.5291330581269,2.44551291835235,7,0.0362522955211242,488.170036531841,181.910290071339,0.304342117092107,0,130.508263876047,0,1,1,107.992479144579,36.385958542001
301.378494287746,3,16,31,192.949075731237,2.40304270110919,7,0.0362522955211242,498.267634158072,185.081948394356,0.304342117092103,0,130.508263876047,0,1,1,108.108264080859,36.4144819505658
461.332463688244,2,16,31,225.416300614141,1.7982126565142,5,0.0362522955211242,499.424938763159,185.445458104176,0.304342117092088,0,130.508263876049,0,1,1,108.121540041017,36.4177510719258
257.710665234436,3,16,31,320.767031491193,1.81061167745426,5,0.0362522955211242,502.354789943516,186.365725203871,0.304342117092103,0,130.508263876052,0,1,1,108.155154855104,36.4260272327855
103.68151809286,2,16,32,521.377479299261,2.61697709567225,6,0.0362522955211242,512.831109821276,189.656340295185,0.304342117092106,0,130.508263876046,0,1,1,108.275412652551,36.4556204452693
221.329566217886,2,16,32,387.067415428877,2.62713876767165,6,0.0362522955211242,516.234273627775,190.725275027089,0.304342117092096,0,130.508263876048,0,1,1,108.314498030741,36.4652336062665
110.587175125809,2,16,32,211.430281047991,2.64406677348391,6,0.0362522955211242,522.270932731967,192.621391390578,0.304342117092103,0,130.508263876048,0,1,1,108.383853771898,36.4822857903967
252.851869556015,3,16,32,115.68129274491,2.26748757799952,7,0.0362522955211242,528.327738892915,194.523835950397,0.304342117092107,0,130.508263876047,0,1,1,108.453472652648,36.4993948853638
20.8004859788425,1,16,32,693.75069132669,2.36602391711113,8,0.0362522955211242,555.807194648895,203.155140918821,0.304342117092103,0,130.508263876047,0,1,1,108.769728796885,36.5770180758176
10.2552244994151,2,15,33,668.22634725077,2.69623161371825,6,0.0362522955211242,564.92366426409,206.018626650957,0.304342117092098,0,130.50826387605,0,1,1,108.874792856841,36.6027700216891
270.665055185847,3,15,33,578.126995623835,2.31872545917553,8,0.0362522955211242,566.723909389387,206.584084163374,0.304342117092121,0,130.508263876038,21.8052682558823,1.00030534263283,1,108.895548536398,36.6078553032706
93.3136632176185,2,14,34,356.564223991894,2.68306956967254,6,0.0315382685845002,629.037003917502,237.340407911545,0.458496193073723,0,1265.49039184916,0,4.2784658644905,3,109.625389399999,36.8844535679242
245.513500220846,3,15,33,64.5190982370179,2.21029638576165,8,0.0362522955211242,591.934425315725,214.502714477738,0.551759316612901,0.247417199520803,295.245130900063,0,1.95637022001214,1,109.186504132507,36.6790692565805
244.962354972974,3,15,33,377.120173284833,2.24612857023593,5,0.0362522955211242,605.795078596354,218.856349665752,0.304342117092098,0,130.508263876049,0,1,1,109.346704635563,36.7182224384691
10.9281916846832,2,15,33,525.420271202707,2.2614679975283,5,0.0362522955211242,609.352334192548,219.973684673185,0.304342117092124,0.158573307990912,130.508263876041,0.761992500883779,1.52217775115595,1,109.387845945652,36.7282708736015
0,3,15,33,36.6172750011846,2.08847346300698,8,0.0315382685845002,591.703965467425,217.382725561795,0.145768809101212,0,208.880405389217,1.6300642249958,3.01528841722431,3,109.186246479652,36.7049698185122
247.86097757136,3,15,34,150.393893647537,2.59170231109973,6,0.0362522955211242,626.188269441218,225.261856784392,0.224628616961312,0,710.003687680745,0,1.00050218517339,1,109.582709781844,36.7758285479557
9.88625271873319,2,15,34,65.1284141012687,2.56629793452716,6,0.0362522955211242,634.453420272347,227.85794304123,0.304342117092104,0,130.508263876047,0,1,1,109.678462651269,36.7991757125718
219.433062651674,2,15,34,178.754618860118,2.53031785365248,6,0.0362522955211242,645.201007965706,231.233763431562,0.304342117092107,0,130.508263876047,2.44246446988976,1.28959216784513,1,109.803063226702,36.829535194719
0,3,16,33,843.406076045905,1.70927081276555,7,0.0315382685845002,561.405126697955,201.185420846402,0.344306552918434,0.011007206022449,889.496767420275,0,6.26029646926964,3,108.831353630077,36.5593039576302
228.418271416614,2,14,35,285.478315573421,2.40559089898618,6,0.0362522955211242,677.488229104064,241.375188891469,0.333299346895985,0.0289572298038651,771.46833933097,0,1.00001166098169,1,110.177981100678,36.9207392250281
109.665357167288,2,14,35,195.08631023709,2.52583403028977,5,0.0362522955211242,680.943077519827,242.460357774031,0.30434211709212,0,130.508263876043,0,1,1,110.218152044538,36.9304983832497
268.190277286196,3,14,35,178.874445671759,2.38889854288268,6,0.0362522955211242,681.695673240896,242.696748306805,0.30434211709213,0,130.508263876062,0,1,1,110.226904153623,36.9326242943853
217.050343143434,2,14,35,137.24538314878,2.51572769604796,7,0.0362522955211242,698.262848802579,247.900502922912,0.304342117092098,0,130.508263876048,0,1,1,110.41969171273,36.9794227839669
99.4331786634172,2,14,35,402.552979519009,2.48033315181042,7,0.0362522955211242,708.22436825998,251.029419053902,0.304342117092107,0,130.508263876047,0,1,1,110.535725364584,37.007561802764
41.292162271064,2,14,35,595.596091129921,1.90110636595209,4,0.0362522955211242,712.760075296845,252.454085940694,0.304342117092098,0,130.508263876049,0,1,1,110.588586561864,37.0203741398893
222.649530316282,3,14,36,279.631214316326,1.94020100839095,4,0.0362522955211242,722.747263339486,255.591064581702,0.304342117092104,0,130.508263876046,0,1,1,110.705044511983,37.0485856665809
95.5277191184487,2,14,36,258.068130897403,2.62739197441349,5,0.0362522955211242,723.426343382647,255.804363818868,0.304342117092174,0,130.508263876046,0,1,1,110.712966215773,37.050503912706
247.291976259505,3,14,36,131.491336396395,1.96389171354459,4,0.0362522955211242,728.37686808038,257.359325052427,0.304342117092096,0,130.508263876049,0,1,1,110.770727849347,37.0644880150431
220,2,14,36,57.8053152428886,2.3760260991939,7,0.0362522955211242,733.432517568378,258.947306012889,0.304342117092096,0,130.508263876051,0,1,1,110.829737927106,37.0787690709184
21.6517812966683,1,14,36,49.8070467271948,2.37202996289392,7,0.0362522955211242,734.443731357388,259.264928555298,0.304342117092137,0,130.50826387604,0,1,1,110.841543574228,37.0816255190676
260.488461475046,3,14,36,51.4002121526369,1.58275815334079,8,0.0362522955211242,740.857892340575,261.279618367719,0.304342117092111,0,130.508263876046,0,1,1,110.916447758015,37.0997440598429
265.640657043539,3,14,36,120.220367272284,2.32519460665859,7,0.0362522955211242,746.120507605994,262.932607338486,0.304342117092096,0,130.508263876047,0,1,1,110.977930828251,37.1146097468005
219.657339297486,2,14,36,414.444833820789,2.28468637373939,7,0.0362522955211242,756.016587839084,266.04096899027,0.304342117092095,0,130.508263876049,0,1,1,111.09361146995,37.142563914725
5.41675921344982,2,14,37,779.79571369036,2.63855187553176,5,0.0362522955211242,767.008803070005,269.493626960615,0.304342117092105,0,130.508263876047,0,1,1,111.22220469704,37.1736144138308
8.90824993138328,2,14,37,709.292931467211,2.22498880152116,7,0.0362522955211242,769.022056602321,270.125990475034,0.304342117092079,0,130.508263876055,0,1,1,111.245768209672,37.179301395544
12.3131087191396,2,13,37,249.179168299686,2.62318091086693,5,0.0362522955211242,782.65559062057,274.408287437312,0.304342117092106,0,130.508263876046,0,1,1,111.405429983013,37.2178130173553
256.623151221237,3,13,37,128.133863268544,1.92995193912938,6,0.0362522955211242,790.390987707627,276.837977890542,0.304342117092109,0,130.508263876047,0,1,1,111.496090374998,37.2396637485582
249.239878114255,3,13,37,156.423740707934,1.89131373339051,6,0.0362522955211242,799.672804931349,279.753399354145,0.304342117092101,0,130.508263876047,12.8004471429962,1.05088679116088,1,111.604943407369,37.2658827636839
29.3556110671866,1,18,30,251.124026696942,2.04284728454749,7,0.0315382685845002,436.209968450916,134.257967208726,0.380767955840981,0.00352285503638189,3565.72464581772,20.3982824968115,42.3492283926412,3,107.379256657491,35.9574109067754
16.5429519196607,1,13,38,567.570648096765,2.02241789171793,7,0.0362522955211242,817.73773762443,285.427599916654,0.377245100804599,0.0729029837124609,11628.4666686038,0,1.00000884591681,1,111.817014504247,37.3169120753057
9.49952730629532,2,13,38,505.081890050071,1.57313251322508,3,0.0362522955211242,819.050347854494,285.839891168015,0.304342117092139,0,130.508263876039,0,1,1,111.832434730325,37.3206198996085
261.487025087498,3,13,38,102.345678676296,2.3725657925655,4,0.0362522955211242,831.40962466479,289.721943574225,0.304342117092102,0,130.508263876048,0,1,1,111.97770156658,37.3555320356507
261.271359748026,3,13,38,42.6009875679584,1.91092556455291,7,0.0362522955211242,844.581414464182,293.859206544354,0.304342117092101,0,130.508263876048,0,1,1,112.132663803355,37.3927393354347
258.106113513681,3,13,38,384.186809773034,2.46919208534977,4,0.0362522955211242,858.262977594417,298.156589464541,0.304342117092105,0,130.508263876046,0,1,1,112.293782214655,37.431386628525
259.378399039042,3,13,39,465.5726547598,2.31648759970796,5,0.0362522955211242,878.225324777951,304.426768465053,0.304342117092103,0,130.508263876047,8.83543963667962,1.07984009945914,1,112.529155490517,37.4877757030064
20.2811042990297,1,19,29,335.564295586063,2.68974765798272,4,0.0315382685845002,373.616251549463,100.79630507587,0.383555253889353,0.00440172385099696,5230.10358680227,0,34.9573198728442,3,106.661902201076,35.6564829495151
15.8884402996298,2,12,39,333.41626547496,2.58702653031454,4,0.0362522955211242,908.798693583343,314.0298724135,0.379153530038356,0.0748114129462742,4071.16487247402,0,1.00000559842739,1,112.890309845865,37.5741384916536
238.561349790247,3,12,39,365.413526858413,1.93203247090157,3,0.0362522955211242,909.903198940359,314.376797864292,0.304342117092082,0,130.508263876041,0,1,1,112.903372174904,37.577258467189
227.006988796251,3,12,39,546.874891534873,2.17467468925499,5,0.0362522955211242,914.977830494428,315.970741097175,0.304342117092104,0,130.508263876049,0,1,1,112.963400386059,37.5915931430684
253.567782464302,3,12,40,238.766008638578,2.31591467172694,6,0.0362522955211242,928.067808552586,320.082306975817,0.304342117092108,0,130.508263876046,0,1,1,113.11834555423,37.6285693433566
219.634497632875,2,12,40,97.5419373287189,2.02531020550633,3,0.0362522955211242,933.520161932847,321.79489274311,0.304342117092094,0,130.508263876049,19.957426214007,1.01840465510401,1,113.182928395047,37.6439709971818
21.1281575785433,1,19,28,455.014780505506,1.99876797859749,5,0.0428447879169287,352.08813307367,90.1922484341216,0.379067116913282,0.00167111278624249,3276.69483843176,32.1180689777018,88.3509909036022,3,106.416950437006,35.561118377032
264.764061893496,3,12,40,30.6694948908539,2.13527539634371,3,0.0580019707250144,947.191013921811,326.088911290739,0.377396004127039,0.377396004127039,25361.5407261731,0,1,1,113.344971950027,37.6825880337428
261.963251572517,3,12,40,30.6694948908539,1.95719335711188,5,0.0580019707250144,947.191013921811,326.088911290739,0,0,0,0,1,1,113.344971950027,37.6825880337428
261.419997466588,3,12,40,30.6694948908539,2.5804710446515,4,0.0580019707250144,947.191013921811,326.088911290739,0,0,0,0,1,1,113.344971950027,37.6825880337428
456.764862847283,2,12,40,30.6694948908539,2.10482248109841,6,0.0580019707250144,947.191013921811,326.088911290739,0,0,0,0,1,1,113.344971950027,37.6825880337428
57.9495847287866,2,12,40,30.6694948908539,2.55783847508817,4,0.0580019707250144,947.191013921811,326.088911290739,0,0,0,0,1,1,113.344971950027,37.6825880337428
256.696101749632,3,12,40,30.6694948908539,2.05740083122589,6,0.0580019707250144,947.191013921811,326.088911290739,0,0,0,0,1,1,113.344971950027,37.6825880337428
260.143675266307,3,12,40,30.6694948908539,2.53526303173815,4,0.0580019707250144,947.191013921811,326.088911290739,0,0,0,0,1,1,113.344971950027,37.6825880337428
260.474786086431,3,12,40,30.6694948908539,2.52458509562846,4,0.0580019707250144,947.191013921811,326.088911290739,0,0,0,0,1,1,113.344971950027,37.6825880337428
12.9919286926068,2,12,40,30.6694948908539,2.50574100546986,4,0.0580019707250144,947.191013921811,326.088911290739,0,0,0,84.9454630522396,1,1,113.344971950027,37.6825880337428
0,3,18,29,552.487157125041,2.57709263055427,4,0.0428447879169287,399.033977753036,135.316799023118,0.334913880629598,0,17449.1184916564,0,116081029478.616,3,106.964003615512,35.9669332100525
8.08037713912031,2,12,40,30.6694948908539,2.36705657262155,3,0.0580019707250144,947.191013921811,326.088911290739,0.334913880629598,0.334913880629598,7277.31503928114,0,1,1,113.344971950027,37.6825880337428
262.16299875792,3,12,40,30.6694948908539,1.69752909449448,5,0.0580019707250144,947.191013921811,326.088911290739,0,0,0,0,1,1,113.344971950027,37.6825880337428
2.41672822531564,2,12,40,30.6694948908539,1.7196569771024,2,0.0580019707250144,947.191013921811,326.088911290739,0,0,0,0,1,1,113.344971950027,37.6825880337428
249.186449896928,3,12,40,30.6694948908539,2.36935479052021,4,0.0580019707250144,947.191013921811,326.088911290739,0,0,0,0,1,1,113.344971950027,37.6825880337428
253.521487358931,3,12,40,30.6694948908539,2.3152197186527,4,0.0580019707250144,947.191013921811,326.088911290739,0,0,0,0,1,1,113.344971950027,37.6825880337428
110.172748793578,2,12,40,30.6694948908539,2.27946106486035,4,0.0580019707250144,947.191013921811,326.088911290739,0,0,0,0,1,1,113.344971950027,37.6825880337428
265.154398823614,3,12,40,30.6694948908539,1.71261761755777,6,0.0580019707250144,947.191013921811,326.088911290739,0,0,0,0,1,1,113.344971950027,37.6825880337428
218.008412525955,2,12,40,30.6694948908539,2.19737522852414,4,0.0580019707250144,947.191013921811,326.088911290739,0,0,0,0,1,1,113.344971950027,37.6825880337428
259.667645154225,3,12,40,30.6694948908539,2.58425262443184,3,0.0580019707250144,947.191013921811,326.088911290739,0,0,0,0,1,1,113.344971950027,37.6825880337428
105.191733369303,2,12,40,30.6694948908539,2.59808667758511,3,0.0580019707250144,947.191013921811,326.088911290739,0,0,0,0,1,1,113.344971950027,37.6825880337428
19.0603569001544,1,12,40,30.6694948908539,2.23771436185113,5,0.0580019707250144,947.191013921811,326.088911290739,0,0,0,0,1,1,113.344971950027,37.6825880337428
264.301239356646,3,12,40,30.6694948908539,2.59404607957993,3,0.0580019707250144,947.191013921811,326.088911290739,0,0,0,0,1,1,113.344971950027,37.6825880337428
101.506447871516,2,12,40,30.6694948908539,2.17589164555784,5,0.0580019707250144,947.191013921811,326.088911290739,0,0,0,70.9119179474793,1,1,113.344971950027,37.6825880337428
17.7737230923932,1,14,32,80.5784379526527,2.67994169589786,3,0.0428447879169287,527.998607156156,259.278163089277,0.158050359508877,0,8377.15817407262,5.02355740341087,84896631255.9506,3,108.496824895951,37.0817445400911
260.628713302762,3,12,40,30.6694948908539,2.19670144242001,2,0.0580019707250144,947.191013921811,326.088911290739,0.158050359508877,0.158050359508877,9293.54242383264,0,1,1,113.344971950027,37.6825880337428
0,2,12,40,30.6694948908539,1.89327291066604,4,0.0580019707250144,947.191013921811,326.088911290739,0,0,0,0,1,1,113.344971950027,37.6825880337428
12.3490087131838,2,12,40,30.6694948908539,2.54550614509782,3,0.0580019707250144,947.191013921811,326.088911290739,0,0,0,0,1,1,113.344971950027,37.6825880337428
247.114893622977,3,12,40,30.6694948908539,2.53315771618992,3,0.0580019707250144,947.191013921811,326.088911290739,0,0,0,0,1,1,113.344971950027,37.6825880337428
226.306574510539,2,12,40,30.6694948908539,2.04012868488868,5,0.0580019707250144,947.191013921811,326.088911290739,0,0,0,0,1,1,113.344971950027,37.6825880337428
244.675084486127,3,12,40,30.6694948908539,1.99793442606897,5,0.0580019707250144,947.191013921811,326.088911290739,0,0,0,0,1,1,113.344971950027,37.6825880337428
331.864151863241,3,12,40,30.6694948908539,1.60114922287553,1,0.0580019707250144,947.191013921811,326.088911290739,0,0,0,0,1,1,113.344971950027,37.6825880337428
264.132173721926,3,12,40,30.6694948908539,1.77176347798849,4,0.0580019707250144,947.191013921811,326.088911290739,0,0,0,0,1,1,113.344971950027,37.6825880337428
244.536706907084,3,12,40,30.6694948908539,2.44563482861962,3,0.0580019707250144,947.191013921811,326.088911290739,0,0,0,0,1,1,113.344971950027,37.6825880337428
252.355577920251,3,12,40,30.6694948908539,2.403316407564,2,0.0580019707250144,947.191013921811,326.088911290739,0,0,0,0,1,1,113.344971950027,37.6825880337428
103.999796524223,2,12,40,30.6694948908539,2.40536895180592,3,0.0580019707250144,947.191013921811,326.088911290739,0,0,0,0,1,1,113.344971950027,37.6825880337428
254.209377609559,3,12,40,30.6694948908539,2.44401034896919,2,0.0580019707250144,947.191013921811,326.088911290739,0,0,0,0,1,1,113.344971950027,37.6825880337428
14.6136194489864,2,12,40,30.6694948908539,2.48165047068662,2,0.0580019707250144,947.191013921811,326.088911290739,0,0,0,0,1,1,113.344971950027,37.6825880337428
256.297686101853,3,12,40,30.6694948908539,2.55829422326808,2,0.0580019707250144,947.191013921811,326.088911290739,0,0,0,0,1,1,113.344971950027,37.6825880337428
18.5349652581031,2,12,40,30.6694948908539,2.20663943752062,3,0.0580019707250144,947.191013921811,326.088911290739,0,0,0,0,1,1,113.344971950027,37.6825880337428
265.328228004596,3,12,40,30.6694948908539,2.18079605011314,3,0.0580019707250144,947.191013921811,326.088911290739,0,0,0,0,1,1,113.344971950027,37.6825880337428
308.892238993537,3,12,40,30.6694948908539,2.1556417134266,3,0.0580019707250144,947.191013921811,326.088911290739,0,0,0,0,1,1,113.344971950027,37.6825880337428
33.4074391103219,2,12,40,30.6694948908539,2.5885845201895,2,0.0580019707250144,947.191013921811,326.088911290739,0,0,0,0,1,1,113.344971950027,37.6825880337428
254.204550370514,3,12,40,30.6694948908539,2.03572574628146,1,0.0580019707250144,947.191013921811,326.088911290739,0,0,0,0,1,1,113.344971950027,37.6825880337428
11.5188118273828,2,12,40,30.6694948908539,2.27891621191108,4,0.0580019707250144,947.191013921811,326.088911290739,0,0,0,0,1,1,113.344971950027,37.6825880337428
0,2,12,40,30.6694948908539,2.04800686831674,3,0.0580019707250144,947.191013921811,326.088911290739,0,0,0,0,1,1,113.344971950027,37.6825880337428
220.436384776228,2,12,40,30.6694948908539,2.59864931180005,2,0.0580019707250144,947.191013921811,326.088911290739,0,0,0,0,1,1,113.344971950027,37.6825880337428
262.896033793016,3,12,40,30.6694948908539,2.19330062113892,4,0.0580019707250144,947.191013921811,326.088911290739,0,0,0,0,1,1,113.344971950027,37.6825880337428
13.1751740256253,2,12,40,30.6694948908539,2.57062900415267,2,0.0580019707250144,947.191013921811,326.088911290739,0,0,0,0,1,1,113.344971950027,37.6825880337428
252.334951434231,3,12,40,30.6694948908539,1.88638306280298,3,0.0580019707250144,947.191013921811,326.088911290739,0,0.427445244338846,0,31.0936806598997,1,1,113.344971950027,37.6825880337428
20.4831918525908,1,9,35,571.339026197457,2.61463047224099,2,0.0428447879169287,709.942430016083,434.16335889462,-0.427445244338846,0,6311.22441351849,0,52140953880.863,3,110.73417745707,38.6545248915218
92.5541821337896,2,12,40,30.6694948908539,2.28996030705444,1,0.0580019707250144,947.191013921811,326.088911290739,-0.427445244338846,0,3275.70446707359,0,1,1,113.344971950027,37.6825880337428
266.376871338036,3,12,40,30.6694948908539,2.02850167421138,4,0.0580019707250144,947.191013921811,326.088911290739,0,0.520816383251921,0,201.290061001087,1,1,113.344971950027,37.6825880337428
17.8007888233806,1,8,36,161.203769733946,1.81258664590709,3,0.0428447879169287,728.199800009026,451.712422533701,-0.520816383251921,0,3145.76670532374,7.64683718506322,50492937465.7508,3,110.963523208718,38.8123474124645
224.413693572991,2,12,40,30.6694948908539,2.35202920734455,1,0.0580019707250144,947.191013921811,326.088911290739,-0.520816383251921,0,5355.08594078049,0,1,1,113.344971950027,37.6825880337428
256.877060715835,3,12,40,30.6694948908539,2.36124889508514,1,0.0580019707250144,947.191013921811,326.088911290739,0,0,0,0,1,1,113.344971950027,37.6825880337428
246.62441161516,3,12,40,30.6694948908539,1.89884374071128,4,0.0580019707250144,947.191013921811,326.088911290739,0,0,0,0,1,1,113.344971950027,37.6825880337428
8.07414185919868,2,12,40,30.6694948908539,2.35840270368477,2,0.0580019707250144,947.191013921811,326.088911290739,0,0,0,0,1,1,113.344971950027,37.6825880337428
460.36487359337,2,12,40,30.6694948908539,1.80714803444146,4,0.0580019707250144,947.191013921811,326.088911290739,0,0,0,0,1,1,113.344971950027,37.6825880337428
257.531218114734,3,12,40,30.6694948908539,2.5198528576088,1,0.0580019707250144,947.191013921811,326.088911290739,0,0,0,0,1,1,113.344971950027,37.6825880337428
3.28763046222613,2,12,40,30.6694948908539,2.53399579953292,1,0.0580019707250144,947.191013921811,326.088911290739,0,0,0,0,1,1,113.344971950027,37.6825880337428
259.904585630929,3,12,40,30.6694948908539,2.19267940457423,2,0.0580019707250144,947.191013921811,326.088911290739,0,0,0,0,1,1,113.344971950027,37.6825880337428
12.216115085355,2,12,40,30.6694948908539,2.35132924430048,3,0.0580019707250144,947.191013921811,326.088911290739,0,0,0,0,1,1,113.344971950027,37.6825880337428
13.4263705956095,2,12,40,30.6694948908539,2.322405410812,3,0.0580019707250144,947.191013921811,326.088911290739,0,0,0,0,1,1,113.344971950027,37.6825880337428
262.236673883456,3,12,40,30.6694948908539,2.60014490867959,1,0.0580019707250144,947.191013921811,326.088911290739,0,0,0,0,1,1,113.344971950027,37.6825880337428
252.828451591015,3,12,40,30.6694948908539,2.08690757478157,2,0.0580019707250144,947.191013921811,326.088911290739,0,0,0,0,1,1,113.344971950027,37.6825880337428
264.059158899872,3,12,40,30.6694948908539,2.60123539180472,1,0.0580019707250144,947.191013921811,326.088911290739,0,0,0,0,1,1,113.344971950027,37.6825880337428
96.497163305185,2,12,40,30.6694948908539,2.23297094930945,3,0.0580019707250144,947.191013921811,326.088911290739,0,0,0,0,1,1,113.344971950027,37.6825880337428
53.4604493921895,2,12,40,30.6694948908539,2.0102723413599,2,0.0580019707250144,947.191013921811,326.088911290739,0,0,0,0,1,1,113.344971950027,37.6825880337428
94.110893944852,2,12,40,30.6694948908539,2.59503069668097,1,0.0580019707250144,947.191013921811,326.088911290739,0,0,0,0,1,1,113.344971950027,37.6825880337428
262.571417514594,3,12,40,30.6694948908539,2.19501886954977,3,0.0580019707250144,947.191013921811,326.088911290739,0,0,0,0,1,1,113.344971950027,37.6825880337428
10.3531720553403,2,12,40,30.6694948908539,2.58152217771301,1,0.0580019707250144,947.191013921811,326.088911290739,0,0,0,0,1,1,113.344971950027,37.6825880337428
220.421461028112,2,12,40,30.6694948908539,1.91612801495416,2,0.0580019707250144,947.191013921811,326.088911290739,0,0,0,0,1,1,113.344971950027,37.6825880337428
96.7740042488884,2,12,40,30.6694948908539,2.54706376700871,1,0.0580019707250144,947.191013921811,326.088911290739,0,0,0,0,1,1,113.344971950027,37.6825880337428
268.407741593837,3,12,40,30.6694948908539,1.96382668645771,3,0.0580019707250144,947.191013921811,326.088911290739,0,0,0,0,1,1,113.344971950027,37.6825880337428
0,2,12,40,30.6694948908539,2.43665613132508,1,0.0580019707250144,947.191013921811,326.088911290739,0,0.64669780574441,0,15.1721549058528,1,1,113.344971950027,37.6825880337428
0,3,8,37,595.828584576522,1.71420824894726,2,0.00927144808621427,766.489052498833,462.520131798934,-0.64669780574441,0,5572.3037321965,0,45284291665.6392,3,111.419943645616,38.9095434769916
270.632556405917,3,12,40,30.6694948908539,2.40102201632874,1,0.0580019707250144,947.191013921811,326.088911290739,-0.64669780574441,0,5233.85702028994,0,1,1,113.344971950027,37.6825880337428
260.009079379363,3,12,40,30.6694948908539,1.85309804977787,3,0.0580019707250144,947.191013921811,326.088911290739,0,0,0,0,1,1,113.344971950027,37.6825880337428
265.05575847485,3,12,40,30.6694948908539,1.8177658193608,3,0.0580019707250144,947.191013921811,326.088911290739,0,0,0,0,1,1,113.344971950027,37.6825880337428
224.488090695914,2,12,40,30.6694948908539,2.47592599119311,2,0.0580019707250144,947.191013921811,326.088911290739,0,0.63604978982191,0,5.59581056280526,1,1,113.344971950027,37.6825880337428
19.6187457218345,1,8,37,272.999235964725,1.64378151015398,8,0.00927144808621427,774.368527527366,453.704803542875,-0.63604978982191,0,2398.92462226042,13.3110165363421,42966697689.6604,3,111.502244215033,38.8302653253522
253.733059584236,3,12,40,30.6694948908539,1.69771417415117,3,0.0580019707250144,947.191013921811,326.088911290739,-0.63604978982191,0,6690.32566368335,0,1,1,113.344971950027,37.6825880337428
263.054516418898,3,12,40,30.6694948908539,2.160617113356,1,0.0580019707250144,947.191013921811,326.088911290739,0,1.13377925890932,0,0.114921389552677,1,1,113.344971950027,37.6825880337428
10.9235073309886,2,12,40,30.1502657457254,2.13037686617468,1,0.0580019707250144,948.865823476086,322.503682217288,-1.13377925890932,0,66.069734919143,0.661999600825419,1,1,113.359465328828,37.6503452940635
217.196495422106,3,13,40,388.055828865006,2.26492861134366,2,0.0580019707250144,959.859019538256,298.970781994924,-1.13377925890931,0,208.807094610061,0,1,1,113.454187330429,37.4387088378645
258.85521013232,3,13,40,514.654691928803,2.02685975662558,1,0.0580019707250144,965.966113211836,285.897456889449,-1.13377925890932,0,208.80709461006,0,1,1,113.506500902711,37.321137600579
224.868230013407,2,14,41,725.565805188449,2.18025243469089,2,0.0580019707250144,973.060454274299,270.710752365831,-1.13377925890931,0,208.807094610061,0,1,1,113.566995310506,37.1845602855711
251.859354646831,3,14,41,466.379121455904,2.16546849657906,2,0.0580019707250144,975.694628781745,265.071831209376,-1.13377925890931,0,208.80709461006,0,1,1,113.589381763847,37.1338482492703
255.497124416869,3,14,41,162.587478004211,1.97902964162328,8,0.0580019707250144,981.861444275525,251.870660877825,-1.13377925890931,0,208.80709461006,0,1,1,113.641630340529,37.0151272722446
275.007157945737,3,14,41,154.003319470982,1.98936413646501,8,0.0580019707250144,983.667750697772,248.003939265169,-1.13377925890931,0,208.807094610059,0,1,1,113.656891904049,36.9803530093412
10.1851230285429,2,14,41,175.807371890529,1.90745381928025,1,0.0580019707250144,985.223416306323,244.673759093875,-1.13377925890932,0,208.807094610061,50.821000335599,1.02647525462311,1,113.670020381466,36.9504039795448
19.9113724458964,1,9,37,131.720282801028,2.02920721416011,8,0.00927144808621427,790.883490695144,435.228341477381,-0.775563725353705,0.0217806764002991,3429.36621192944,140.660412987751,31.256207784832,3,111.674121461035,38.6641025099878
220.279501976137,2,15,41,67.2420261532336,2.06326323289975,2,0.0580019707250144,992.823059060007,228.405366022681,-0.797344401754004,0.336434857155307,43618.4627043648,0,1.0015311922057,1,113.73394980733,36.8040988057197
313.402616903401,3,15,41,4.10557162718267,2.06695180563895,8,0.0580019707250144,996.351910001746,220.851230115171,-1.13377925890931,0,208.807094610061,0,1,1,113.763519360265,36.736162829363
256.092926588771,3,15,41,13.2324521699587,2.03666359580489,2,0.0580019707250144,997.478798708037,218.438923508715,-1.13377925890932,0,208.807094610059,0,1,1,113.772946520349,36.7144684348502
98.4728639732665,2,15,41,77.8740533444129,2.02322558035101,2,0.0580019707250144,999.828690536427,213.408560216901,-1.13377925890931,0,208.807094610061,0,1,1,113.792580827017,36.6692292909107
254.06518844318,3,15,41,246.931822757284,1.77221993304403,1,0.0572887557886878,1002.78721518856,207.075309627142,-1.13377925890931,0,73.7698924144489,0,1,1,113.817254234103,36.612273
261.557074753635,3,15,41,246.931822757284,1.94903237711297,2,0.0572887557886878,1002.78721518856,207.075309627142,0,0,0,0,1,1,113.817254234103,36.612273
13.5753441970499,2,15,41,246.931822757284,1.72876201425404,1,0.0572887557886878,1002.78721518856,207.075309627142,0,0,0,0,1,1,113.817254234103,36.612273
95.5595406050743,2,15,41,246.931822757284,2.24194233645599,8,0.0572887557886878,1002.78721518856,207.075309627142,0,0,0,0,1,1,113.817254234103,36.612273
270.591076810952,3,15,41,246.931822757284,2.2852289721128,8,0.0572887557886878,1002.78721518856,207.075309627142,0,0,0,0,1,1,113.817254234103,36.612273
280.072357102232,3,15,41,246.931822757284,2.31881138310956,8,0.0572887557886878,1002.78721518856,207.075309627142,0,0.820863208431023,0,11.7807003811049,1,1,113.817254234103,36.612273
18.9083814457229,1,9,37,250.518995317864,1.81163249774016,6,0.00927144808621427,805.474529622253,418.904310082696,-0.820863208431023,0.0205329083393716,3040.68012029339,0,1.0156148798692,3,111.825276798594,38.5172969686985
0,3,9,37,316.826716683474,2.56501004431565,7,0.00927144808621427,806.969247359267,417.232063206575,-0.841396116770394,0,33.3772131103713,5.42894867900962,1.00000164592798,3,111.840724247074,38.5022580912372
268.610404732268,3,15,41,246.931822757284,1.97304144732503,6,0.0572887557886878,1002.78721518856,207.075309627142,-0.820702893217413,0,1346.71868483143,0,1,1,113.817254234103,36.612273
13.7912486844882,2,15,41,246.931822757284,2.02843293930732,6,0.0572887557886878,1002.78721518856,207.075309627142,0,0,0,0,1,1,113.817254234103,36.612273
263.601254570862,3,15,41,246.931822757284,2.5867525077838,7,0.0572887557886878,1002.78721518856,207.075309627142,0,0,0,0,1,1,113.817254234103,36.612273
256.586927692504,3,15,41,246.931822757284,2.1083536591776,6,0.0572887557886878,1002.78721518856,207.075309627142,0,0.81913919247883,0,16.9179388102561,1,1,113.817254234103,36.612273
0,3,10,38,592.258379753538,1.9755834728369,8,0.00927144808621427,820.419442211272,402.18437509296,-0.81913919247883,0,2165.9567958102,3.94626138558153,53413688151.1249,3,111.979418332858,38.3669309808402
244.464717443847,3,15,41,246.931822757284,1.90481956702873,8,0.0572887557886878,1002.78721518856,207.075309627142,-0.81913919247883,0,3917.66244273737,0,1,1,113.817254234103,36.612273
254.446673031023,3,15,41,246.931822757284,2.22583049957619,6,0.0572887557886878,1002.78721518856,207.075309627142,0,0,0,0,1,1,113.817254234103,36.612273
6.8504434619612,2,15,41,246.931822757284,2.24928610469407,6,0.0572887557886878,1002.78721518856,207.075309627142,0,0,0,0,1,1,113.817254234103,36.612273
265.681308592247,3,15,41,246.931822757284,2.28588064879081,6,0.0572887557886878,1002.78721518856,207.075309627142,0,0,0,0,1,1,113.817254234103,36.612273
240.482791552292,3,15,41,246.931822757284,2.30230122661083,6,0.0572887557886878,1002.78721518856,207.075309627142,0,0,0,0,1,1,113.817254234103,36.612273
217.548359988261,3,15,41,246.931822757284,2.48390748043334,7,0.0572887557886878,1002.78721518856,207.075309627142,0,0,0,0,1,1,113.817254234103,36.612273
267.348795408367,3,15,41,246.931822757284,2.34281010582536,6,0.0572887557886878,1002.78721518856,207.075309627142,0,0,0,0,1,1,113.817254234103,36.612273
269.329135199456,3,15,41,246.931822757284,1.64308415462502,5,0.0572887557886878,1002.78721518856,207.075309627142,0,0,0,0,1,1,113.817254234103,36.612273
255.976777841177,3,15,41,246.931822757284,1.64666580905439,5,0.0572887557886878,1002.78721518856,207.075309627142,0,0,0,0,1,1,113.817254234103,36.612273
13.2259169697942,2,15,41,246.931822757284,2.42208729344354,7,0.0572887557886878,1002.78721518856,207.075309627142,0,0,0,0,1,1,113.817254234103,36.612273
253.723101541311,3,15,41,246.931822757284,2.43367666064646,6,0.0572887557886878,1002.78721518856,207.075309627142,0,0,0,0,1,1,113.817254234103,36.612273
10,2,15,41,246.931822757284,1.63364513328849,8,0.0572887557886878,1002.78721518856,207.075309627142,0,0,0,0,1,1,113.817254234103,36.612273
10.6445431463223,2,15,41,246.931822757284,2.46497583992963,6,0.0572887557886878,1002.78721518856,207.075309627142,0,0,0,0,1,1,113.817254234103,36.612273
6.45600698961833,2,15,41,246.931822757284,2.32786306981432,7,0.0572887557886878,1002.78721518856,207.075309627142,0,0,0,0,1,1,113.817254234103,36.612273
268.188456601577,3,15,41,246.931822757284,1.80438205327004,5,0.0572887557886878,1002.78721518856,207.075309627142,0,0,0,0,1,1,113.817254234103,36.612273
245.065088146724,3,15,41,246.931822757284,2.23118178324116,7,0.0572887557886878,1002.78721518856,207.075309627142,0,0.816243145602626,0,18.9980803518721,1,1,113.817254234103,36.612273
0,3,10,38,112.693087925578,2.45464144748236,8,0.00927144808621427,840.913773315545,379.255911531832,-0.816243145602626,0,9842.16415685984,0,47264858343.6269,3,112.189678002562,38.1607303541298
269.620207401279,3,15,41,246.931822757284,2.20504103980131,7,0.0572887557886878,1002.78721518856,207.075309627142,-0.816243145602626,0,8028.14385781036,0,1,1,113.817254234103,36.612273
302.62251024179,3,15,41,246.931822757284,1.91883114475911,5,0.0572887557886878,1002.78721518856,207.075309627142,0,0,0,0,1,1,113.817254234103,36.612273
6.3242501771618,2,15,41,246.931822757284,2.56623095943862,6,0.0572887557886878,1002.78721518856,207.075309627142,0,0,0,0,1,1,113.817254234103,36.612273
240.247932187771,3,15,41,246.931822757284,2.34961007055436,8,0.0572887557886878,1002.78721518856,207.075309627142,0,0,0,0,1,1,113.817254234103,36.612273
250.242069484487,3,15,41,246.931822757284,2.57551717693555,6,0.0572887557886878,1002.78721518856,207.075309627142,0,0,0,0,1,1,113.817254234103,36.612273
9.04484620361108,2,15,41,246.931822757284,2.09371896728247,7,0.0572887557886878,1002.78721518856,207.075309627142,0,0,0,0,1,1,113.817254234103,36.612273
9.32378257826261,2,15,41,246.931822757284,2.58821589539284,6,0.0572887557886878,1002.78721518856,207.075309627142,0,0,0,0,1,1,113.817254234103,36.612273
253.23052959198,3,15,41,246.931822757284,2.58700489182778,6,0.0572887557886878,1002.78721518856,207.075309627142,0,0,0,0,1,1,113.817254234103,36.612273
263.205936572409,3,15,41,246.931822757284,2.11738454026811,5,0.0572887557886878,1002.78721518856,207.075309627142,0,0.814483474987009,0,110.880743210758,1,1,113.817254234103,36.612273
19.3094404968661,1,11,38,234.837484432174,2.62535869160064,6,0.00927144808621427,851.212542245363,367.733947388167,-0.814483474987009,0,23279.2192196665,0,44175142043.9439,3,112.294848897335,38.0571108411596
264.330662220614,3,15,41,246.931822757284,1.95645112938292,7,0.0572887557886878,1002.78721518856,207.075309627142,-0.814483474987009,0,3580.61598134066,0,1,1,113.817254234103,36.612273
11.6775684084044,2,15,41,246.931822757284,2.18395126020627,5,0.0572887557886878,1002.78721518856,207.075309627142,0,0.813481844761709,0,8.3600692272994,1,1,113.817254234103,36.612273
20.230283198516,1,11,38,262.116515422839,1.89729947404455,7,0.00927144808621427,856.494988644905,361.824099480993,-0.813481844761709,0,1877.80900061257,3.73339502850612,42590423105.8258,3,112.348666424419,38.0039623020535
247.896484912768,3,15,41,246.931822757284,2.04039453243437,8,0.0572887557886878,1002.78721518856,207.075309627142,-0.813481844761709,0,3401.99156071376,0,1,1,113.817254234103,36.612273
276.106911769604,3,15,41,246.931822757284,1.98385625265145,8,0.0572887557886878,1002.78721518856,207.075309627142,0,0,0,0,1,1,113.817254234103,36.612273
264.192663369619,3,15,41,246.931822757284,1.97490791304908,8,0.0572887557886878,1002.78721518856,207.075309627142,0,0,0,0,1,1,113.817254234103,36.612273
265.010774027365,3,15,41,246.931822757284,2.44562234287496,6,0.0572887557886878,1002.78721518856,207.075309627142,0,0,0,0,1,1,113.817254234103,36.612273
10.8525760925924,2,15,41,246.931822757284,2.38790477960897,5,0.0572887557886878,1002.78721518856,207.075309627142,0,0,0,0,1,1,113.817254234103,36.612273
92.5574989641736,2,15,41,246.931822757284,1.73882442122133,4,0.0572887557886878,1002.78721518856,207.075309627142,0,1.10802342884769,0,0.0130878476707332,1,1,113.817254234103,36.612273
224.622626971029,2,15,41,240.196001443887,1.81553108504084,8,0.0572887557886878,1002.69036998744,207.269424329603,-1.10802342884769,0,7.47096542103094,1.90150820337129,1,1,113.816429166594,36.6140187154595
9.17647602627083,2,15,41,93.8860702989668,1.60264143276664,7,0.0572887557886878,1000.07508846901,212.511445492752,-1.10802342884752,0,206.239520839285,0,1,1,113.79412884662,36.6611613443665
460.588475409582,2,15,41,2.61083888638085,1.77754936547819,8,0.0572887557886878,995.673830458161,221.333244398429,-1.10802342884752,0,206.239520839285,0,1,1,113.756514431643,36.740497687956
8.78909151352931,2,14,41,241.898071640284,2.54243705188126,5,0.0572887557886878,978.854172451233,255.046251050978,-1.10802342884752,0,206.239520839284,0,1,1,113.611784063191,37.0436860407872
258.57663120117,3,13,40,806.997692736841,2.57716592923703,5,0.0572887557886878,968.737008958073,275.324903566348,-1.10802342884752,0,206.239520839285,0,1,1,113.523975673695,37.2260563442471
8.11907648837396,2,13,40,443.020398489338,2.16189385745445,6,0.0572887557886878,964.130844194535,284.557413719166,-1.10802342884752,0,206.239520839284,0,1,1,113.483810968978,37.30908630282
249.721957701599,3,13,40,319.818531884532,2.14532962438084,6,0.0572887557886878,961.10608143167,290.620191399003,-1.10802342884753,0,206.239520839284,8.01824578426717,1.01124076611427,1,113.457372047621,37.3636101724136
19.4939024783441,1,12,39,354.353100635234,2.11446865950646,6,0.00927144808621427,879.655139345672,335.913194230611,-0.507496946991267,0,1154.54200990215,5.3703404132207,7.54215771802551,3,112.583607471644,37.7709399328476
97.0221518176515,2,12,40,189.211218663934,2.60013096640379,5,0.0572887557886878,951.10420257177,310.667769560397,-0.339642396827965,0.76838103201956,2715.16244900602,0,1.04440524692845,1,113.369587913532,37.5439023742825
19.9561688734556,1,12,40,140.328677686457,2.2759645236325,7,0.0635115938240627,950.243052159754,312.393843274688,-1.10802342884753,0,45.195837386957,0,1,1,113.362003990311,37.5594253281292
231.83758037987,3,12,40,140.328677686457,2.60196014556639,5,0.0635115938240627,950.243052159754,312.393843274688,0,0.282283518646869,0,8.63311077707874,1,1,113.362003990311,37.5594253281292
21.1242269204099,1,12,39,177.111260112439,2.61371947280475,5,0.00927144808621427,883.331623153258,331.800050718563,-0.282283518646869,0,1483.68448203267,0,13933757883.7097,3,112.620750497804,37.7339495445613
222.002518403456,2,12,40,140.328677686457,2.17325284255486,7,0.0635115938240627,950.243052159754,312.393843274688,-0.282283518646869,0,616.393189767062,0,1,1,113.362003990311,37.5594253281292
109.551582274694,2,12,40,140.328677686457,2.16622450467184,4,0.0635115938240627,950.243052159754,312.393843274688,0,0,0,0,1,1,113.362003990311,37.5594253281292
99.5460498148612,2,12,40,140.328677686457,2.13828645790505,7,0.0635115938240627,950.243052159754,312.393843274688,0,0.199977478853939,0,4.20344505522612,1,1,113.362003990311,37.5594253281292
17.3210275102416,1,12,39,14.0061948748267,2.5660319451449,5,0.00927144808621427,889.711120479532,324.662854035267,-0.199977478853939,0,591.621294216281,1.43349150758357,12352559860.988,3,112.685102919615,37.6697631927316
278.740190062776,3,12,40,140.328677686457,2.53890668348358,5,0.0635115938240627,950.243052159754,312.393843274688,-0.199977478853939,0,1130.36325119708,0,1,1,113.362003990311,37.5594253281292
258.857263253218,3,12,40,140.328677686457,1.81259245523812,6,0.0635115938240627,950.243052159754,312.393843274688,0,0,0,0,1,1,113.362003990311,37.5594253281292
455.962236160605,2,12,40,140.328677686457,2.44136884820013,5,0.0635115938240627,950.243052159754,312.393843274688,0,0,0,0,1,1,113.362003990311,37.5594253281292
258.094153346436,3,12,40,140.328677686457,2.39641933080843,5,0.0635115938240627,950.243052159754,312.393843274688,0,0,0,0,1,1,113.362003990311,37.5594253281292
101.62610349038,2,12,40,140.328677686457,1.76020241496082,3,0.0635115938240627,950.243052159754,312.393843274688,0,0,0,0,1,1,113.362003990311,37.5594253281292
245.06760134979,3,12,40,140.328677686457,1.58017164942163,6,0.0635115938240627,950.243052159754,312.393843274688,0,0,0,0,1,1,113.362003990311,37.5594253281292
258.187317242741,3,12,40,140.328677686457,1.77564633079103,7,0.0635115938240627,950.243052159754,312.393843274688,0,0,0,0,1,1,113.362003990311,37.5594253281292
7.32714683930964,2,12,40,140.328677686457,1.81921687805888,3,0.0635115938240627,950.243052159754,312.393843274688,0,0,0,0,1,1,113.362003990311,37.5594253281292
269.751222975457,3,12,40,140.328677686457,2.52456684219453,4,0.0635115938240627,950.243052159754,312.393843274688,0,0,0,0,1,1,113.362003990311,37.5594253281292
285.224923812256,3,12,40,140.328677686457,2.53376328602336,4,0.0635115938240627,950.243052159754,312.393843274688,0,0,0,0,1,1,113.362003990311,37.5594253281292
5.17276900016657,2,12,40,140.328677686457,2.43942094470071,6,0.0635115938240627,950.243052159754,312.393843274688,0,0,0,0,1,1,113.362003990311,37.5594253281292
242.540348375361,3,12,40,140.328677686457,1.70376017698365,7,0.0635115938240627,950.243052159754,312.393843274688,0,0,0,0,1,1,113.362003990311,37.5594253281292
92.0804380558468,2,12,40,140.328677686457,2.21136409960621,5,0.0635115938240627,950.243052159754,312.393843274688,0,0,0,3.38318533873237,1,1,113.362003990311,37.5594253281292
0,3,13,39,498.401237850623,2.18755159157192,5,0.00927144808621427,909.169136796117,302.893789418484,0.227294800638105,0,859.356620542173,0,8431648822.31228,3,112.880609153217,37.4739892912264
253.780093770856,3,12,40,140.328677686457,2.60005790976688,4,0.0635115938240627,950.243052159754,312.393843274688,0.227294800638105,0.227294800638105,234.272913006082,0,1,1,113.362003990311,37.5594253281292
99.4572529665154,2,12,40,140.328677686457,2.03006696207589,3,0.0635115938240627,950.243052159754,312.393843274688,0,0,0,0,1,1,113.362003990311,37.5594253281292
102.368846817698,2,12,40,140.328677686457,2.27917449965344,6,0.0635115938240627,950.243052159754,312.393843274688,0,0,0,3.14269035428661,1,1,113.362003990311,37.5594253281292
0,3,13,39,646.473253411254,2.21054884354362,6,0.00927144808621427,917.153368303598,293.961262650401,0.508239120539604,0,267.370566318592,0.263941331799774,7575453006.04852,3,112.960494056778,37.3936571480466
256.800530835829,3,12,40,140.328677686457,2.16182355861512,3,0.0635115938240627,950.243052159754,312.393843274688,0.508239120539604,0,401.979821528716,0.257719274964631,13.2103869621512,1,113.362003990311,37.5594253281292
19.8528946591197,1,13,40,506.924462910549,2.5698580004628,4,0.00927144808621427,920.933146970652,289.732555843833,0.658160371206912,0,489.402430153224,0,7409735461.45335,3,112.998243531462,37.3556274740841
283.265377472779,3,12,40,140.328677686457,2.2459631647459,3,0.0635115938240627,950.243052159754,312.393843274688,0.658160371206912,0,397.230159892282,0,1.00098348390077,1,113.362003990311,37.5594253281292
229.764855972243,3,12,40,231.188399162309,1.84566474233343,5,0.0635115938240627,958.493133281409,320.277001252597,0.762658780655583,0,227.799204926767,0.00467215967056833,1,1,113.466709106284,37.6303202710532
258.17445817559,3,12,40,324.654104168985,2.27891773048539,3,0.0635115938240627,961.38440040068,323.039678991331,0.762658780655587,0,228.641737766633,0,1,1,113.503445713616,37.6551656288595
259.51785557257,3,12,41,556.809295169697,2.31550364858306,3,0.0635115938240627,976.677689542752,337.652797642048,0.762658780655579,0,228.641737766632,0,1,1,113.698128898587,37.786584562184
255.010295044662,3,11,41,180.070419791505,2.3351863525671,3,0.0635115938240627,985.403880802293,345.990890714108,0.762658780655579,0,228.641737766633,0,1,1,113.809488763869,37.8615708347026
255.420535026692,3,11,41,23.525428917957,1.92955959024524,6,0.0635115938240627,998.510087805417,358.514197912338,0.762658780655583,0,228.641737766632,0,1,1,113.977120829232,37.9741956421119
277.513118317316,3,11,41,92.6840228155197,1.9189028930442,6,0.0635115938240627,1002.00160980775,361.850434141032,0.762658780655579,0,228.641737766631,0,1,1,114.021854594845,38.004199135341
261.807220655244,3,11,41,585.502872582472,1.68323284910993,2,0.0635115938240627,1012.55843962943,371.937747950801,0.762658780655579,0,228.641737766632,0,1,1,114.157304921588,38.0949165278891
232.168162081916,3,10,41,752.587342407374,1.69833679955214,2,0.0635115938240627,1019.30469223215,378.383960326399,0.762658780655586,0,228.641737766633,0,1,1,114.244016832881,38.1528887085463
257.21207803944,3,10,42,554.984796628426,2.41990449255573,3,0.0635115938240627,1023.15205546585,382.060211713807,0.762658780655576,0,228.641737766632,0,1,1,114.293521924908,38.1859500315611
260.171876388164,3,10,42,179.489296772888,2.35442540956046,4,0.0635115938240627,1032.00003708564,390.514678508238,0.762658780655581,0,228.641737766632,0,1,1,114.407519101107,38.2619828781087
245.280565570817,3,10,42,102.290130306733,1.80537446440997,2,0.063987368508691,1040.69477525485,398.822717369154,0.762658780655582,0.762658780655582,83.1406833357685,0,1,1,114.519742503915,38.336698866613
253.251339270574,3,10,42,102.290130306733,1.71196162441313,6,0.063987368508691,1040.69477525485,398.822717369154,0,0,0,5.24260333406246,1,1,114.519742503915,38.336698866613
0,3,14,40,162.440674135443,1.65053250906618,6,0.00927144808621427,941.391941524589,266.843849545107,0.925751631863477,0,1780.45208378199,2.8173407555171,33032998252.642,3,113.201806339119,37.1497843930244
236.337497135515,3,10,42,102.290130306733,2.55341104809636,3,0.063987368508691,1040.69477525485,398.822717369154,0.925751631863477,0.925751631863477,2721.32200992756,0,1,1,114.519742503915,38.336698866613
89.2424229042211,2,10,42,102.290130306733,2.31009284460761,5,0.063987368508691,1040.69477525485,398.822717369154,0,0,0,0.290951142237378,1,1,114.519742503915,38.336698866613
270.485894699638,3,10,42,62.9013797164871,2.28408067562719,5,0.063987368508691,1038.02191726958,392.816492656695,1.15209594737659,0,116.458207202398,0.560454562793923,1,1,114.480290117435,38.2826835900738
237.867650063485,3,10,42,155.066328685358,2.57482470284099,3,0.063987368508691,1034.23534823902,384.307628881609,1.15209594737662,0.216266170425269,230.354526631299,26.8217674705929,1.0012793513381,1,114.4244745911,38.2061615397263
0,3,14,40,78.1906188851858,2.60140553827388,3,0.0364766572465693,944.846535446966,262.978950004609,0.935829776951354,0.0191039110231617,4134.26650836418,30.1543702763306,23.4409798400543,3,113.23605196211,37.1150265164097
3.97086339077106,2,10,42,544.591179935949,2.05999665366227,2,0.063987368508691,1029.21632538952,373.029297134368,0.916725865928193,0,8091.32528975646,0,1.01322001712204,1,114.350628906107,38.1047330655362
23.7759218503014,2,11,42,536.879631971622,2.03376946318545,4,0.063987368508691,1028.8408590083,372.185580232825,1.15209594737676,0,230.354526631286,0,1,1,114.345110874059,38.0971453371478
264.593990970219,3,11,42,472.038817731692,2.57369010883322,3,0.063987368508691,1025.90289471705,365.583630623942,1.1520959473766,0,230.3545266313,0,1,1,114.30196326713,38.0377725779032
8.33619002785065,2,11,42,471.770296214267,2.21467900854923,5,0.063987368508691,1025.26189464192,364.143228435304,1.1520959473766,0,230.3545266313,0,1,1,114.292556491099,38.0248187298087
17.3267325689304,2,11,41,619.864123346074,2.17635127782968,5,0.063987368508691,1016.74738635496,345.010131813818,1.1520959473766,0,230.3545266313,0,1,1,114.167845871695,37.8527506580104
252.542569076536,3,12,41,124.596910714408,2.20378638665583,2,0.063987368508691,1005.01536865883,318.646914986757,1.15209594737661,0.405533502130112,230.3545266313,2.02836778325664,1.01599527929741,1,113.996743613274,37.6156605530694
25.3472899861171,1,14,40,78.1906188851858,2.25513304541125,2,0.0364766572465693,944.846535446966,262.978950004609,0.746562445246494,0.0682626313603325,1145.07028101352,0,12.4729688214393,3,113.23605196211,37.1150265164097
250.270106741068,3,12,41,245.247774594051,2.03194824905788,5,0,1000.03313301984,307.451248406959,0.678299813886161,0.678299813886161,876.029953268167,0,1,1,113.924339192925,37.5149755045907
241.217429584564,3,12,41,245.247774594051,2.2950063405663,2,0,1000.03313301984,307.451248406959,0,0,0,0,1,1,113.924339192925,37.5149755045907
256.393396261182,3,12,41,245.247774594051,2.49954166487396,3,0,1000.03313301984,307.451248406959,0,0,0,0,1,1,113.924339192925,37.5149755045907
39.7738858568804,2,12,41,245.247774594051,2.43667824211676,3,0,1000.03313301984,307.451248406959,0,0,0,0,1,1,113.924339192925,37.5149755045907
223.633978563676,3,12,41,245.247774594051,1.90404034355066,5,0,1000.03313301984,307.451248406959,0,0,0,0,1,1,113.924339192925,37.5149755045907
21.5522379542666,1,12,41,245.247774594051,1.70407969127399,1,0,1000.03313301984,307.451248406959,0,0,0,0,1,1,113.924339192925,37.5149755045907
257.024559675653,3,12,41,245.247774594051,2.44083834084485,2,0,1000.03313301984,307.451248406959,0,0,0,0,1,1,113.924339192925,37.5149755045907
271.127287187112,3,12,41,245.247774594051,2.50473605902927,2,0,1000.03313301984,307.451248406959,0,0,0,0,1,1,113.924339192925,37.5149755045907
12.6059682420326,2,12,41,245.247774594051,2.43471433041566,4,0,1000.03313301984,307.451248406959,0,0,0,0,1,1,113.924339192925,37.5149755045907
297.266197232003,3,12,41,245.247774594051,2.5503990703802,2,0,1000.03313301984,307.451248406959,0,0,0,0,1,1,113.924339192925,37.5149755045907
253.867311479548,3,12,41,245.247774594051,2.15211179049057,3,0,1000.03313301984,307.451248406959,0,0,0,0,1,1,113.924339192925,37.5149755045907
256.493393780842,3,12,41,245.247774594051,1.98785978026755,1,0,1000.03313301984,307.451248406959,0,0,0,0,1,1,113.924339192925,37.5149755045907
92.810734455058,2,12,41,245.247774594051,2.08525228350547,3,0,1000.03313301984,307.451248406959,0,0,0,0,1,1,113.924339192925,37.5149755045907
253.994930412559,3,12,41,245.247774594051,2.24272017415832,4,0,1000.03313301984,307.451248406959,0,0,0,0,1,1,113.924339192925,37.5149755045907
262.640133147919,3,12,41,245.247774594051,2.57441529316363,2,0,1000.03313301984,307.451248406959,0,0,0,0,1,1,113.924339192925,37.5149755045907
39.0539148610123,2,12,41,245.247774594051,2.16333540634592,1,0,1000.03313301984,307.451248406959,0,0,0,0,1,1,113.924339192925,37.5149755045907
101.514956436125,2,12,41,245.247774594051,2.5678306145109,2,0,1000.03313301984,307.451248406959,0,0,0,0,1,1,113.924339192925,37.5149755045907
16.5053389118323,2,12,41,245.247774594051,2.55654948270996,2,0,1000.03313301984,307.451248406959,0,0,0,0,1,1,113.924339192925,37.5149755045907
267.731736357572,3,12,41,245.247774594051,2.55435623871535,2,0,1000.03313301984,307.451248406959,0,0,0,0,1,1,113.924339192925,37.5149755045907
252.544232003825,3,12,41,245.247774594051,1.87886741133835,3,0,1000.03313301984,307.451248406959,0,0,0,0,1,1,113.924339192925,37.5149755045907
274.204715119867,3,12,41,245.247774594051,1.84715811645922,3,0,1000.03313301984,307.451248406959,0,0,0,0,1,1,113.924339192925,37.5149755045907
257.973630498797,3,12,41,245.247774594051,2.49797017813542,2,0,1000.03313301984,307.451248406959,0,0,0,0,1,1,113.924339192925,37.5149755045907
8.28871854966789,2,12,41,245.247774594051,2.45998025273802,2,0,1000.03313301984,307.451248406959,0,0,0,0,1,1,113.924339192925,37.5149755045907
261.834062538054,3,12,41,245.247774594051,2.40007476021916,2,0,1000.03313301984,307.451248406959,0,0,0,0,1,1,113.924339192925,37.5149755045907
40.8414676508271,2,12,41,245.247774594051,2.37240955184767,2,0,1000.03313301984,307.451248406959,0,0,0,0,1,1,113.924339192925,37.5149755045907
256.397503146894,3,12,41,245.247774594051,2.34622532560879,2,0,1000.03313301984,307.451248406959,0,0,0,0,1,1,113.924339192925,37.5149755045907
239.268680230625,3,12,41,245.247774594051,2.31770149799904,2,0,1000.03313301984,307.451248406959,0,0,0,0,1,1,113.924339192925,37.5149755045907
274.691837196775,3,12,41,245.247774594051,2.30308076010333,2,0,1000.03313301984,307.451248406959,0,0,0,0,1,1,113.924339192925,37.5149755045907
241.566489425949,3,12,41,245.247774594051,2.27557147959917,2,0,1000.03313301984,307.451248406959,0,0,0,0,1,1,113.924339192925,37.5149755045907
263.174626471891,3,12,41,245.247774594051,2.43081780220698,3,0,1000.03313301984,307.451248406959,0,0,0,0,1,1,113.924339192925,37.5149755045907
12.0744893220053,2,12,41,245.247774594051,2.40379252994891,3,0,1000.03313301984,307.451248406959,0,0,0,0,1,1,113.924339192925,37.5149755045907
10.4688371524647,2,12,41,245.247774594051,2.56863470022407,1,0,1000.03313301984,307.451248406959,0,0,0,0,1,1,113.924339192925,37.5149755045907
220.132852674386,2,12,41,245.247774594051,2.16220500573576,2,0,1000.03313301984,307.451248406959,0,0,0,0,1,1,113.924339192925,37.5149755045907
216.753030385716,2,12,41,245.247774594051,2.31372709980278,3,0,1000.03313301984,307.451248406959,0,0,0,19.4169544508442,1,1,113.924339192925,37.5149755045907
23.6945490014437,1,10,42,102.290130306733,2.11358206452205,2,0.0440845867856313,1040.69477525485,398.822717369154,1.1520959473766,0,6372.67757635174,228.511506332845,20002114377.7917,3,114.519742503915,38.336698866613
102.343312709963,2,12,41,245.247774594051,2.1061782308823,2,0,1000.03313301984,307.451248406959,1.1520959473766,1.1520959473766,19282.9241984158,0,1,1,113.924339192925,37.5149755045907
457.829505332087,2,12,41,245.247774594051,2.27062064096166,3,0,1000.03313301984,307.451248406959,0,0,0,40.9623688445679,1,1,113.924339192925,37.5149755045907
20.4881007096482,1,10,42,102.290130306733,2.26846786199067,3,0.0440845867856313,1040.69477525485,398.822717369154,1.1520959473766,0,10405.3461558348,0,20002114377.7917,3,114.519742503915,38.336698866613
251.93692448318,3,12,41,245.247774594051,2.23464650313603,3,0,1000.03313301984,307.451248406959,1.1520959473766,1.1520959473766,1537.96145156224,0,1,1,113.924339192925,37.5149755045907
263.489064877189,3,12,41,245.247774594051,2.58283490330387,1,0,1000.03313301984,307.451248406959,0,0,0,0,1,1,113.924339192925,37.5149755045907
277.414701892359,3,12,41,245.247774594051,2.55867942526726,1,0,1000.03313301984,307.451248406959,0,0,0,0,1,1,113.924339192925,37.5149755045907
231.793549701367,3,12,41,245.247774594051,2.09458234265984,3,0,1000.03313301984,307.451248406959,0,0,0,0,1,1,113.924339192925,37.5149755045907
249.342278955639,3,12,41,245.247774594051,2.53543279137003,1,0,1000.03313301984,307.451248406959,0,0,0,10.33874112793,1,1,113.924339192925,37.5149755045907
23.6440053107878,1,10,42,286.556125482022,2.05335896970091,3,0.0440845867856313,1032.75926606599,378.580291757663,1.13957899633415,0,1960.19216142009,0,1.15036159902713,3,114.399314089672,38.1546543595268
19.4222244541402,1,10,42,482.178271595288,2.036086289935,3,0.0440845867856313,1030.75916755303,373.478307196803,1.19718498547302,0.0619383354347851,158.704512428285,5.33788773416079,1.00012482705154,3,114.369030588757,38.1087711100404
264.242963266563,3,12,41,245.247774594051,1.78240254898243,2,0,1000.03313301984,307.451248406959,1.13524665003823,1.13524665003823,822.241228035843,0,1,1,113.924339192925,37.5149755045907
258.038938661139,3,12,41,245.247774594051,1.74485545591634,2,0,1000.03313301984,307.451248406959,0,0,0,0,1,1,113.924339192925,37.5149755045907
220.298673023681,2,12,41,245.247774594051,2.43836805305392,1,0,1000.03313301984,307.451248406959,0,0,0,0,1,1,113.924339192925,37.5149755045907
20.0360493446113,2,12,41,245.247774594051,2.40235819903489,1,0,1000.03313301984,307.451248406959,0,0,0,0,1,1,113.924339192925,37.5149755045907
221.183286780073,2,12,41,245.247774594051,2.3834976591224,1,0,1000.03313301984,307.451248406959,0,0,0,0,1,1,113.924339192925,37.5149755045907
262.232216173841,3,12,41,245.247774594051,2.3764196115201,1,0,1000.03313301984,307.451248406959,0,0,0,0,1,1,113.924339192925,37.5149755045907
99.8971425550751,2,12,41,245.247774594051,1.79427328754814,3,0,1000.03313301984,307.451248406959,0,0,0,0,1,1,113.924339192925,37.5149755045907
218.797965089548,2,12,41,245.247774594051,1.7673174889274,3,0,1000.03313301984,307.451248406959,0,0,0,0,1,1,113.924339192925,37.5149755045907
193.507329650014,3,12,41,245.247774594051,2.42775680677942,2,0,1000.03313301984,307.451248406959,0,0.337394046462442,0,0.549835673541178,1,1,113.924339192925,37.5149755045907
19.9997078798259,1,12,41,614.492410026082,1.72677533337501,8,0.0813978261309814,969.930836835403,318.011360753715,-0.337394046462442,0,239.060089405838,0.606914670336237,6380169929.87469,3,113.594550135646,37.6099448765343
265.033719261698,3,12,41,245.247774594051,2.15014680454785,1,0,1000.03313301984,307.451248406959,-0.337394046462442,0,530.618321929954,0,1,1,113.924339192925,37.5149755045907
251.352855727254,3,12,41,245.247774594051,1.82056751215069,8,0,1000.03313301984,307.451248406959,0,0,0,0,1,1,113.924339192925,37.5149755045907
248.397943975649,3,12,41,245.247774594051,2.07040036971916,1,0,1000.03313301984,307.451248406959,0,0,0,0,1,1,113.924339192925,37.5149755045907
222.624894185853,2,12,41,245.247774594051,2.03600640843107,1,0,1000.03313301984,307.451248406959,0,0,0,0,1,1,113.924339192925,37.5149755045907
209.705441807987,2,12,41,245.247774594051,2.2119598037959,2,0,1000.03313301984,307.451248406959,0,0,0,0,1,1,113.924339192925,37.5149755045907
268.708265642092,3,12,41,245.247774594051,1.92961353381541,8,0,1000.03313301984,307.451248406959,0,0,0,0,1,1,113.924339192925,37.5149755045907
258.999572136322,3,12,41,245.247774594051,1.92870863920882,1,0,1000.03313301984,307.451248406959,0,0,0,0,1,1,113.924339192925,37.5149755045907
109.126398867453,2,12,41,245.247774594051,2.06815538998012,2,0,1000.03313301984,307.451248406959,0,0.762076594650978,0,0.750118627524615,1,1,113.924339192925,37.5149755045907
0,3,12,41,612.895773680463,2.09714278942224,8,0.0635324339303035,972.535751876939,333.695073048462,-0.762076594650978,0,346.910242895557,2.56170942457609,7602221521.45579,3,113.645341388405,37.7509918898111
194.208134299833,3,12,41,245.247774594051,1.99865177039792,2,0,1000.03313301984,307.451248406959,-0.762076594650978,0.413800481093252,1357.38569735382,0,4.80507458019363,1,113.924339192925,37.5149755045907
19.116906868446,1,11,41,220.066273948575,1.77846859076813,1,0.0635324339303035,984.37781392765,345.010458261453,-1.17587707574423,0,933.083439475453,0,8138263354.72698,3,113.796384152337,37.8527535938245
253.07402623727,3,12,41,245.247774594051,2.21199612448672,8,0,1000.03313301984,307.451248406959,-1.17587707574423,0,255.583722896827,0,1,1,113.924339192925,37.5149755045907
97.5325975185914,2,12,41,245.247774594051,1.67193855036253,1,0,1000.03313301984,307.451248406959,0,0,0,0,1,1,113.924339192925,37.5149755045907
